stage,data_idx,model_idx,threshold,n_rows,n_features,data_config,model_config,nb_windows,total_trades,hit_rate,avg_trade_return,strategy_factor,market_factor,max_drawdown,objective_score
stage2,2547,51,0.52,74772,27,"{""atr_period"": 14, ""horizon_h"": 6, ""ma_windows"": [8, 24, 96], ""mtf_intervals"": [""4h"", ""1d""], ""ret_windows"": [1, 3, 6, 12, 24], ""rsi_period"": 21, ""target_threshold"": 0.0025, ""vol_windows"": [24, 48]}","{""colsample_bytree"": 0.7, ""gamma"": 0.2, ""learning_rate"": 0.07, ""max_depth"": 5, ""min_child_weight"": 5, ""n_estimators"": 250, ""subsample"": 0.7}",4,7677,0.7178585384915983,0.009033163862999903,5.11668638645703e+29,2192.578913547333,0.18028758971121261,68.56388308305736
stage2,2547,51,0.55,74772,27,"{""atr_period"": 14, ""horizon_h"": 6, ""ma_windows"": [8, 24, 96], ""mtf_intervals"": [""4h"", ""1d""], ""ret_windows"": [1, 3, 6, 12, 24], ""rsi_period"": 21, ""target_threshold"": 0.0025, ""vol_windows"": [24, 48]}","{""colsample_bytree"": 0.7, ""gamma"": 0.2, ""learning_rate"": 0.07, ""max_depth"": 5, ""min_child_weight"": 5, ""n_estimators"": 250, ""subsample"": 0.7}",4,6870,0.7394468704512372,0.009707209751255162,3.7408227640007667e+28,2192.578913547333,0.134921026566307,65.9934428425278
stage2,2547,51,0.58,74772,27,"{""atr_period"": 14, ""horizon_h"": 6, ""ma_windows"": [8, 24, 96], ""mtf_intervals"": [""4h"", ""1d""], ""ret_windows"": [1, 3, 6, 12, 24], ""rsi_period"": 21, ""target_threshold"": 0.0025, ""vol_windows"": [24, 48]}","{""colsample_bytree"": 0.7, ""gamma"": 0.2, ""learning_rate"": 0.07, ""max_depth"": 5, ""min_child_weight"": 5, ""n_estimators"": 250, ""subsample"": 0.7}",4,6086,0.7602694709168584,0.010469556209729912,1.9879526997067303e+27,2192.578913547333,0.12517964457226682,63.086285030011695
stage2,2547,51,0.6,74772,27,"{""atr_period"": 14, ""horizon_h"": 6, ""ma_windows"": [8, 24, 96], ""mtf_intervals"": [""4h"", ""1d""], ""ret_windows"": [1, 3, 6, 12, 24], ""rsi_period"": 21, ""target_threshold"": 0.0025, ""vol_windows"": [24, 48]}","{""colsample_bytree"": 0.7, ""gamma"": 0.2, ""learning_rate"": 0.07, ""max_depth"": 5, ""min_child_weight"": 5, ""n_estimators"": 250, ""subsample"": 0.7}",4,5608,0.770506419400856,0.010919297038727342,1.711367722483756e+26,2192.578913547333,0.1272242580375954,60.64465268918154
stage2,2547,51,0.62,74772,27,"{""atr_period"": 14, ""horizon_h"": 6, ""ma_windows"": [8, 24, 96], ""mtf_intervals"": [""4h"", ""1d""], ""ret_windows"": [1, 3, 6, 12, 24], ""rsi_period"": 21, ""target_threshold"": 0.0025, ""vol_windows"": [24, 48]}","{""colsample_bytree"": 0.7, ""gamma"": 0.2, ""learning_rate"": 0.07, ""max_depth"": 5, ""min_child_weight"": 5, ""n_estimators"": 250, ""subsample"": 0.7}",4,5150,0.7788349514563107,0.011395686596223855,1.3762626853728909e+25,2192.578913547333,0.07867643503495148,58.15889418762711
stage2,2547,51,0.65,74772,27,"{""atr_period"": 14, ""horizon_h"": 6, ""ma_windows"": [8, 24, 96], ""mtf_intervals"": [""4h"", ""1d""], ""ret_windows"": [1, 3, 6, 12, 24], ""rsi_period"": 21, ""target_threshold"": 0.0025, ""vol_windows"": [24, 48]}","{""colsample_bytree"": 0.7, ""gamma"": 0.2, ""learning_rate"": 0.07, ""max_depth"": 5, ""min_child_weight"": 5, ""n_estimators"": 250, ""subsample"": 0.7}",4,4494,0.796617712505563,0.012219017265642802,3.281296746626235e+23,2192.578913547333,0.06226179802632248,54.451611241826654
stage2,2547,58,0.52,74772,27,"{""atr_period"": 14, ""horizon_h"": 6, ""ma_windows"": [8, 24, 96], ""mtf_intervals"": [""4h"", ""1d""], ""ret_windows"": [1, 3, 6, 12, 24], ""rsi_period"": 21, ""target_threshold"": 0.0025, ""vol_windows"": [24, 48]}","{""colsample_bytree"": 0.7, ""gamma"": 0.0, ""learning_rate"": 0.07, ""max_depth"": 5, ""min_child_weight"": 5, ""n_estimators"": 250, ""subsample"": 1.0}",4,7689,0.71686825334894,0.008985255253532713,3.9449261130601215e+29,2192.578913547333,0.23914296309673122,68.2732030848465
stage2,2547,58,0.55,74772,27,"{""atr_period"": 14, ""horizon_h"": 6, ""ma_windows"": [8, 24, 96], ""mtf_intervals"": [""4h"", ""1d""], ""ret_windows"": [1, 3, 6, 12, 24], ""rsi_period"": 21, ""target_threshold"": 0.0025, ""vol_windows"": [24, 48]}","{""colsample_bytree"": 0.7, ""gamma"": 0.0, ""learning_rate"": 0.07, ""max_depth"": 5, ""min_child_weight"": 5, ""n_estimators"": 250, ""subsample"": 1.0}",4,6857,0.7341402945894706,0.009641918306672308,2.109266346290597e+28,2192.578913547333,0.14489499514350934,65.41072287223186
stage2,2547,58,0.58,74772,27,"{""atr_period"": 14, ""horizon_h"": 6, ""ma_windows"": [8, 24, 96], ""mtf_intervals"": [""4h"", ""1d""], ""ret_windows"": [1, 3, 6, 12, 24], ""rsi_period"": 21, ""target_threshold"": 0.0025, ""vol_windows"": [24, 48]}","{""colsample_bytree"": 0.7, ""gamma"": 0.0, ""learning_rate"": 0.07, ""max_depth"": 5, ""min_child_weight"": 5, ""n_estimators"": 250, ""subsample"": 1.0}",4,6061,0.7553209041412308,0.010371397091112013,8.50207768996875e+26,2192.578913547333,0.12472793074441924,62.232386920255955
stage2,2547,58,0.6,74772,27,"{""atr_period"": 14, ""horizon_h"": 6, ""ma_windows"": [8, 24, 96], ""mtf_intervals"": [""4h"", ""1d""], ""ret_windows"": [1, 3, 6, 12, 24], ""rsi_period"": 21, ""target_threshold"": 0.0025, ""vol_windows"": [24, 48]}","{""colsample_bytree"": 0.7, ""gamma"": 0.0, ""learning_rate"": 0.07, ""max_depth"": 5, ""min_child_weight"": 5, ""n_estimators"": 250, ""subsample"": 1.0}",4,5568,0.7665229885057471,0.010866514829049607,8.274473551159677e+25,2192.578913547333,0.12553153167695374,59.9151873684938
stage2,2547,58,0.62,74772,27,"{""atr_period"": 14, ""horizon_h"": 6, ""ma_windows"": [8, 24, 96], ""mtf_intervals"": [""4h"", ""1d""], ""ret_windows"": [1, 3, 6, 12, 24], ""rsi_period"": 21, ""target_threshold"": 0.0025, ""vol_windows"": [24, 48]}","{""colsample_bytree"": 0.7, ""gamma"": 0.0, ""learning_rate"": 0.07, ""max_depth"": 5, ""min_child_weight"": 5, ""n_estimators"": 250, ""subsample"": 1.0}",4,5115,0.7798631476050831,0.011446858398040697,1.2006328090964868e+25,2192.578913547333,0.11070660271280575,58.00758816747547
stage2,2547,58,0.65,74772,27,"{""atr_period"": 14, ""horizon_h"": 6, ""ma_windows"": [8, 24, 96], ""mtf_intervals"": [""4h"", ""1d""], ""ret_windows"": [1, 3, 6, 12, 24], ""rsi_period"": 21, ""target_threshold"": 0.0025, ""vol_windows"": [24, 48]}","{""colsample_bytree"": 0.7, ""gamma"": 0.0, ""learning_rate"": 0.07, ""max_depth"": 5, ""min_child_weight"": 5, ""n_estimators"": 250, ""subsample"": 1.0}",4,4398,0.8005911778080946,0.012404823178233344,2.303852592054647e+23,2192.578913547333,0.10590710498058986,54.08079787568904
stage2,2547,50,0.52,74772,27,"{""atr_period"": 14, ""horizon_h"": 6, ""ma_windows"": [8, 24, 96], ""mtf_intervals"": [""4h"", ""1d""], ""ret_windows"": [1, 3, 6, 12, 24], ""rsi_period"": 21, ""target_threshold"": 0.0025, ""vol_windows"": [24, 48]}","{""colsample_bytree"": 0.7, ""gamma"": 0.0, ""learning_rate"": 0.07, ""max_depth"": 5, ""min_child_weight"": 5, ""n_estimators"": 250, ""subsample"": 0.7}",4,7676,0.7184731631057842,0.009045521193598135,5.588605784957924e+29,2192.578913547333,0.15794009483372584,68.66387019315147
stage2,2547,50,0.55,74772,27,"{""atr_period"": 14, ""horizon_h"": 6, ""ma_windows"": [8, 24, 96], ""mtf_intervals"": [""4h"", ""1d""], ""ret_windows"": [1, 3, 6, 12, 24], ""rsi_period"": 21, ""target_threshold"": 0.0025, ""vol_windows"": [24, 48]}","{""colsample_bytree"": 0.7, ""gamma"": 0.0, ""learning_rate"": 0.07, ""max_depth"": 5, ""min_child_weight"": 5, ""n_estimators"": 250, ""subsample"": 0.7}",4,6872,0.7385040745052387,0.009726402843178265,4.330837018973769e+28,2192.578913547333,0.14309666841894875,66.13520958222878
stage2,2547,50,0.58,74772,27,"{""atr_period"": 14, ""horizon_h"": 6, ""ma_windows"": [8, 24, 96], ""mtf_intervals"": [""4h"", ""1d""], ""ret_windows"": [1, 3, 6, 12, 24], ""rsi_period"": 21, ""target_threshold"": 0.0025, ""vol_windows"": [24, 48]}","{""colsample_bytree"": 0.7, ""gamma"": 0.0, ""learning_rate"": 0.07, ""max_depth"": 5, ""min_child_weight"": 5, ""n_estimators"": 250, ""subsample"": 0.7}",4,6085,0.7590797041906328,0.010455474844048164,1.8066919169176042e+27,2192.578913547333,0.1292668953116345,62.987569128127745
stage2,2547,50,0.6,74772,27,"{""atr_period"": 14, ""horizon_h"": 6, ""ma_windows"": [8, 24, 96], ""mtf_intervals"": [""4h"", ""1d""], ""ret_windows"": [1, 3, 6, 12, 24], ""rsi_period"": 21, ""target_threshold"": 0.0025, ""vol_windows"": [24, 48]}","{""colsample_bytree"": 0.7, ""gamma"": 0.0, ""learning_rate"": 0.07, ""max_depth"": 5, ""min_child_weight"": 5, ""n_estimators"": 250, ""subsample"": 0.7}",4,5593,0.7711424995530127,0.010940105076668514,1.632254915936088e+26,2192.578913547333,0.1101454195747672,60.60653699114802
stage2,2547,50,0.62,74772,27,"{""atr_period"": 14, ""horizon_h"": 6, ""ma_windows"": [8, 24, 96], ""mtf_intervals"": [""4h"", ""1d""], ""ret_windows"": [1, 3, 6, 12, 24], ""rsi_period"": 21, ""target_threshold"": 0.0025, ""vol_windows"": [24, 48]}","{""colsample_bytree"": 0.7, ""gamma"": 0.0, ""learning_rate"": 0.07, ""max_depth"": 5, ""min_child_weight"": 5, ""n_estimators"": 250, ""subsample"": 0.7}",4,5155,0.7821532492725509,0.011449542085133376,1.9201713167369737e+25,2192.578913547333,0.0786764350349517,58.495022452959105
stage2,2547,50,0.65,74772,27,"{""atr_period"": 14, ""horizon_h"": 6, ""ma_windows"": [8, 24, 96], ""mtf_intervals"": [""4h"", ""1d""], ""ret_windows"": [1, 3, 6, 12, 24], ""rsi_period"": 21, ""target_threshold"": 0.0025, ""vol_windows"": [24, 48]}","{""colsample_bytree"": 0.7, ""gamma"": 0.0, ""learning_rate"": 0.07, ""max_depth"": 5, ""min_child_weight"": 5, ""n_estimators"": 250, ""subsample"": 0.7}",4,4499,0.7943987552789509,0.01219999239627301,3.207184622111451e+23,2192.578913547333,0.07867643503495148,54.418631352271724
stage2,2547,48,0.52,74772,27,"{""atr_period"": 14, ""horizon_h"": 6, ""ma_windows"": [8, 24, 96], ""mtf_intervals"": [""4h"", ""1d""], ""ret_windows"": [1, 3, 6, 12, 24], ""rsi_period"": 21, ""target_threshold"": 0.0025, ""vol_windows"": [24, 48]}","{""colsample_bytree"": 0.7, ""gamma"": 0.0, ""learning_rate"": 0.07, ""max_depth"": 5, ""min_child_weight"": 1, ""n_estimators"": 250, ""subsample"": 0.7}",4,7665,0.7149380300065231,0.00897934171605,3.0449726581383757e+29,2192.578913547333,0.17056980293799773,68.04695987494858
stage2,2547,48,0.55,74772,27,"{""atr_period"": 14, ""horizon_h"": 6, ""ma_windows"": [8, 24, 96], ""mtf_intervals"": [""4h"", ""1d""], ""ret_windows"": [1, 3, 6, 12, 24], ""rsi_period"": 21, ""target_threshold"": 0.0025, ""vol_windows"": [24, 48]}","{""colsample_bytree"": 0.7, ""gamma"": 0.0, ""learning_rate"": 0.07, ""max_depth"": 5, ""min_child_weight"": 1, ""n_estimators"": 250, ""subsample"": 0.7}",4,6872,0.7329743888242142,0.009641544859058673,2.4195016614109553e+28,2192.578913547333,0.16090851168293152,65.53900181185
stage2,2547,48,0.58,74772,27,"{""atr_period"": 14, ""horizon_h"": 6, ""ma_windows"": [8, 24, 96], ""mtf_intervals"": [""4h"", ""1d""], ""ret_windows"": [1, 3, 6, 12, 24], ""rsi_period"": 21, ""target_threshold"": 0.0025, ""vol_windows"": [24, 48]}","{""colsample_bytree"": 0.7, ""gamma"": 0.0, ""learning_rate"": 0.07, ""max_depth"": 5, ""min_child_weight"": 1, ""n_estimators"": 250, ""subsample"": 0.7}",4,6088,0.7573915900131406,0.010445394091606074,1.7524427044740023e+27,2192.578913547333,0.10401389100808422,62.96827763587528
stage2,2547,48,0.6,74772,27,"{""atr_period"": 14, ""horizon_h"": 6, ""ma_windows"": [8, 24, 96], ""mtf_intervals"": [""4h"", ""1d""], ""ret_windows"": [1, 3, 6, 12, 24], ""rsi_period"": 21, ""target_threshold"": 0.0025, ""vol_windows"": [24, 48]}","{""colsample_bytree"": 0.7, ""gamma"": 0.0, ""learning_rate"": 0.07, ""max_depth"": 5, ""min_child_weight"": 1, ""n_estimators"": 250, ""subsample"": 0.7}",4,5594,0.7690382552735073,0.010924067440297404,1.500745604027888e+26,2192.578913547333,0.10349062153486244,60.52405230478098
stage2,2547,48,0.62,74772,27,"{""atr_period"": 14, ""horizon_h"": 6, ""ma_windows"": [8, 24, 96], ""mtf_intervals"": [""4h"", ""1d""], ""ret_windows"": [1, 3, 6, 12, 24], ""rsi_period"": 21, ""target_threshold"": 0.0025, ""vol_windows"": [24, 48]}","{""colsample_bytree"": 0.7, ""gamma"": 0.0, ""learning_rate"": 0.07, ""max_depth"": 5, ""min_child_weight"": 1, ""n_estimators"": 250, ""subsample"": 0.7}",4,5146,0.7780800621842208,0.011425776552989922,1.5268807171969244e+25,2192.578913547333,0.062219571638881366,58.27061470860371
stage2,2547,48,0.65,74772,27,"{""atr_period"": 14, ""horizon_h"": 6, ""ma_windows"": [8, 24, 96], ""mtf_intervals"": [""4h"", ""1d""], ""ret_windows"": [1, 3, 6, 12, 24], ""rsi_period"": 21, ""target_threshold"": 0.0025, ""vol_windows"": [24, 48]}","{""colsample_bytree"": 0.7, ""gamma"": 0.0, ""learning_rate"": 0.07, ""max_depth"": 5, ""min_child_weight"": 1, ""n_estimators"": 250, ""subsample"": 0.7}",4,4498,0.7981325033348154,0.0122580190061769,4.0949050714524794e+23,2192.578913547333,0.06221957163888148,54.674661043222734
stage2,2547,57,0.52,74772,27,"{""atr_period"": 14, ""horizon_h"": 6, ""ma_windows"": [8, 24, 96], ""mtf_intervals"": [""4h"", ""1d""], ""ret_windows"": [1, 3, 6, 12, 24], ""rsi_period"": 21, ""target_threshold"": 0.0025, ""vol_windows"": [24, 48]}","{""colsample_bytree"": 0.7, ""gamma"": 0.2, ""learning_rate"": 0.07, ""max_depth"": 5, ""min_child_weight"": 1, ""n_estimators"": 250, ""subsample"": 1.0}",4,7688,0.7148803329864725,0.008915466560463029,2.2957473870031e+29,2192.578913547333,0.21341759416310058,67.74254534794072
stage2,2547,57,0.55,74772,27,"{""atr_period"": 14, ""horizon_h"": 6, ""ma_windows"": [8, 24, 96], ""mtf_intervals"": [""4h"", ""1d""], ""ret_windows"": [1, 3, 6, 12, 24], ""rsi_period"": 21, ""target_threshold"": 0.0025, ""vol_windows"": [24, 48]}","{""colsample_bytree"": 0.7, ""gamma"": 0.2, ""learning_rate"": 0.07, ""max_depth"": 5, ""min_child_weight"": 1, ""n_estimators"": 250, ""subsample"": 1.0}",4,6863,0.7321870901937928,0.009591473187538254,1.5855619845956971e+28,2192.578913547333,0.15794009483372573,65.11683292297158
stage2,2547,57,0.58,74772,27,"{""atr_period"": 14, ""horizon_h"": 6, ""ma_windows"": [8, 24, 96], ""mtf_intervals"": [""4h"", ""1d""], ""ret_windows"": [1, 3, 6, 12, 24], ""rsi_period"": 21, ""target_threshold"": 0.0025, ""vol_windows"": [24, 48]}","{""colsample_bytree"": 0.7, ""gamma"": 0.2, ""learning_rate"": 0.07, ""max_depth"": 5, ""min_child_weight"": 1, ""n_estimators"": 250, ""subsample"": 1.0}",4,6068,0.7511535926170072,0.01033293391613416,7.24059541658296e+26,2192.578913547333,0.14489499514350945,62.05805470857175
stage2,2547,57,0.6,74772,27,"{""atr_period"": 14, ""horizon_h"": 6, ""ma_windows"": [8, 24, 96], ""mtf_intervals"": [""4h"", ""1d""], ""ret_windows"": [1, 3, 6, 12, 24], ""rsi_period"": 21, ""target_threshold"": 0.0025, ""vol_windows"": [24, 48]}","{""colsample_bytree"": 0.7, ""gamma"": 0.2, ""learning_rate"": 0.07, ""max_depth"": 5, ""min_child_weight"": 1, ""n_estimators"": 250, ""subsample"": 1.0}",4,5614,0.7627360171001069,0.010866866787121583,1.3657868741600156e+26,2192.578913547333,0.07633729846805726,60.437898243719346
stage2,2547,57,0.62,74772,27,"{""atr_period"": 14, ""horizon_h"": 6, ""ma_windows"": [8, 24, 96], ""mtf_intervals"": [""4h"", ""1d""], ""ret_windows"": [1, 3, 6, 12, 24], ""rsi_period"": 21, ""target_threshold"": 0.0025, ""vol_windows"": [24, 48]}","{""colsample_bytree"": 0.7, ""gamma"": 0.2, ""learning_rate"": 0.07, ""max_depth"": 5, ""min_child_weight"": 1, ""n_estimators"": 250, ""subsample"": 1.0}",4,5137,0.7773019271948608,0.011428544287924948,1.4081108646090417e+25,2192.578913547333,0.07555929230209912,58.182366568464396
stage2,2547,57,0.65,74772,27,"{""atr_period"": 14, ""horizon_h"": 6, ""ma_windows"": [8, 24, 96], ""mtf_intervals"": [""4h"", ""1d""], ""ret_windows"": [1, 3, 6, 12, 24], ""rsi_period"": 21, ""target_threshold"": 0.0025, ""vol_windows"": [24, 48]}","{""colsample_bytree"": 0.7, ""gamma"": 0.2, ""learning_rate"": 0.07, ""max_depth"": 5, ""min_child_weight"": 1, ""n_estimators"": 250, ""subsample"": 1.0}",4,4478,0.7983474765520322,0.012307952115266856,4.038807211298182e+23,2192.578913547333,0.06741733599702537,54.65883947267987
stage2,2547,61,0.52,74772,27,"{""atr_period"": 14, ""horizon_h"": 6, ""ma_windows"": [8, 24, 96], ""mtf_intervals"": [""4h"", ""1d""], ""ret_windows"": [1, 3, 6, 12, 24], ""rsi_period"": 21, ""target_threshold"": 0.0025, ""vol_windows"": [24, 48]}","{""colsample_bytree"": 1.0, ""gamma"": 0.2, ""learning_rate"": 0.07, ""max_depth"": 5, ""min_child_weight"": 1, ""n_estimators"": 250, ""subsample"": 1.0}",4,7687,0.719526473266554,0.00898053717413888,3.744113634839538e+29,2192.578913547333,0.16102467557362332,68.2621057443874
stage2,2547,61,0.55,74772,27,"{""atr_period"": 14, ""horizon_h"": 6, ""ma_windows"": [8, 24, 96], ""mtf_intervals"": [""4h"", ""1d""], ""ret_windows"": [1, 3, 6, 12, 24], ""rsi_period"": 21, ""target_threshold"": 0.0025, ""vol_windows"": [24, 48]}","{""colsample_bytree"": 1.0, ""gamma"": 0.2, ""learning_rate"": 0.07, ""max_depth"": 5, ""min_child_weight"": 1, ""n_estimators"": 250, ""subsample"": 1.0}",4,6836,0.7393212404915155,0.009735445388311491,3.260328682457205e+28,2192.578913547333,0.12741562242257776,65.85984336125767
stage2,2547,61,0.58,74772,27,"{""atr_period"": 14, ""horizon_h"": 6, ""ma_windows"": [8, 24, 96], ""mtf_intervals"": [""4h"", ""1d""], ""ret_windows"": [1, 3, 6, 12, 24], ""rsi_period"": 21, ""target_threshold"": 0.0025, ""vol_windows"": [24, 48]}","{""colsample_bytree"": 1.0, ""gamma"": 0.2, ""learning_rate"": 0.07, ""max_depth"": 5, ""min_child_weight"": 1, ""n_estimators"": 250, ""subsample"": 1.0}",4,6142,0.755454249430153,0.010382977518600473,2.1058754344427683e+27,2192.578913547333,0.11227081601199784,63.14582058655073
stage2,2547,61,0.6,74772,27,"{""atr_period"": 14, ""horizon_h"": 6, ""ma_windows"": [8, 24, 96], ""mtf_intervals"": [""4h"", ""1d""], ""ret_windows"": [1, 3, 6, 12, 24], ""rsi_period"": 21, ""target_threshold"": 0.0025, ""vol_windows"": [24, 48]}","{""colsample_bytree"": 1.0, ""gamma"": 0.2, ""learning_rate"": 0.07, ""max_depth"": 5, ""min_child_weight"": 1, ""n_estimators"": 250, ""subsample"": 1.0}",4,5633,0.7695721640333748,0.010885521685429781,1.863505259203809e+26,2192.578913547333,0.10590710498059008,60.73946003221653
stage2,2547,61,0.62,74772,27,"{""atr_period"": 14, ""horizon_h"": 6, ""ma_windows"": [8, 24, 96], ""mtf_intervals"": [""4h"", ""1d""], ""ret_windows"": [1, 3, 6, 12, 24], ""rsi_period"": 21, ""target_threshold"": 0.0025, ""vol_windows"": [24, 48]}","{""colsample_bytree"": 1.0, ""gamma"": 0.2, ""learning_rate"": 0.07, ""max_depth"": 5, ""min_child_weight"": 1, ""n_estimators"": 250, ""subsample"": 1.0}",4,5181,0.7824744257865277,0.011431473919252226,2.3535210699887156e+25,2192.578913547333,0.06210814510289209,58.70691711872088
stage2,2547,61,0.65,74772,27,"{""atr_period"": 14, ""horizon_h"": 6, ""ma_windows"": [8, 24, 96], ""mtf_intervals"": [""4h"", ""1d""], ""ret_windows"": [1, 3, 6, 12, 24], ""rsi_period"": 21, ""target_threshold"": 0.0025, ""vol_windows"": [24, 48]}","{""colsample_bytree"": 1.0, ""gamma"": 0.2, ""learning_rate"": 0.07, ""max_depth"": 5, ""min_child_weight"": 1, ""n_estimators"": 250, ""subsample"": 1.0}",4,4497,0.8014231710028908,0.012256472008430608,4.0376173254248736e+23,2192.578913547333,0.06210814510289209,54.66324812623669
stage2,2547,38,0.52,74772,27,"{""atr_period"": 14, ""horizon_h"": 6, ""ma_windows"": [8, 24, 96], ""mtf_intervals"": [""4h"", ""1d""], ""ret_windows"": [1, 3, 6, 12, 24], ""rsi_period"": 21, ""target_threshold"": 0.0025, ""vol_windows"": [24, 48]}","{""colsample_bytree"": 1.0, ""gamma"": 0.0, ""learning_rate"": 0.03, ""max_depth"": 5, ""min_child_weight"": 5, ""n_estimators"": 250, ""subsample"": 0.7}",4,7199,0.7249618002500348,0.009354014749697721,7.138171601403444e+28,2192.578913547333,0.14908975800558932,66.61809594835114
stage2,2547,38,0.55,74772,27,"{""atr_period"": 14, ""horizon_h"": 6, ""ma_windows"": [8, 24, 96], ""mtf_intervals"": [""4h"", ""1d""], ""ret_windows"": [1, 3, 6, 12, 24], ""rsi_period"": 21, ""target_threshold"": 0.0025, ""vol_windows"": [24, 48]}","{""colsample_bytree"": 1.0, ""gamma"": 0.0, ""learning_rate"": 0.03, ""max_depth"": 5, ""min_child_weight"": 5, ""n_estimators"": 250, ""subsample"": 0.7}",4,6361,0.7453230624115705,0.010124143086598423,3.897196730870251e+27,2192.578913547333,0.14489499514350945,63.73485911561758
stage2,2547,38,0.58,74772,27,"{""atr_period"": 14, ""horizon_h"": 6, ""ma_windows"": [8, 24, 96], ""mtf_intervals"": [""4h"", ""1d""], ""ret_windows"": [1, 3, 6, 12, 24], ""rsi_period"": 21, ""target_threshold"": 0.0025, ""vol_windows"": [24, 48]}","{""colsample_bytree"": 1.0, ""gamma"": 0.0, ""learning_rate"": 0.03, ""max_depth"": 5, ""min_child_weight"": 5, ""n_estimators"": 250, ""subsample"": 0.7}",4,5613,0.7644753251380724,0.010903431282679888,1.6470689010034168e+26,2192.578913547333,0.14489499514350945,60.59256991521196
stage2,2547,38,0.6,74772,27,"{""atr_period"": 14, ""horizon_h"": 6, ""ma_windows"": [8, 24, 96], ""mtf_intervals"": [""4h"", ""1d""], ""ret_windows"": [1, 3, 6, 12, 24], ""rsi_period"": 21, ""target_threshold"": 0.0025, ""vol_windows"": [24, 48]}","{""colsample_bytree"": 1.0, ""gamma"": 0.0, ""learning_rate"": 0.03, ""max_depth"": 5, ""min_child_weight"": 5, ""n_estimators"": 250, ""subsample"": 0.7}",4,5116,0.7802971071149335,0.011565019953034465,2.2126138390931387e+25,2192.578913547333,0.0605660138745191,58.64527671250387
stage2,2547,38,0.62,74772,27,"{""atr_period"": 14, ""horizon_h"": 6, ""ma_windows"": [8, 24, 96], ""mtf_intervals"": [""4h"", ""1d""], ""ret_windows"": [1, 3, 6, 12, 24], ""rsi_period"": 21, ""target_threshold"": 0.0025, ""vol_windows"": [24, 48]}","{""colsample_bytree"": 1.0, ""gamma"": 0.0, ""learning_rate"": 0.03, ""max_depth"": 5, ""min_child_weight"": 5, ""n_estimators"": 250, ""subsample"": 0.7}",4,4635,0.7956850053937432,0.012235869633533087,1.9466074518051298e+24,2192.578913547333,0.0621081451028922,56.23151120980502
stage2,2547,38,0.65,74772,27,"{""atr_period"": 14, ""horizon_h"": 6, ""ma_windows"": [8, 24, 96], ""mtf_intervals"": [""4h"", ""1d""], ""ret_windows"": [1, 3, 6, 12, 24], ""rsi_period"": 21, ""target_threshold"": 0.0025, ""vol_windows"": [24, 48]}","{""colsample_bytree"": 1.0, ""gamma"": 0.0, ""learning_rate"": 0.03, ""max_depth"": 5, ""min_child_weight"": 5, ""n_estimators"": 250, ""subsample"": 0.7}",4,3925,0.8170700636942675,0.013270205236112935,1.9983287168166028e+22,2192.578913547333,0.07438050509704197,51.671810675789985
stage2,2547,36,0.52,74772,27,"{""atr_period"": 14, ""horizon_h"": 6, ""ma_windows"": [8, 24, 96], ""mtf_intervals"": [""4h"", ""1d""], ""ret_windows"": [1, 3, 6, 12, 24], ""rsi_period"": 21, ""target_threshold"": 0.0025, ""vol_windows"": [24, 48]}","{""colsample_bytree"": 1.0, ""gamma"": 0.0, ""learning_rate"": 0.03, ""max_depth"": 5, ""min_child_weight"": 1, ""n_estimators"": 250, ""subsample"": 0.7}",4,7200,0.7258333333333333,0.00936097272968392,7.529853333450649e+28,2192.578913547333,0.14908975800558943,66.67226773732733
stage2,2547,36,0.55,74772,27,"{""atr_period"": 14, ""horizon_h"": 6, ""ma_windows"": [8, 24, 96], ""mtf_intervals"": [""4h"", ""1d""], ""ret_windows"": [1, 3, 6, 12, 24], ""rsi_period"": 21, ""target_threshold"": 0.0025, ""vol_windows"": [24, 48]}","{""colsample_bytree"": 1.0, ""gamma"": 0.0, ""learning_rate"": 0.03, ""max_depth"": 5, ""min_child_weight"": 1, ""n_estimators"": 250, ""subsample"": 0.7}",4,6362,0.7489783087079535,0.010141800632999031,4.3972378280863884e+27,2192.578913547333,0.14489499514350912,63.85864364275025
stage2,2547,36,0.58,74772,27,"{""atr_period"": 14, ""horizon_h"": 6, ""ma_windows"": [8, 24, 96], ""mtf_intervals"": [""4h"", ""1d""], ""ret_windows"": [1, 3, 6, 12, 24], ""rsi_period"": 21, ""target_threshold"": 0.0025, ""vol_windows"": [24, 48]}","{""colsample_bytree"": 1.0, ""gamma"": 0.0, ""learning_rate"": 0.03, ""max_depth"": 5, ""min_child_weight"": 1, ""n_estimators"": 250, ""subsample"": 0.7}",4,5596,0.7669764117226591,0.01095772127060649,1.8549359294576777e+26,2192.578913547333,0.12472793074441968,60.723941508102946
stage2,2547,36,0.6,74772,27,"{""atr_period"": 14, ""horizon_h"": 6, ""ma_windows"": [8, 24, 96], ""mtf_intervals"": [""4h"", ""1d""], ""ret_windows"": [1, 3, 6, 12, 24], ""rsi_period"": 21, ""target_threshold"": 0.0025, ""vol_windows"": [24, 48]}","{""colsample_bytree"": 1.0, ""gamma"": 0.0, ""learning_rate"": 0.03, ""max_depth"": 5, ""min_child_weight"": 1, ""n_estimators"": 250, ""subsample"": 0.7}",4,5119,0.7823793709708927,0.011584037553508788,2.517626878616987e+25,2192.578913547333,0.0747097689153915,58.76916498059504
stage2,2547,36,0.62,74772,27,"{""atr_period"": 14, ""horizon_h"": 6, ""ma_windows"": [8, 24, 96], ""mtf_intervals"": [""4h"", ""1d""], ""ret_windows"": [1, 3, 6, 12, 24], ""rsi_period"": 21, ""target_threshold"": 0.0025, ""vol_windows"": [24, 48]}","{""colsample_bytree"": 1.0, ""gamma"": 0.0, ""learning_rate"": 0.03, ""max_depth"": 5, ""min_child_weight"": 1, ""n_estimators"": 250, ""subsample"": 0.7}",4,4630,0.7980561555075594,0.01223183366922733,1.801292771726933e+24,2192.578913547333,0.06210814510289209,56.15579236669572
stage2,2547,36,0.65,74772,27,"{""atr_period"": 14, ""horizon_h"": 6, ""ma_windows"": [8, 24, 96], ""mtf_intervals"": [""4h"", ""1d""], ""ret_windows"": [1, 3, 6, 12, 24], ""rsi_period"": 21, ""target_threshold"": 0.0025, ""vol_windows"": [24, 48]}","{""colsample_bytree"": 1.0, ""gamma"": 0.0, ""learning_rate"": 0.03, ""max_depth"": 5, ""min_child_weight"": 1, ""n_estimators"": 250, ""subsample"": 0.7}",4,3915,0.8201787994891443,0.013326248342431894,2.1794402363523897e+22,2192.578913547333,0.07438050509704175,51.76150289116518
stage2,2547,32,0.52,74772,27,"{""atr_period"": 14, ""horizon_h"": 6, ""ma_windows"": [8, 24, 96], ""mtf_intervals"": [""4h"", ""1d""], ""ret_windows"": [1, 3, 6, 12, 24], ""rsi_period"": 21, ""target_threshold"": 0.0025, ""vol_windows"": [24, 48]}","{""colsample_bytree"": 0.7, ""gamma"": 0.0, ""learning_rate"": 0.03, ""max_depth"": 5, ""min_child_weight"": 1, ""n_estimators"": 250, ""subsample"": 0.7}",4,7219,0.726693447845962,0.00937093917036802,9.5958189059298e+28,2192.578913547333,0.14489499514350945,66.9175848508717
stage2,2547,32,0.55,74772,27,"{""atr_period"": 14, ""horizon_h"": 6, ""ma_windows"": [8, 24, 96], ""mtf_intervals"": [""4h"", ""1d""], ""ret_windows"": [1, 3, 6, 12, 24], ""rsi_period"": 21, ""target_threshold"": 0.0025, ""vol_windows"": [24, 48]}","{""colsample_bytree"": 0.7, ""gamma"": 0.0, ""learning_rate"": 0.03, ""max_depth"": 5, ""min_child_weight"": 1, ""n_estimators"": 250, ""subsample"": 0.7}",4,6343,0.7468075043354879,0.010161815389134228,4.1035687789721414e+27,2192.578913547333,0.14489499514350934,63.78794756884696
stage2,2547,32,0.58,74772,27,"{""atr_period"": 14, ""horizon_h"": 6, ""ma_windows"": [8, 24, 96], ""mtf_intervals"": [""4h"", ""1d""], ""ret_windows"": [1, 3, 6, 12, 24], ""rsi_period"": 21, ""target_threshold"": 0.0025, ""vol_windows"": [24, 48]}","{""colsample_bytree"": 0.7, ""gamma"": 0.0, ""learning_rate"": 0.03, ""max_depth"": 5, ""min_child_weight"": 1, ""n_estimators"": 250, ""subsample"": 0.7}",4,5548,0.7647801009372747,0.010970458842911326,1.1801950088299386e+26,2192.578913547333,0.11926288044991373,60.272848415656995
stage2,2547,32,0.6,74772,27,"{""atr_period"": 14, ""horizon_h"": 6, ""ma_windows"": [8, 24, 96], ""mtf_intervals"": [""4h"", ""1d""], ""ret_windows"": [1, 3, 6, 12, 24], ""rsi_period"": 21, ""target_threshold"": 0.0025, ""vol_windows"": [24, 48]}","{""colsample_bytree"": 0.7, ""gamma"": 0.0, ""learning_rate"": 0.03, ""max_depth"": 5, ""min_child_weight"": 1, ""n_estimators"": 250, ""subsample"": 0.7}",4,5064,0.7794233807266983,0.011527089294219896,1.0056426123541045e+25,2192.578913547333,0.11926288044991351,57.826378056011215
stage2,2547,32,0.62,74772,27,"{""atr_period"": 14, ""horizon_h"": 6, ""ma_windows"": [8, 24, 96], ""mtf_intervals"": [""4h"", ""1d""], ""ret_windows"": [1, 3, 6, 12, 24], ""rsi_period"": 21, ""target_threshold"": 0.0025, ""vol_windows"": [24, 48]}","{""colsample_bytree"": 0.7, ""gamma"": 0.0, ""learning_rate"": 0.03, ""max_depth"": 5, ""min_child_weight"": 1, ""n_estimators"": 250, ""subsample"": 0.7}",4,4552,0.7952548330404218,0.012229812846171069,6.942334472847918e+23,2192.578913547333,0.10590710498058997,55.17818405290322
stage2,2547,32,0.65,74772,27,"{""atr_period"": 14, ""horizon_h"": 6, ""ma_windows"": [8, 24, 96], ""mtf_intervals"": [""4h"", ""1d""], ""ret_windows"": [1, 3, 6, 12, 24], ""rsi_period"": 21, ""target_threshold"": 0.0025, ""vol_windows"": [24, 48]}","{""colsample_bytree"": 0.7, ""gamma"": 0.0, ""learning_rate"": 0.03, ""max_depth"": 5, ""min_child_weight"": 1, ""n_estimators"": 250, ""subsample"": 0.7}",4,3853,0.8172852322865299,0.013356253307488363,1.0819389737361557e+22,2192.578913547333,0.07438050509704175,51.059114783090386
stage2,2547,42,0.52,74772,27,"{""atr_period"": 14, ""horizon_h"": 6, ""ma_windows"": [8, 24, 96], ""mtf_intervals"": [""4h"", ""1d""], ""ret_windows"": [1, 3, 6, 12, 24], ""rsi_period"": 21, ""target_threshold"": 0.0025, ""vol_windows"": [24, 48]}","{""colsample_bytree"": 0.7, ""gamma"": 0.0, ""learning_rate"": 0.03, ""max_depth"": 5, ""min_child_weight"": 5, ""n_estimators"": 250, ""subsample"": 1.0}",4,7233,0.7223835199778792,0.009273840800394274,5.469546317694547e+28,2192.578913547333,0.14489499514350934,66.35122832154875
stage2,2547,42,0.55,74772,27,"{""atr_period"": 14, ""horizon_h"": 6, ""ma_windows"": [8, 24, 96], ""mtf_intervals"": [""4h"", ""1d""], ""ret_windows"": [1, 3, 6, 12, 24], ""rsi_period"": 21, ""target_threshold"": 0.0025, ""vol_windows"": [24, 48]}","{""colsample_bytree"": 0.7, ""gamma"": 0.0, ""learning_rate"": 0.03, ""max_depth"": 5, ""min_child_weight"": 5, ""n_estimators"": 250, ""subsample"": 1.0}",4,6351,0.7458667926310817,0.010117203279056056,3.373168503300246e+27,2192.578913547333,0.14489499514350934,63.59083358494416
stage2,2547,42,0.58,74772,27,"{""atr_period"": 14, ""horizon_h"": 6, ""ma_windows"": [8, 24, 96], ""mtf_intervals"": [""4h"", ""1d""], ""ret_windows"": [1, 3, 6, 12, 24], ""rsi_period"": 21, ""target_threshold"": 0.0025, ""vol_windows"": [24, 48]}","{""colsample_bytree"": 0.7, ""gamma"": 0.0, ""learning_rate"": 0.03, ""max_depth"": 5, ""min_child_weight"": 5, ""n_estimators"": 250, ""subsample"": 1.0}",4,5512,0.7634252539912917,0.011013349061682704,1.0082708786877769e+26,2192.578913547333,0.12318566736518655,60.11270344225405
stage2,2547,42,0.6,74772,27,"{""atr_period"": 14, ""horizon_h"": 6, ""ma_windows"": [8, 24, 96], ""mtf_intervals"": [""4h"", ""1d""], ""ret_windows"": [1, 3, 6, 12, 24], ""rsi_period"": 21, ""target_threshold"": 0.0025, ""vol_windows"": [24, 48]}","{""colsample_bytree"": 0.7, ""gamma"": 0.0, ""learning_rate"": 0.03, ""max_depth"": 5, ""min_child_weight"": 5, ""n_estimators"": 250, ""subsample"": 1.0}",4,5019,0.7780434349472006,0.011607094762962426,8.951913756686955e+24,2192.578913547333,0.11926288044991329,57.7095696346853
stage2,2547,42,0.62,74772,27,"{""atr_period"": 14, ""horizon_h"": 6, ""ma_windows"": [8, 24, 96], ""mtf_intervals"": [""4h"", ""1d""], ""ret_windows"": [1, 3, 6, 12, 24], ""rsi_period"": 21, ""target_threshold"": 0.0025, ""vol_windows"": [24, 48]}","{""colsample_bytree"": 0.7, ""gamma"": 0.0, ""learning_rate"": 0.03, ""max_depth"": 5, ""min_child_weight"": 5, ""n_estimators"": 250, ""subsample"": 1.0}",4,4539,0.7935668649482265,0.012216503742885196,5.574725448049883e+23,2192.578913547333,0.07867643503495159,54.97094751239418
stage2,2547,42,0.65,74772,27,"{""atr_period"": 14, ""horizon_h"": 6, ""ma_windows"": [8, 24, 96], ""mtf_intervals"": [""4h"", ""1d""], ""ret_windows"": [1, 3, 6, 12, 24], ""rsi_period"": 21, ""target_threshold"": 0.0025, ""vol_windows"": [24, 48]}","{""colsample_bytree"": 0.7, ""gamma"": 0.0, ""learning_rate"": 0.03, ""max_depth"": 5, ""min_child_weight"": 5, ""n_estimators"": 250, ""subsample"": 1.0}",4,3839,0.8129721281583746,0.013292368556740321,7.03101472344421e+21,2192.578913547333,0.07438050509704186,50.6241443885973
stage2,2547,44,0.52,74772,27,"{""atr_period"": 14, ""horizon_h"": 6, ""ma_windows"": [8, 24, 96], ""mtf_intervals"": [""4h"", ""1d""], ""ret_windows"": [1, 3, 6, 12, 24], ""rsi_period"": 21, ""target_threshold"": 0.0025, ""vol_windows"": [24, 48]}","{""colsample_bytree"": 1.0, ""gamma"": 0.0, ""learning_rate"": 0.03, ""max_depth"": 5, ""min_child_weight"": 1, ""n_estimators"": 250, ""subsample"": 1.0}",4,7173,0.7270319252753381,0.009352030832768218,5.51418167807674e+28,2192.578913547333,0.13899547849725047,66.36664991203453
stage2,2547,44,0.55,74772,27,"{""atr_period"": 14, ""horizon_h"": 6, ""ma_windows"": [8, 24, 96], ""mtf_intervals"": [""4h"", ""1d""], ""ret_windows"": [1, 3, 6, 12, 24], ""rsi_period"": 21, ""target_threshold"": 0.0025, ""vol_windows"": [24, 48]}","{""colsample_bytree"": 1.0, ""gamma"": 0.0, ""learning_rate"": 0.03, ""max_depth"": 5, ""min_child_weight"": 1, ""n_estimators"": 250, ""subsample"": 1.0}",4,6292,0.7472981563890655,0.010144300408523281,2.211800377974733e+27,2192.578913547333,0.12318566736518655,63.18100444008529
stage2,2547,44,0.58,74772,27,"{""atr_period"": 14, ""horizon_h"": 6, ""ma_windows"": [8, 24, 96], ""mtf_intervals"": [""4h"", ""1d""], ""ret_windows"": [1, 3, 6, 12, 24], ""rsi_period"": 21, ""target_threshold"": 0.0025, ""vol_windows"": [24, 48]}","{""colsample_bytree"": 1.0, ""gamma"": 0.0, ""learning_rate"": 0.03, ""max_depth"": 5, ""min_child_weight"": 1, ""n_estimators"": 250, ""subsample"": 1.0}",4,5528,0.766642547033285,0.01102368261844245,1.27639781153336e+26,2192.578913547333,0.09648123673097897,60.36451719891258
stage2,2547,44,0.6,74772,27,"{""atr_period"": 14, ""horizon_h"": 6, ""ma_windows"": [8, 24, 96], ""mtf_intervals"": [""4h"", ""1d""], ""ret_windows"": [1, 3, 6, 12, 24], ""rsi_period"": 21, ""target_threshold"": 0.0025, ""vol_windows"": [24, 48]}","{""colsample_bytree"": 1.0, ""gamma"": 0.0, ""learning_rate"": 0.03, ""max_depth"": 5, ""min_child_weight"": 1, ""n_estimators"": 250, ""subsample"": 1.0}",4,5009,0.7797963665402275,0.011634305102386977,9.167825691167058e+24,2192.578913547333,0.10781609652469082,57.74074586469411
stage2,2547,44,0.62,74772,27,"{""atr_period"": 14, ""horizon_h"": 6, ""ma_windows"": [8, 24, 96], ""mtf_intervals"": [""4h"", ""1d""], ""ret_windows"": [1, 3, 6, 12, 24], ""rsi_period"": 21, ""target_threshold"": 0.0025, ""vol_windows"": [24, 48]}","{""colsample_bytree"": 1.0, ""gamma"": 0.0, ""learning_rate"": 0.03, ""max_depth"": 5, ""min_child_weight"": 1, ""n_estimators"": 250, ""subsample"": 1.0}",4,4563,0.7961867192636424,0.012271546404900375,9.602234392441657e+23,2192.578913547333,0.062108145102891976,55.52552063356629
stage2,2547,44,0.65,74772,27,"{""atr_period"": 14, ""horizon_h"": 6, ""ma_windows"": [8, 24, 96], ""mtf_intervals"": [""4h"", ""1d""], ""ret_windows"": [1, 3, 6, 12, 24], ""rsi_period"": 21, ""target_threshold"": 0.0025, ""vol_windows"": [24, 48]}","{""colsample_bytree"": 1.0, ""gamma"": 0.0, ""learning_rate"": 0.03, ""max_depth"": 5, ""min_child_weight"": 1, ""n_estimators"": 250, ""subsample"": 1.0}",4,3833,0.8189407774589095,0.01340015615961667,9.785050463875585e+21,2192.578913547333,0.07422883788216594,50.96038216328152
stage2,2547,23,0.52,74772,27,"{""atr_period"": 14, ""horizon_h"": 6, ""ma_windows"": [8, 24, 96], ""mtf_intervals"": [""4h"", ""1d""], ""ret_windows"": [1, 3, 6, 12, 24], ""rsi_period"": 21, ""target_threshold"": 0.0025, ""vol_windows"": [24, 48]}","{""colsample_bytree"": 1.0, ""gamma"": 0.2, ""learning_rate"": 0.07, ""max_depth"": 3, ""min_child_weight"": 5, ""n_estimators"": 250, ""subsample"": 0.7}",4,7035,0.722956645344705,0.009382639866238456,1.8771683261902457e+28,2192.578913547333,0.12133772674015009,65.29490460756365
stage2,2547,23,0.55,74772,27,"{""atr_period"": 14, ""horizon_h"": 6, ""ma_windows"": [8, 24, 96], ""mtf_intervals"": [""4h"", ""1d""], ""ret_windows"": [1, 3, 6, 12, 24], ""rsi_period"": 21, ""target_threshold"": 0.0025, ""vol_windows"": [24, 48]}","{""colsample_bytree"": 1.0, ""gamma"": 0.2, ""learning_rate"": 0.07, ""max_depth"": 3, ""min_child_weight"": 5, ""n_estimators"": 250, ""subsample"": 0.7}",4,6155,0.7424857839155159,0.010193211977505792,7.460237326160755e+26,2192.578913547333,0.11885174808739096,62.09290809362187
stage2,2547,23,0.58,74772,27,"{""atr_period"": 14, ""horizon_h"": 6, ""ma_windows"": [8, 24, 96], ""mtf_intervals"": [""4h"", ""1d""], ""ret_windows"": [1, 3, 6, 12, 24], ""rsi_period"": 21, ""target_threshold"": 0.0025, ""vol_windows"": [24, 48]}","{""colsample_bytree"": 1.0, ""gamma"": 0.2, ""learning_rate"": 0.07, ""max_depth"": 3, ""min_child_weight"": 5, ""n_estimators"": 250, ""subsample"": 0.7}",4,5355,0.7658263305322129,0.011065535201036624,2.3810964696301983e+25,2192.578913547333,0.08224703275203116,58.692250237627505
stage2,2547,23,0.6,74772,27,"{""atr_period"": 14, ""horizon_h"": 6, ""ma_windows"": [8, 24, 96], ""mtf_intervals"": [""4h"", ""1d""], ""ret_windows"": [1, 3, 6, 12, 24], ""rsi_period"": 21, ""target_threshold"": 0.0025, ""vol_windows"": [24, 48]}","{""colsample_bytree"": 1.0, ""gamma"": 0.2, ""learning_rate"": 0.07, ""max_depth"": 3, ""min_child_weight"": 5, ""n_estimators"": 250, ""subsample"": 0.7}",4,4847,0.7800701464823602,0.011692289149504539,1.8557717790923554e+24,2192.578913547333,0.07276808060847562,56.16155328488702
stage2,2547,23,0.62,74772,27,"{""atr_period"": 14, ""horizon_h"": 6, ""ma_windows"": [8, 24, 96], ""mtf_intervals"": [""4h"", ""1d""], ""ret_windows"": [1, 3, 6, 12, 24], ""rsi_period"": 21, ""target_threshold"": 0.0025, ""vol_windows"": [24, 48]}","{""colsample_bytree"": 1.0, ""gamma"": 0.2, ""learning_rate"": 0.07, ""max_depth"": 3, ""min_child_weight"": 5, ""n_estimators"": 250, ""subsample"": 0.7}",4,4334,0.792339640055376,0.01237238371132568,9.06718135140161e+22,2192.578913547333,0.061644223260464814,53.16356216569506
stage2,2547,23,0.65,74772,27,"{""atr_period"": 14, ""horizon_h"": 6, ""ma_windows"": [8, 24, 96], ""mtf_intervals"": [""4h"", ""1d""], ""ret_windows"": [1, 3, 6, 12, 24], ""rsi_period"": 21, ""target_threshold"": 0.0025, ""vol_windows"": [24, 48]}","{""colsample_bytree"": 1.0, ""gamma"": 0.2, ""learning_rate"": 0.07, ""max_depth"": 3, ""min_child_weight"": 5, ""n_estimators"": 250, ""subsample"": 0.7}",4,3648,0.8171600877192983,0.013395972752743419,8.294806418041692e+20,2192.578913547333,0.060566013874518876,48.49794429132508
stage2,6615,51,0.52,74929,27,"{""atr_period"": 7, ""horizon_h"": 6, ""ma_windows"": [6, 18, 72], ""mtf_intervals"": [""4h"", ""1d""], ""ret_windows"": [1, 6, 12, 24, 48], ""rsi_period"": 14, ""target_threshold"": 0.0025, ""vol_windows"": [24, 72]}","{""colsample_bytree"": 0.7, ""gamma"": 0.2, ""learning_rate"": 0.07, ""max_depth"": 5, ""min_child_weight"": 5, ""n_estimators"": 250, ""subsample"": 0.7}",4,7711,0.7122292828426923,0.008927139342536234,3.067448207114533e+29,2510.2653940139658,0.1802875897112125,68.0468704560503
stage2,6615,51,0.55,74929,27,"{""atr_period"": 7, ""horizon_h"": 6, ""ma_windows"": [6, 18, 72], ""mtf_intervals"": [""4h"", ""1d""], ""ret_windows"": [1, 6, 12, 24, 48], ""rsi_period"": 14, ""target_threshold"": 0.0025, ""vol_windows"": [24, 72]}","{""colsample_bytree"": 0.7, ""gamma"": 0.2, ""learning_rate"": 0.07, ""max_depth"": 5, ""min_child_weight"": 5, ""n_estimators"": 250, ""subsample"": 0.7}",4,6897,0.7314774539654922,0.00960745226401377,2.4312170174245922e+28,2510.2653940139658,0.14888265385233457,65.54837482038637
stage2,6615,51,0.58,74929,27,"{""atr_period"": 7, ""horizon_h"": 6, ""ma_windows"": [6, 18, 72], ""mtf_intervals"": [""4h"", ""1d""], ""ret_windows"": [1, 6, 12, 24, 48], ""rsi_period"": 14, ""target_threshold"": 0.0025, ""vol_windows"": [24, 72]}","{""colsample_bytree"": 0.7, ""gamma"": 0.2, ""learning_rate"": 0.07, ""max_depth"": 5, ""min_child_weight"": 5, ""n_estimators"": 250, ""subsample"": 0.7}",4,6151,0.7525605592586572,0.010336360494489856,1.7285962626132705e+27,2510.2653940139658,0.09863047770190703,62.95253127359637
stage2,6615,51,0.6,74929,27,"{""atr_period"": 7, ""horizon_h"": 6, ""ma_windows"": [6, 18, 72], ""mtf_intervals"": [""4h"", ""1d""], ""ret_windows"": [1, 6, 12, 24, 48], ""rsi_period"": 14, ""target_threshold"": 0.0025, ""vol_windows"": [24, 72]}","{""colsample_bytree"": 0.7, ""gamma"": 0.2, ""learning_rate"": 0.07, ""max_depth"": 5, ""min_child_weight"": 5, ""n_estimators"": 250, ""subsample"": 0.7}",4,5652,0.7650389242745931,0.010823509116389081,1.6055442809364106e+26,2510.2653940139658,0.09863047770190703,60.58997920628845
stage2,6615,51,0.62,74929,27,"{""atr_period"": 7, ""horizon_h"": 6, ""ma_windows"": [6, 18, 72], ""mtf_intervals"": [""4h"", ""1d""], ""ret_windows"": [1, 6, 12, 24, 48], ""rsi_period"": 14, ""target_threshold"": 0.0025, ""vol_windows"": [24, 72]}","{""colsample_bytree"": 0.7, ""gamma"": 0.2, ""learning_rate"": 0.07, ""max_depth"": 5, ""min_child_weight"": 5, ""n_estimators"": 250, ""subsample"": 0.7}",4,5137,0.7796379209655441,0.011394649144670796,1.1844009568374193e+25,2510.2653940139658,0.07884120533897343,58.00931137722321
stage2,6615,51,0.65,74929,27,"{""atr_period"": 7, ""horizon_h"": 6, ""ma_windows"": [6, 18, 72], ""mtf_intervals"": [""4h"", ""1d""], ""ret_windows"": [1, 6, 12, 24, 48], ""rsi_period"": 14, ""target_threshold"": 0.0025, ""vol_windows"": [24, 72]}","{""colsample_bytree"": 0.7, ""gamma"": 0.2, ""learning_rate"": 0.07, ""max_depth"": 5, ""min_child_weight"": 5, ""n_estimators"": 250, ""subsample"": 0.7}",4,4481,0.7993751394777951,0.0122882577495984,3.8287466662328554e+23,2510.2653940139658,0.07555929230209912,54.60202117473603
stage2,6615,58,0.52,74929,27,"{""atr_period"": 7, ""horizon_h"": 6, ""ma_windows"": [6, 18, 72], ""mtf_intervals"": [""4h"", ""1d""], ""ret_windows"": [1, 6, 12, 24, 48], ""rsi_period"": 14, ""target_threshold"": 0.0025, ""vol_windows"": [24, 72]}","{""colsample_bytree"": 0.7, ""gamma"": 0.0, ""learning_rate"": 0.07, ""max_depth"": 5, ""min_child_weight"": 5, ""n_estimators"": 250, ""subsample"": 1.0}",4,7602,0.7142857142857143,0.00901256116855115,2.240361221406194e+29,2510.2653940139658,0.2134175941631007,67.71842507294512
stage2,6615,58,0.55,74929,27,"{""atr_period"": 7, ""horizon_h"": 6, ""ma_windows"": [6, 18, 72], ""mtf_intervals"": [""4h"", ""1d""], ""ret_windows"": [1, 6, 12, 24, 48], ""rsi_period"": 14, ""target_threshold"": 0.0025, ""vol_windows"": [24, 72]}","{""colsample_bytree"": 0.7, ""gamma"": 0.0, ""learning_rate"": 0.07, ""max_depth"": 5, ""min_child_weight"": 5, ""n_estimators"": 250, ""subsample"": 1.0}",4,6803,0.7326179626635307,0.009628549990689933,1.156478724118051e+28,2510.2653940139658,0.12318566736518677,64.81929234594209
stage2,6615,58,0.58,74929,27,"{""atr_period"": 7, ""horizon_h"": 6, ""ma_windows"": [6, 18, 72], ""mtf_intervals"": [""4h"", ""1d""], ""ret_windows"": [1, 6, 12, 24, 48], ""rsi_period"": 14, ""target_threshold"": 0.0025, ""vol_windows"": [24, 72]}","{""colsample_bytree"": 0.7, ""gamma"": 0.0, ""learning_rate"": 0.07, ""max_depth"": 5, ""min_child_weight"": 5, ""n_estimators"": 250, ""subsample"": 1.0}",4,6008,0.7534953395472703,0.010358450889597802,4.5622774533149356e+26,2510.2653940139658,0.12318566736518621,61.609105403280516
stage2,6615,58,0.6,74929,27,"{""atr_period"": 7, ""horizon_h"": 6, ""ma_windows"": [6, 18, 72], ""mtf_intervals"": [""4h"", ""1d""], ""ret_windows"": [1, 6, 12, 24, 48], ""rsi_period"": 14, ""target_threshold"": 0.0025, ""vol_windows"": [24, 72]}","{""colsample_bytree"": 0.7, ""gamma"": 0.0, ""learning_rate"": 0.07, ""max_depth"": 5, ""min_child_weight"": 5, ""n_estimators"": 250, ""subsample"": 1.0}",4,5529,0.7657804304575873,0.01087979448557147,5.851755182040602e+25,2510.2653940139658,0.09354905032285687,59.584257147301834
stage2,6615,58,0.62,74929,27,"{""atr_period"": 7, ""horizon_h"": 6, ""ma_windows"": [6, 18, 72], ""mtf_intervals"": [""4h"", ""1d""], ""ret_windows"": [1, 6, 12, 24, 48], ""rsi_period"": 14, ""target_threshold"": 0.0025, ""vol_windows"": [24, 72]}","{""colsample_bytree"": 0.7, ""gamma"": 0.0, ""learning_rate"": 0.07, ""max_depth"": 5, ""min_child_weight"": 5, ""n_estimators"": 250, ""subsample"": 1.0}",4,5036,0.7758141382049245,0.011424142904293381,4.3665439373732613e+24,2510.2653940139658,0.09354905032285699,57.001283995692916
stage2,6615,58,0.65,74929,27,"{""atr_period"": 7, ""horizon_h"": 6, ""ma_windows"": [6, 18, 72], ""mtf_intervals"": [""4h"", ""1d""], ""ret_windows"": [1, 6, 12, 24, 48], ""rsi_period"": 14, ""target_threshold"": 0.0025, ""vol_windows"": [24, 72]}","{""colsample_bytree"": 0.7, ""gamma"": 0.0, ""learning_rate"": 0.07, ""max_depth"": 5, ""min_child_weight"": 5, ""n_estimators"": 250, ""subsample"": 1.0}",4,4382,0.7964399817434962,0.01237566525165289,1.6680228803947873e+23,2510.2653940139658,0.07588403381916586,53.76931145046702
stage2,6615,50,0.52,74929,27,"{""atr_period"": 7, ""horizon_h"": 6, ""ma_windows"": [6, 18, 72], ""mtf_intervals"": [""4h"", ""1d""], ""ret_windows"": [1, 6, 12, 24, 48], ""rsi_period"": 14, ""target_threshold"": 0.0025, ""vol_windows"": [24, 72]}","{""colsample_bytree"": 0.7, ""gamma"": 0.0, ""learning_rate"": 0.07, ""max_depth"": 5, ""min_child_weight"": 5, ""n_estimators"": 250, ""subsample"": 0.7}",4,7713,0.7106184364060677,0.008942763216724497,3.5328334006183156e+29,2510.2653940139658,0.15615487057962196,68.19902732844433
stage2,6615,50,0.55,74929,27,"{""atr_period"": 7, ""horizon_h"": 6, ""ma_windows"": [6, 18, 72], ""mtf_intervals"": [""4h"", ""1d""], ""ret_windows"": [1, 6, 12, 24, 48], ""rsi_period"": 14, ""target_threshold"": 0.0025, ""vol_windows"": [24, 72]}","{""colsample_bytree"": 0.7, ""gamma"": 0.0, ""learning_rate"": 0.07, ""max_depth"": 5, ""min_child_weight"": 5, ""n_estimators"": 250, ""subsample"": 0.7}",4,6894,0.7341166231505657,0.009651841560409071,3.2000423423625358e+28,2510.2653940139658,0.1362533626113286,65.83192799523776
stage2,6615,50,0.58,74929,27,"{""atr_period"": 7, ""horizon_h"": 6, ""ma_windows"": [6, 18, 72], ""mtf_intervals"": [""4h"", ""1d""], ""ret_windows"": [1, 6, 12, 24, 48], ""rsi_period"": 14, ""target_threshold"": 0.0025, ""vol_windows"": [24, 72]}","{""colsample_bytree"": 0.7, ""gamma"": 0.0, ""learning_rate"": 0.07, ""max_depth"": 5, ""min_child_weight"": 5, ""n_estimators"": 250, ""subsample"": 0.7}",4,6125,0.7541224489795918,0.010385935774867995,1.7946325675596732e+27,2510.2653940139658,0.10866749247872687,62.98664951323094
stage2,6615,50,0.6,74929,27,"{""atr_period"": 7, ""horizon_h"": 6, ""ma_windows"": [6, 18, 72], ""mtf_intervals"": [""4h"", ""1d""], ""ret_windows"": [1, 6, 12, 24, 48], ""rsi_period"": 14, ""target_threshold"": 0.0025, ""vol_windows"": [24, 72]}","{""colsample_bytree"": 0.7, ""gamma"": 0.0, ""learning_rate"": 0.07, ""max_depth"": 5, ""min_child_weight"": 5, ""n_estimators"": 250, ""subsample"": 0.7}",4,5641,0.7670625775571707,0.010900231980891961,2.19322398371572e+26,2510.2653940139658,0.09863047770190703,60.90412169686464
stage2,6615,50,0.62,74929,27,"{""atr_period"": 7, ""horizon_h"": 6, ""ma_windows"": [6, 18, 72], ""mtf_intervals"": [""4h"", ""1d""], ""ret_windows"": [1, 6, 12, 24, 48], ""rsi_period"": 14, ""target_threshold"": 0.0025, ""vol_windows"": [24, 72]}","{""colsample_bytree"": 0.7, ""gamma"": 0.0, ""learning_rate"": 0.07, ""max_depth"": 5, ""min_child_weight"": 5, ""n_estimators"": 250, ""subsample"": 0.7}",4,5168,0.780766253869969,0.011435438376712952,2.0650377906742022e+25,2510.2653940139658,0.09354905032285699,58.55909783661355
stage2,6615,50,0.65,74929,27,"{""atr_period"": 7, ""horizon_h"": 6, ""ma_windows"": [6, 18, 72], ""mtf_intervals"": [""4h"", ""1d""], ""ret_windows"": [1, 6, 12, 24, 48], ""rsi_period"": 14, ""target_threshold"": 0.0025, ""vol_windows"": [24, 72]}","{""colsample_bytree"": 0.7, ""gamma"": 0.0, ""learning_rate"": 0.07, ""max_depth"": 5, ""min_child_weight"": 5, ""n_estimators"": 250, ""subsample"": 0.7}",4,4494,0.7990654205607477,0.012267406198749381,4.0723557244284736e+23,2510.2653940139658,0.08686456212628735,54.65763807792257
stage2,6615,48,0.52,74929,27,"{""atr_period"": 7, ""horizon_h"": 6, ""ma_windows"": [6, 18, 72], ""mtf_intervals"": [""4h"", ""1d""], ""ret_windows"": [1, 6, 12, 24, 48], ""rsi_period"": 14, ""target_threshold"": 0.0025, ""vol_windows"": [24, 72]}","{""colsample_bytree"": 0.7, ""gamma"": 0.0, ""learning_rate"": 0.07, ""max_depth"": 5, ""min_child_weight"": 1, ""n_estimators"": 250, ""subsample"": 0.7}",4,7721,0.7106592410309546,0.008906464534368554,2.8703483286484907e+29,2510.2653940139658,0.1380326926742842,68.00016385086388
stage2,6615,48,0.55,74929,27,"{""atr_period"": 7, ""horizon_h"": 6, ""ma_windows"": [6, 18, 72], ""mtf_intervals"": [""4h"", ""1d""], ""ret_windows"": [1, 6, 12, 24, 48], ""rsi_period"": 14, ""target_threshold"": 0.0025, ""vol_windows"": [24, 72]}","{""colsample_bytree"": 0.7, ""gamma"": 0.0, ""learning_rate"": 0.07, ""max_depth"": 5, ""min_child_weight"": 1, ""n_estimators"": 250, ""subsample"": 0.7}",4,6889,0.7313107853099143,0.00959883688906223,2.1176696717297388e+28,2510.2653940139658,0.1256789786432767,65.42169871053177
stage2,6615,48,0.58,74929,27,"{""atr_period"": 7, ""horizon_h"": 6, ""ma_windows"": [6, 18, 72], ""mtf_intervals"": [""4h"", ""1d""], ""ret_windows"": [1, 6, 12, 24, 48], ""rsi_period"": 14, ""target_threshold"": 0.0025, ""vol_windows"": [24, 72]}","{""colsample_bytree"": 0.7, ""gamma"": 0.0, ""learning_rate"": 0.07, ""max_depth"": 5, ""min_child_weight"": 1, ""n_estimators"": 250, ""subsample"": 0.7}",4,6091,0.7516007223772779,0.010355819509014645,1.0555601987124968e+27,2510.2653940139658,0.0933928694328674,62.461299830137605
stage2,6615,48,0.6,74929,27,"{""atr_period"": 7, ""horizon_h"": 6, ""ma_windows"": [6, 18, 72], ""mtf_intervals"": [""4h"", ""1d""], ""ret_windows"": [1, 6, 12, 24, 48], ""rsi_period"": 14, ""target_threshold"": 0.0025, ""vol_windows"": [24, 72]}","{""colsample_bytree"": 0.7, ""gamma"": 0.0, ""learning_rate"": 0.07, ""max_depth"": 5, ""min_child_weight"": 1, ""n_estimators"": 250, ""subsample"": 0.7}",4,5587,0.765527116520494,0.010907793260774276,1.2796044700729008e+26,2510.2653940139658,0.0850773495381999,60.37090880480192
stage2,6615,48,0.62,74929,27,"{""atr_period"": 7, ""horizon_h"": 6, ""ma_windows"": [6, 18, 72], ""mtf_intervals"": [""4h"", ""1d""], ""ret_windows"": [1, 6, 12, 24, 48], ""rsi_period"": 14, ""target_threshold"": 0.0025, ""vol_windows"": [24, 72]}","{""colsample_bytree"": 0.7, ""gamma"": 0.0, ""learning_rate"": 0.07, ""max_depth"": 5, ""min_child_weight"": 1, ""n_estimators"": 250, ""subsample"": 0.7}",4,5115,0.7792766373411535,0.011485895131879803,1.462228397448421e+25,2510.2653940139658,0.08507734953820012,58.21735869274106
stage2,6615,48,0.65,74929,27,"{""atr_period"": 7, ""horizon_h"": 6, ""ma_windows"": [6, 18, 72], ""mtf_intervals"": [""4h"", ""1d""], ""ret_windows"": [1, 6, 12, 24, 48], ""rsi_period"": 14, ""target_threshold"": 0.0025, ""vol_windows"": [24, 72]}","{""colsample_bytree"": 0.7, ""gamma"": 0.0, ""learning_rate"": 0.07, ""max_depth"": 5, ""min_child_weight"": 1, ""n_estimators"": 250, ""subsample"": 0.7}",4,4469,0.7952562094428284,0.012241583555483604,2.6884874161534672e+23,2510.2653940139658,0.08129552715551203,54.24192574792019
stage2,6615,57,0.52,74929,27,"{""atr_period"": 7, ""horizon_h"": 6, ""ma_windows"": [6, 18, 72], ""mtf_intervals"": [""4h"", ""1d""], ""ret_windows"": [1, 6, 12, 24, 48], ""rsi_period"": 14, ""target_threshold"": 0.0025, ""vol_windows"": [24, 72]}","{""colsample_bytree"": 0.7, ""gamma"": 0.2, ""learning_rate"": 0.07, ""max_depth"": 5, ""min_child_weight"": 1, ""n_estimators"": 250, ""subsample"": 1.0}",4,7589,0.7170905257609699,0.009044079002410754,2.5372605789812273e+29,2510.2653940139658,0.1561548705796223,67.8740003009711
stage2,6615,57,0.55,74929,27,"{""atr_period"": 7, ""horizon_h"": 6, ""ma_windows"": [6, 18, 72], ""mtf_intervals"": [""4h"", ""1d""], ""ret_windows"": [1, 6, 12, 24, 48], ""rsi_period"": 14, ""target_threshold"": 0.0025, ""vol_windows"": [24, 72]}","{""colsample_bytree"": 0.7, ""gamma"": 0.2, ""learning_rate"": 0.07, ""max_depth"": 5, ""min_child_weight"": 1, ""n_estimators"": 250, ""subsample"": 1.0}",4,6743,0.7348361263532552,0.009725954616381559,1.2504621102203452e+28,2510.2653940139658,0.12472793074441957,64.89920834764737
stage2,6615,57,0.58,74929,27,"{""atr_period"": 7, ""horizon_h"": 6, ""ma_windows"": [6, 18, 72], ""mtf_intervals"": [""4h"", ""1d""], ""ret_windows"": [1, 6, 12, 24, 48], ""rsi_period"": 14, ""target_threshold"": 0.0025, ""vol_windows"": [24, 72]}","{""colsample_bytree"": 0.7, ""gamma"": 0.2, ""learning_rate"": 0.07, ""max_depth"": 5, ""min_child_weight"": 1, ""n_estimators"": 250, ""subsample"": 1.0}",4,5986,0.7522552622786501,0.010405277255713266,4.801230285725202e+26,2510.2653940139658,0.12472793074441946,61.65876707493986
stage2,6615,57,0.6,74929,27,"{""atr_period"": 7, ""horizon_h"": 6, ""ma_windows"": [6, 18, 72], ""mtf_intervals"": [""4h"", ""1d""], ""ret_windows"": [1, 6, 12, 24, 48], ""rsi_period"": 14, ""target_threshold"": 0.0025, ""vol_windows"": [24, 72]}","{""colsample_bytree"": 0.7, ""gamma"": 0.2, ""learning_rate"": 0.07, ""max_depth"": 5, ""min_child_weight"": 1, ""n_estimators"": 250, ""subsample"": 1.0}",4,5489,0.7657132446711605,0.010970478801291619,6.211388697337067e+25,2510.2653940139658,0.09354905032285687,59.64457171954211
stage2,6615,57,0.62,74929,27,"{""atr_period"": 7, ""horizon_h"": 6, ""ma_windows"": [6, 18, 72], ""mtf_intervals"": [""4h"", ""1d""], ""ret_windows"": [1, 6, 12, 24, 48], ""rsi_period"": 14, ""target_threshold"": 0.0025, ""vol_windows"": [24, 72]}","{""colsample_bytree"": 0.7, ""gamma"": 0.2, ""learning_rate"": 0.07, ""max_depth"": 5, ""min_child_weight"": 1, ""n_estimators"": 250, ""subsample"": 1.0}",4,5032,0.7776232114467408,0.011495068286808146,5.962291799106169e+24,2510.2653940139658,0.0747097689153916,57.32420140006715
stage2,6615,57,0.65,74929,27,"{""atr_period"": 7, ""horizon_h"": 6, ""ma_windows"": [6, 18, 72], ""mtf_intervals"": [""4h"", ""1d""], ""ret_windows"": [1, 6, 12, 24, 48], ""rsi_period"": 14, ""target_threshold"": 0.0025, ""vol_windows"": [24, 72]}","{""colsample_bytree"": 0.7, ""gamma"": 0.2, ""learning_rate"": 0.07, ""max_depth"": 5, ""min_child_weight"": 1, ""n_estimators"": 250, ""subsample"": 1.0}",4,4412,0.7996373526745241,0.012357182021105466,2.227962618233789e+23,2510.2653940139658,0.0747097689153916,54.061757136466554
stage2,6615,61,0.52,74929,27,"{""atr_period"": 7, ""horizon_h"": 6, ""ma_windows"": [6, 18, 72], ""mtf_intervals"": [""4h"", ""1d""], ""ret_windows"": [1, 6, 12, 24, 48], ""rsi_period"": 14, ""target_threshold"": 0.0025, ""vol_windows"": [24, 72]}","{""colsample_bytree"": 1.0, ""gamma"": 0.2, ""learning_rate"": 0.07, ""max_depth"": 5, ""min_child_weight"": 1, ""n_estimators"": 250, ""subsample"": 1.0}",4,7669,0.7144347372538793,0.00898673776832254,3.3662435385074286e+29,2510.2653940139658,0.15160065619171714,68.1564065063302
stage2,6615,61,0.55,74929,27,"{""atr_period"": 7, ""horizon_h"": 6, ""ma_windows"": [6, 18, 72], ""mtf_intervals"": [""4h"", ""1d""], ""ret_windows"": [1, 6, 12, 24, 48], ""rsi_period"": 14, ""target_threshold"": 0.0025, ""vol_windows"": [24, 72]}","{""colsample_bytree"": 1.0, ""gamma"": 0.2, ""learning_rate"": 0.07, ""max_depth"": 5, ""min_child_weight"": 1, ""n_estimators"": 250, ""subsample"": 1.0}",4,6868,0.7331100757134537,0.009634172471127569,2.2270602348536954e+28,2510.2653940139658,0.13159174020414355,65.4708306095124
stage2,6615,61,0.58,74929,27,"{""atr_period"": 7, ""horizon_h"": 6, ""ma_windows"": [6, 18, 72], ""mtf_intervals"": [""4h"", ""1d""], ""ret_windows"": [1, 6, 12, 24, 48], ""rsi_period"": 14, ""target_threshold"": 0.0025, ""vol_windows"": [24, 72]}","{""colsample_bytree"": 1.0, ""gamma"": 0.2, ""learning_rate"": 0.07, ""max_depth"": 5, ""min_child_weight"": 1, ""n_estimators"": 250, ""subsample"": 1.0}",4,6094,0.7520511978995733,0.010367025422899504,1.1600581787213022e+27,2510.2653940139658,0.09736320023477474,62.554163230355385
stage2,6615,61,0.6,74929,27,"{""atr_period"": 7, ""horizon_h"": 6, ""ma_windows"": [6, 18, 72], ""mtf_intervals"": [""4h"", ""1d""], ""ret_windows"": [1, 6, 12, 24, 48], ""rsi_period"": 14, ""target_threshold"": 0.0025, ""vol_windows"": [24, 72]}","{""colsample_bytree"": 1.0, ""gamma"": 0.2, ""learning_rate"": 0.07, ""max_depth"": 5, ""min_child_weight"": 1, ""n_estimators"": 250, ""subsample"": 1.0}",4,5656,0.7659123055162659,0.010843340952328997,1.8780858209186305e+26,2510.2653940139658,0.0935490503228571,60.75016754249709
stage2,6615,61,0.62,74929,27,"{""atr_period"": 7, ""horizon_h"": 6, ""ma_windows"": [6, 18, 72], ""mtf_intervals"": [""4h"", ""1d""], ""ret_windows"": [1, 6, 12, 24, 48], ""rsi_period"": 14, ""target_threshold"": 0.0025, ""vol_windows"": [24, 72]}","{""colsample_bytree"": 1.0, ""gamma"": 0.2, ""learning_rate"": 0.07, ""max_depth"": 5, ""min_child_weight"": 1, ""n_estimators"": 250, ""subsample"": 1.0}",4,5174,0.7798608426749131,0.011418477592688372,2.0281732544924965e+25,2510.2653940139658,0.0935490503228571,58.54022480786036
stage2,6615,61,0.65,74929,27,"{""atr_period"": 7, ""horizon_h"": 6, ""ma_windows"": [6, 18, 72], ""mtf_intervals"": [""4h"", ""1d""], ""ret_windows"": [1, 6, 12, 24, 48], ""rsi_period"": 14, ""target_threshold"": 0.0025, ""vol_windows"": [24, 72]}","{""colsample_bytree"": 1.0, ""gamma"": 0.2, ""learning_rate"": 0.07, ""max_depth"": 5, ""min_child_weight"": 1, ""n_estimators"": 250, ""subsample"": 1.0}",4,4530,0.8004415011037528,0.012282614219092667,6.756457660175671e+23,2510.2653940139658,0.07884120533897343,55.16914938877354
stage2,6615,38,0.52,74929,27,"{""atr_period"": 7, ""horizon_h"": 6, ""ma_windows"": [6, 18, 72], ""mtf_intervals"": [""4h"", ""1d""], ""ret_windows"": [1, 6, 12, 24, 48], ""rsi_period"": 14, ""target_threshold"": 0.0025, ""vol_windows"": [24, 72]}","{""colsample_bytree"": 1.0, ""gamma"": 0.0, ""learning_rate"": 0.03, ""max_depth"": 5, ""min_child_weight"": 5, ""n_estimators"": 250, ""subsample"": 0.7}",4,7232,0.722483407079646,0.009364873493225314,1.0326933100181805e+29,2510.2653940139658,0.15615487057962218,66.98196622867484
stage2,6615,38,0.55,74929,27,"{""atr_period"": 7, ""horizon_h"": 6, ""ma_windows"": [6, 18, 72], ""mtf_intervals"": [""4h"", ""1d""], ""ret_windows"": [1, 6, 12, 24, 48], ""rsi_period"": 14, ""target_threshold"": 0.0025, ""vol_windows"": [24, 72]}","{""colsample_bytree"": 1.0, ""gamma"": 0.0, ""learning_rate"": 0.03, ""max_depth"": 5, ""min_child_weight"": 5, ""n_estimators"": 250, ""subsample"": 0.7}",4,6401,0.7445711607561318,0.010123072448831975,5.759654094408938e+27,2510.2653940139658,0.09354905032285699,64.15054191372391
stage2,6615,38,0.58,74929,27,"{""atr_period"": 7, ""horizon_h"": 6, ""ma_windows"": [6, 18, 72], ""mtf_intervals"": [""4h"", ""1d""], ""ret_windows"": [1, 6, 12, 24, 48], ""rsi_period"": 14, ""target_threshold"": 0.0025, ""vol_windows"": [24, 72]}","{""colsample_bytree"": 1.0, ""gamma"": 0.0, ""learning_rate"": 0.03, ""max_depth"": 5, ""min_child_weight"": 5, ""n_estimators"": 250, ""subsample"": 0.7}",4,5602,0.7666904676901106,0.01097328620728394,2.1549934558903013e+26,2510.2653940139658,0.09354905032285699,60.88936424333537
stage2,6615,38,0.6,74929,27,"{""atr_period"": 7, ""horizon_h"": 6, ""ma_windows"": [6, 18, 72], ""mtf_intervals"": [""4h"", ""1d""], ""ret_windows"": [1, 6, 12, 24, 48], ""rsi_period"": 14, ""target_threshold"": 0.0025, ""vol_windows"": [24, 72]}","{""colsample_bytree"": 1.0, ""gamma"": 0.0, ""learning_rate"": 0.03, ""max_depth"": 5, ""min_child_weight"": 5, ""n_estimators"": 250, ""subsample"": 0.7}",4,5070,0.7806706114398422,0.011612185850154156,1.6508032194375025e+25,2510.2653940139658,0.07884120533897365,58.34390266725783
stage2,6615,38,0.62,74929,27,"{""atr_period"": 7, ""horizon_h"": 6, ""ma_windows"": [6, 18, 72], ""mtf_intervals"": [""4h"", ""1d""], ""ret_windows"": [1, 6, 12, 24, 48], ""rsi_period"": 14, ""target_threshold"": 0.0025, ""vol_windows"": [24, 72]}","{""colsample_bytree"": 1.0, ""gamma"": 0.0, ""learning_rate"": 0.03, ""max_depth"": 5, ""min_child_weight"": 5, ""n_estimators"": 250, ""subsample"": 0.7}",4,4612,0.7966175195143105,0.012228513133475753,1.4305208836038072e+24,2510.2653940139658,0.07588403381916586,55.917260967842495
stage2,6615,38,0.65,74929,27,"{""atr_period"": 7, ""horizon_h"": 6, ""ma_windows"": [6, 18, 72], ""mtf_intervals"": [""4h"", ""1d""], ""ret_windows"": [1, 6, 12, 24, 48], ""rsi_period"": 14, ""target_threshold"": 0.0025, ""vol_windows"": [24, 72]}","{""colsample_bytree"": 1.0, ""gamma"": 0.0, ""learning_rate"": 0.03, ""max_depth"": 5, ""min_child_weight"": 5, ""n_estimators"": 250, ""subsample"": 0.7}",4,3951,0.8154897494305239,0.013172904135005277,1.9357330979820805e+22,2510.2653940139658,0.0650782298642072,51.64259408029926
stage2,6615,36,0.52,74929,27,"{""atr_period"": 7, ""horizon_h"": 6, ""ma_windows"": [6, 18, 72], ""mtf_intervals"": [""4h"", ""1d""], ""ret_windows"": [1, 6, 12, 24, 48], ""rsi_period"": 14, ""target_threshold"": 0.0025, ""vol_windows"": [24, 72]}","{""colsample_bytree"": 1.0, ""gamma"": 0.0, ""learning_rate"": 0.03, ""max_depth"": 5, ""min_child_weight"": 1, ""n_estimators"": 250, ""subsample"": 0.7}",4,7219,0.7225377476104724,0.009362071801281282,8.973727674972344e+28,2510.2653940139658,0.15615487057962207,66.8415331021328
stage2,6615,36,0.55,74929,27,"{""atr_period"": 7, ""horizon_h"": 6, ""ma_windows"": [6, 18, 72], ""mtf_intervals"": [""4h"", ""1d""], ""ret_windows"": [1, 6, 12, 24, 48], ""rsi_period"": 14, ""target_threshold"": 0.0025, ""vol_windows"": [24, 72]}","{""colsample_bytree"": 1.0, ""gamma"": 0.0, ""learning_rate"": 0.03, ""max_depth"": 5, ""min_child_weight"": 1, ""n_estimators"": 250, ""subsample"": 0.7}",4,6398,0.7436698968427634,0.010113805095796374,5.265147894476011e+27,2510.2653940139658,0.1362533626113287,64.03862642308447
stage2,6615,36,0.58,74929,27,"{""atr_period"": 7, ""horizon_h"": 6, ""ma_windows"": [6, 18, 72], ""mtf_intervals"": [""4h"", ""1d""], ""ret_windows"": [1, 6, 12, 24, 48], ""rsi_period"": 14, ""target_threshold"": 0.0025, ""vol_windows"": [24, 72]}","{""colsample_bytree"": 1.0, ""gamma"": 0.0, ""learning_rate"": 0.03, ""max_depth"": 5, ""min_child_weight"": 1, ""n_estimators"": 250, ""subsample"": 0.7}",4,5615,0.7654496883348174,0.010931158045193179,1.9580118935933393e+26,2510.2653940139658,0.12000410582423149,60.77894899841053
stage2,6615,36,0.6,74929,27,"{""atr_period"": 7, ""horizon_h"": 6, ""ma_windows"": [6, 18, 72], ""mtf_intervals"": [""4h"", ""1d""], ""ret_windows"": [1, 6, 12, 24, 48], ""rsi_period"": 14, ""target_threshold"": 0.0025, ""vol_windows"": [24, 72]}","{""colsample_bytree"": 1.0, ""gamma"": 0.0, ""learning_rate"": 0.03, ""max_depth"": 5, ""min_child_weight"": 1, ""n_estimators"": 250, ""subsample"": 0.7}",4,5063,0.7805648824807426,0.011598253648921237,1.4191513270428708e+25,2510.2653940139658,0.0935490503228571,58.18514977079864
stage2,6615,36,0.62,74929,27,"{""atr_period"": 7, ""horizon_h"": 6, ""ma_windows"": [6, 18, 72], ""mtf_intervals"": [""4h"", ""1d""], ""ret_windows"": [1, 6, 12, 24, 48], ""rsi_period"": 14, ""target_threshold"": 0.0025, ""vol_windows"": [24, 72]}","{""colsample_bytree"": 1.0, ""gamma"": 0.0, ""learning_rate"": 0.03, ""max_depth"": 5, ""min_child_weight"": 1, ""n_estimators"": 250, ""subsample"": 0.7}",4,4617,0.791206411089452,0.012114771675236604,9.048658876628317e+23,2510.2653940139658,0.07899211691902874,55.45246093897973
stage2,6615,36,0.65,74929,27,"{""atr_period"": 7, ""horizon_h"": 6, ""ma_windows"": [6, 18, 72], ""mtf_intervals"": [""4h"", ""1d""], ""ret_windows"": [1, 6, 12, 24, 48], ""rsi_period"": 14, ""target_threshold"": 0.0025, ""vol_windows"": [24, 72]}","{""colsample_bytree"": 1.0, ""gamma"": 0.0, ""learning_rate"": 0.03, ""max_depth"": 5, ""min_child_weight"": 1, ""n_estimators"": 250, ""subsample"": 0.7}",4,3952,0.8137651821862348,0.013168328355926098,1.921592948551297e+22,2510.2653940139658,0.07125685940208049,51.63075689152965
stage2,6615,32,0.52,74929,27,"{""atr_period"": 7, ""horizon_h"": 6, ""ma_windows"": [6, 18, 72], ""mtf_intervals"": [""4h"", ""1d""], ""ret_windows"": [1, 6, 12, 24, 48], ""rsi_period"": 14, ""target_threshold"": 0.0025, ""vol_windows"": [24, 72]}","{""colsample_bytree"": 0.7, ""gamma"": 0.0, ""learning_rate"": 0.03, ""max_depth"": 5, ""min_child_weight"": 1, ""n_estimators"": 250, ""subsample"": 0.7}",4,7261,0.7252444566864068,0.00934903769658104,1.2081674832985729e+29,2510.2653940139658,0.1561548705796223,67.14098286347627
stage2,6615,32,0.55,74929,27,"{""atr_period"": 7, ""horizon_h"": 6, ""ma_windows"": [6, 18, 72], ""mtf_intervals"": [""4h"", ""1d""], ""ret_windows"": [1, 6, 12, 24, 48], ""rsi_period"": 14, ""target_threshold"": 0.0025, ""vol_windows"": [24, 72]}","{""colsample_bytree"": 0.7, ""gamma"": 0.0, ""learning_rate"": 0.03, ""max_depth"": 5, ""min_child_weight"": 1, ""n_estimators"": 250, ""subsample"": 0.7}",4,6380,0.7440438871473354,0.010109565865544588,4.2731173139294794e+27,2510.2653940139658,0.0935490503228571,63.8514782333042
stage2,6615,32,0.58,74929,27,"{""atr_period"": 7, ""horizon_h"": 6, ""ma_windows"": [6, 18, 72], ""mtf_intervals"": [""4h"", ""1d""], ""ret_windows"": [1, 6, 12, 24, 48], ""rsi_period"": 14, ""target_threshold"": 0.0025, ""vol_windows"": [24, 72]}","{""colsample_bytree"": 0.7, ""gamma"": 0.0, ""learning_rate"": 0.03, ""max_depth"": 5, ""min_child_weight"": 1, ""n_estimators"": 250, ""subsample"": 0.7}",4,5560,0.7683453237410072,0.010962749805816154,1.2914421793468295e+26,2510.2653940139658,0.07823454942399288,60.386232962970624
stage2,6615,32,0.6,74929,27,"{""atr_period"": 7, ""horizon_h"": 6, ""ma_windows"": [6, 18, 72], ""mtf_intervals"": [""4h"", ""1d""], ""ret_windows"": [1, 6, 12, 24, 48], ""rsi_period"": 14, ""target_threshold"": 0.0025, ""vol_windows"": [24, 72]}","{""colsample_bytree"": 0.7, ""gamma"": 0.0, ""learning_rate"": 0.03, ""max_depth"": 5, ""min_child_weight"": 1, ""n_estimators"": 250, ""subsample"": 0.7}",4,5092,0.7804399057344855,0.011515860420592364,1.3114849712663464e+25,2510.2653940139658,0.07884120533897354,58.112845591198564
stage2,6615,32,0.62,74929,27,"{""atr_period"": 7, ""horizon_h"": 6, ""ma_windows"": [6, 18, 72], ""mtf_intervals"": [""4h"", ""1d""], ""ret_windows"": [1, 6, 12, 24, 48], ""rsi_period"": 14, ""target_threshold"": 0.0025, ""vol_windows"": [24, 72]}","{""colsample_bytree"": 0.7, ""gamma"": 0.0, ""learning_rate"": 0.03, ""max_depth"": 5, ""min_child_weight"": 1, ""n_estimators"": 250, ""subsample"": 0.7}",4,4603,0.7888333695416033,0.012106650786017227,7.340762218104876e+23,2510.2653940139658,0.07470976891539172,55.243464837990196
stage2,6615,32,0.65,74929,27,"{""atr_period"": 7, ""horizon_h"": 6, ""ma_windows"": [6, 18, 72], ""mtf_intervals"": [""4h"", ""1d""], ""ret_windows"": [1, 6, 12, 24, 48], ""rsi_period"": 14, ""target_threshold"": 0.0025, ""vol_windows"": [24, 72]}","{""colsample_bytree"": 0.7, ""gamma"": 0.0, ""learning_rate"": 0.03, ""max_depth"": 5, ""min_child_weight"": 1, ""n_estimators"": 250, ""subsample"": 0.7}",4,3871,0.8140015499870834,0.013326052346960203,1.2171637191710926e+22,2510.2653940139658,0.05465259221013519,51.18387874033235
stage2,6615,42,0.52,74929,27,"{""atr_period"": 7, ""horizon_h"": 6, ""ma_windows"": [6, 18, 72], ""mtf_intervals"": [""4h"", ""1d""], ""ret_windows"": [1, 6, 12, 24, 48], ""rsi_period"": 14, ""target_threshold"": 0.0025, ""vol_windows"": [24, 72]}","{""colsample_bytree"": 0.7, ""gamma"": 0.0, ""learning_rate"": 0.03, ""max_depth"": 5, ""min_child_weight"": 5, ""n_estimators"": 250, ""subsample"": 1.0}",4,7237,0.7248860024872185,0.009323404817901964,8.05527255336751e+28,2510.2653940139658,0.15615487057962218,66.73512806167764
stage2,6615,42,0.55,74929,27,"{""atr_period"": 7, ""horizon_h"": 6, ""ma_windows"": [6, 18, 72], ""mtf_intervals"": [""4h"", ""1d""], ""ret_windows"": [1, 6, 12, 24, 48], ""rsi_period"": 14, ""target_threshold"": 0.0025, ""vol_windows"": [24, 72]}","{""colsample_bytree"": 0.7, ""gamma"": 0.0, ""learning_rate"": 0.03, ""max_depth"": 5, ""min_child_weight"": 5, ""n_estimators"": 250, ""subsample"": 1.0}",4,6389,0.7429957739865394,0.010066902600864847,3.5684763749062913e+27,2510.2653940139658,0.12472793074441957,63.65450410441523
stage2,6615,42,0.58,74929,27,"{""atr_period"": 7, ""horizon_h"": 6, ""ma_windows"": [6, 18, 72], ""mtf_intervals"": [""4h"", ""1d""], ""ret_windows"": [1, 6, 12, 24, 48], ""rsi_period"": 14, ""target_threshold"": 0.0025, ""vol_windows"": [24, 72]}","{""colsample_bytree"": 0.7, ""gamma"": 0.0, ""learning_rate"": 0.03, ""max_depth"": 5, ""min_child_weight"": 5, ""n_estimators"": 250, ""subsample"": 1.0}",4,5522,0.7649402390438247,0.010975263923377512,9.145785615482952e+25,2510.2653940139658,0.07884120533897354,60.0382542095159
stage2,6615,42,0.6,74929,27,"{""atr_period"": 7, ""horizon_h"": 6, ""ma_windows"": [6, 18, 72], ""mtf_intervals"": [""4h"", ""1d""], ""ret_windows"": [1, 6, 12, 24, 48], ""rsi_period"": 14, ""target_threshold"": 0.0025, ""vol_windows"": [24, 72]}","{""colsample_bytree"": 0.7, ""gamma"": 0.0, ""learning_rate"": 0.03, ""max_depth"": 5, ""min_child_weight"": 5, ""n_estimators"": 250, ""subsample"": 1.0}",4,5012,0.7795291300877893,0.011570491886969085,6.895127197915045e+24,2510.2653940139658,0.07884120533897354,57.46962382727715
stage2,6615,42,0.62,74929,27,"{""atr_period"": 7, ""horizon_h"": 6, ""ma_windows"": [6, 18, 72], ""mtf_intervals"": [""4h"", ""1d""], ""ret_windows"": [1, 6, 12, 24, 48], ""rsi_period"": 14, ""target_threshold"": 0.0025, ""vol_windows"": [24, 72]}","{""colsample_bytree"": 0.7, ""gamma"": 0.0, ""learning_rate"": 0.03, ""max_depth"": 5, ""min_child_weight"": 5, ""n_estimators"": 250, ""subsample"": 1.0}",4,4543,0.7924279110719789,0.012253504637868388,6.922798646732155e+23,2510.2653940139658,0.07884120533897354,55.18682701874294
stage2,6615,42,0.65,74929,27,"{""atr_period"": 7, ""horizon_h"": 6, ""ma_windows"": [6, 18, 72], ""mtf_intervals"": [""4h"", ""1d""], ""ret_windows"": [1, 6, 12, 24, 48], ""rsi_period"": 14, ""target_threshold"": 0.0025, ""vol_windows"": [24, 72]}","{""colsample_bytree"": 0.7, ""gamma"": 0.0, ""learning_rate"": 0.03, ""max_depth"": 5, ""min_child_weight"": 5, ""n_estimators"": 250, ""subsample"": 1.0}",4,3857,0.8130671506352087,0.013267709995028142,8.134852262515242e+21,2510.2653940139658,0.07125685940208049,50.771411503425014
stage2,6615,44,0.52,74929,27,"{""atr_period"": 7, ""horizon_h"": 6, ""ma_windows"": [6, 18, 72], ""mtf_intervals"": [""4h"", ""1d""], ""ret_windows"": [1, 6, 12, 24, 48], ""rsi_period"": 14, ""target_threshold"": 0.0025, ""vol_windows"": [24, 72]}","{""colsample_bytree"": 1.0, ""gamma"": 0.0, ""learning_rate"": 0.03, ""max_depth"": 5, ""min_child_weight"": 1, ""n_estimators"": 250, ""subsample"": 1.0}",4,7258,0.7211352989804354,0.009280775132105453,7.16011421648923e+28,2510.2653940139658,0.1602158048719573,66.61195507450743
stage2,6615,44,0.55,74929,27,"{""atr_period"": 7, ""horizon_h"": 6, ""ma_windows"": [6, 18, 72], ""mtf_intervals"": [""4h"", ""1d""], ""ret_windows"": [1, 6, 12, 24, 48], ""rsi_period"": 14, ""target_threshold"": 0.0025, ""vol_windows"": [24, 72]}","{""colsample_bytree"": 1.0, ""gamma"": 0.0, ""learning_rate"": 0.03, ""max_depth"": 5, ""min_child_weight"": 1, ""n_estimators"": 250, ""subsample"": 1.0}",4,6386,0.7452239273410586,0.010086451356695158,3.932362711773815e+27,2510.2653940139658,0.11937909835277216,63.75621915854739
stage2,6615,44,0.58,74929,27,"{""atr_period"": 7, ""horizon_h"": 6, ""ma_windows"": [6, 18, 72], ""mtf_intervals"": [""4h"", ""1d""], ""ret_windows"": [1, 6, 12, 24, 48], ""rsi_period"": 14, ""target_threshold"": 0.0025, ""vol_windows"": [24, 72]}","{""colsample_bytree"": 1.0, ""gamma"": 0.0, ""learning_rate"": 0.03, ""max_depth"": 5, ""min_child_weight"": 1, ""n_estimators"": 250, ""subsample"": 1.0}",4,5569,0.7656670856527205,0.010953451957139848,1.3468878960483272e+26,2510.2653940139658,0.11937909835277216,60.4054808219045
stage2,6615,44,0.6,74929,27,"{""atr_period"": 7, ""horizon_h"": 6, ""ma_windows"": [6, 18, 72], ""mtf_intervals"": [""4h"", ""1d""], ""ret_windows"": [1, 6, 12, 24, 48], ""rsi_period"": 14, ""target_threshold"": 0.0025, ""vol_windows"": [24, 72]}","{""colsample_bytree"": 1.0, ""gamma"": 0.0, ""learning_rate"": 0.03, ""max_depth"": 5, ""min_child_weight"": 1, ""n_estimators"": 250, ""subsample"": 1.0}",4,5061,0.7792926299150366,0.011549456242389306,1.0881126349947889e+25,2510.2653940139658,0.07884120533897343,57.925481143939614
stage2,6615,44,0.62,74929,27,"{""atr_period"": 7, ""horizon_h"": 6, ""ma_windows"": [6, 18, 72], ""mtf_intervals"": [""4h"", ""1d""], ""ret_windows"": [1, 6, 12, 24, 48], ""rsi_period"": 14, ""target_threshold"": 0.0025, ""vol_windows"": [24, 72]}","{""colsample_bytree"": 1.0, ""gamma"": 0.0, ""learning_rate"": 0.03, ""max_depth"": 5, ""min_child_weight"": 1, ""n_estimators"": 250, ""subsample"": 1.0}",4,4583,0.7970761509927995,0.012221380744697601,9.728690479755372e+23,2510.2653940139658,0.07899211691902852,55.530472348453586
stage2,6615,44,0.65,74929,27,"{""atr_period"": 7, ""horizon_h"": 6, ""ma_windows"": [6, 18, 72], ""mtf_intervals"": [""4h"", ""1d""], ""ret_windows"": [1, 6, 12, 24, 48], ""rsi_period"": 14, ""target_threshold"": 0.0025, ""vol_windows"": [24, 72]}","{""colsample_bytree"": 1.0, ""gamma"": 0.0, ""learning_rate"": 0.03, ""max_depth"": 5, ""min_child_weight"": 1, ""n_estimators"": 250, ""subsample"": 1.0}",4,3919,0.8167899974483287,0.013237991720851544,1.6396810088213977e+22,2510.2653940139658,0.07573261296471656,51.4728433872131
stage2,6615,23,0.52,74929,27,"{""atr_period"": 7, ""horizon_h"": 6, ""ma_windows"": [6, 18, 72], ""mtf_intervals"": [""4h"", ""1d""], ""ret_windows"": [1, 6, 12, 24, 48], ""rsi_period"": 14, ""target_threshold"": 0.0025, ""vol_windows"": [24, 72]}","{""colsample_bytree"": 1.0, ""gamma"": 0.2, ""learning_rate"": 0.07, ""max_depth"": 3, ""min_child_weight"": 5, ""n_estimators"": 250, ""subsample"": 0.7}",4,6976,0.7223337155963303,0.009439950564932846,1.6042863248340019e+28,2510.2653940139658,0.1347314074906617,65.13108247735272
stage2,6615,23,0.55,74929,27,"{""atr_period"": 7, ""horizon_h"": 6, ""ma_windows"": [6, 18, 72], ""mtf_intervals"": [""4h"", ""1d""], ""ret_windows"": [1, 6, 12, 24, 48], ""rsi_period"": 14, ""target_threshold"": 0.0025, ""vol_windows"": [24, 72]}","{""colsample_bytree"": 1.0, ""gamma"": 0.2, ""learning_rate"": 0.07, ""max_depth"": 3, ""min_child_weight"": 5, ""n_estimators"": 250, ""subsample"": 0.7}",4,6123,0.7403233708966193,0.010216859965375606,6.179783273648003e+26,2510.2653940139658,0.13006157112375039,61.89745841058929
stage2,6615,23,0.58,74929,27,"{""atr_period"": 7, ""horizon_h"": 6, ""ma_windows"": [6, 18, 72], ""mtf_intervals"": [""4h"", ""1d""], ""ret_windows"": [1, 6, 12, 24, 48], ""rsi_period"": 14, ""target_threshold"": 0.0025, ""vol_windows"": [24, 72]}","{""colsample_bytree"": 1.0, ""gamma"": 0.2, ""learning_rate"": 0.07, ""max_depth"": 3, ""min_child_weight"": 5, ""n_estimators"": 250, ""subsample"": 0.7}",4,5303,0.7622100697718273,0.011093825042541283,1.5596447836774337e+25,2510.2653940139658,0.10160170776080057,58.256803219690894
stage2,6615,23,0.6,74929,27,"{""atr_period"": 7, ""horizon_h"": 6, ""ma_windows"": [6, 18, 72], ""mtf_intervals"": [""4h"", ""1d""], ""ret_windows"": [1, 6, 12, 24, 48], ""rsi_period"": 14, ""target_threshold"": 0.0025, ""vol_windows"": [24, 72]}","{""colsample_bytree"": 1.0, ""gamma"": 0.2, ""learning_rate"": 0.07, ""max_depth"": 3, ""min_child_weight"": 5, ""n_estimators"": 250, ""subsample"": 0.7}",4,4783,0.7781726949613214,0.011718632770634618,1.0065272684092134e+24,2510.2653940139658,0.10160170776080057,55.534034654150744
stage2,6615,23,0.62,74929,27,"{""atr_period"": 7, ""horizon_h"": 6, ""ma_windows"": [6, 18, 72], ""mtf_intervals"": [""4h"", ""1d""], ""ret_windows"": [1, 6, 12, 24, 48], ""rsi_period"": 14, ""target_threshold"": 0.0025, ""vol_windows"": [24, 72]}","{""colsample_bytree"": 1.0, ""gamma"": 0.2, ""learning_rate"": 0.07, ""max_depth"": 3, ""min_child_weight"": 5, ""n_estimators"": 250, ""subsample"": 0.7}",4,4324,0.790009250693802,0.012290756259446745,5.6970780397741416e+22,2510.2653940139658,0.10160170776080069,52.67635806142178
stage2,6615,23,0.65,74929,27,"{""atr_period"": 7, ""horizon_h"": 6, ""ma_windows"": [6, 18, 72], ""mtf_intervals"": [""4h"", ""1d""], ""ret_windows"": [1, 6, 12, 24, 48], ""rsi_period"": 14, ""target_threshold"": 0.0025, ""vol_windows"": [24, 72]}","{""colsample_bytree"": 1.0, ""gamma"": 0.2, ""learning_rate"": 0.07, ""max_depth"": 3, ""min_child_weight"": 5, ""n_estimators"": 250, ""subsample"": 0.7}",4,3636,0.806930693069307,0.013335313206459322,5.7021136974979806e+20,2510.2653940139658,0.07092643614738758,48.10930263213902
stage2,3483,51,0.52,74772,27,"{""atr_period"": 7, ""horizon_h"": 6, ""ma_windows"": [8, 24, 96], ""mtf_intervals"": [""4h"", ""1d""], ""ret_windows"": [1, 2, 4, 8, 24], ""rsi_period"": 21, ""target_threshold"": 0.0025, ""vol_windows"": [24, 72]}","{""colsample_bytree"": 0.7, ""gamma"": 0.2, ""learning_rate"": 0.07, ""max_depth"": 5, ""min_child_weight"": 5, ""n_estimators"": 250, ""subsample"": 0.7}",4,7653,0.715405723245786,0.008963422592151113,2.452719914864266e+29,2192.578913547333,0.1561548705796224,67.83811979897807
stage2,3483,51,0.55,74772,27,"{""atr_period"": 7, ""horizon_h"": 6, ""ma_windows"": [8, 24, 96], ""mtf_intervals"": [""4h"", ""1d""], ""ret_windows"": [1, 2, 4, 8, 24], ""rsi_period"": 21, ""target_threshold"": 0.0025, ""vol_windows"": [24, 72]}","{""colsample_bytree"": 0.7, ""gamma"": 0.2, ""learning_rate"": 0.07, ""max_depth"": 5, ""min_child_weight"": 5, ""n_estimators"": 250, ""subsample"": 0.7}",4,6834,0.7348551360842844,0.009660339053024807,1.9198106413358839e+28,2192.578913547333,0.14489499514350945,65.3173284844249
stage2,3483,51,0.58,74772,27,"{""atr_period"": 7, ""horizon_h"": 6, ""ma_windows"": [8, 24, 96], ""mtf_intervals"": [""4h"", ""1d""], ""ret_windows"": [1, 2, 4, 8, 24], ""rsi_period"": 21, ""target_threshold"": 0.0025, ""vol_windows"": [24, 72]}","{""colsample_bytree"": 0.7, ""gamma"": 0.2, ""learning_rate"": 0.07, ""max_depth"": 5, ""min_child_weight"": 5, ""n_estimators"": 250, ""subsample"": 0.7}",4,6062,0.7545364566149786,0.010414698765703077,1.1082448961019168e+27,2192.578913547333,0.14489499514350945,62.48707435795042
stage2,3483,51,0.6,74772,27,"{""atr_period"": 7, ""horizon_h"": 6, ""ma_windows"": [8, 24, 96], ""mtf_intervals"": [""4h"", ""1d""], ""ret_windows"": [1, 2, 4, 8, 24], ""rsi_period"": 21, ""target_threshold"": 0.0025, ""vol_windows"": [24, 72]}","{""colsample_bytree"": 0.7, ""gamma"": 0.2, ""learning_rate"": 0.07, ""max_depth"": 5, ""min_child_weight"": 5, ""n_estimators"": 250, ""subsample"": 0.7}",4,5597,0.7646953725209934,0.010833623267255154,9.395612718135106e+25,2192.578913547333,0.14028001144506475,60.03315545149278
stage2,3483,51,0.62,74772,27,"{""atr_period"": 7, ""horizon_h"": 6, ""ma_windows"": [8, 24, 96], ""mtf_intervals"": [""4h"", ""1d""], ""ret_windows"": [1, 2, 4, 8, 24], ""rsi_period"": 21, ""target_threshold"": 0.0025, ""vol_windows"": [24, 72]}","{""colsample_bytree"": 0.7, ""gamma"": 0.2, ""learning_rate"": 0.07, ""max_depth"": 5, ""min_child_weight"": 5, ""n_estimators"": 250, ""subsample"": 0.7}",4,5107,0.7803015468964167,0.011437982726048642,1.0487283594017735e+25,2192.578913547333,0.12000410582423149,57.86794871519231
stage2,3483,51,0.65,74772,27,"{""atr_period"": 7, ""horizon_h"": 6, ""ma_windows"": [8, 24, 96], ""mtf_intervals"": [""4h"", ""1d""], ""ret_windows"": [1, 2, 4, 8, 24], ""rsi_period"": 21, ""target_threshold"": 0.0025, ""vol_windows"": [24, 72]}","{""colsample_bytree"": 0.7, ""gamma"": 0.2, ""learning_rate"": 0.07, ""max_depth"": 5, ""min_child_weight"": 5, ""n_estimators"": 250, ""subsample"": 0.7}",4,4441,0.7977932897995947,0.012291147350692021,2.376542424476516e+23,2192.578913547333,0.11845351888202849,54.102440858642574
stage2,3483,58,0.52,74772,27,"{""atr_period"": 7, ""horizon_h"": 6, ""ma_windows"": [8, 24, 96], ""mtf_intervals"": [""4h"", ""1d""], ""ret_windows"": [1, 2, 4, 8, 24], ""rsi_period"": 21, ""target_threshold"": 0.0025, ""vol_windows"": [24, 72]}","{""colsample_bytree"": 0.7, ""gamma"": 0.0, ""learning_rate"": 0.07, ""max_depth"": 5, ""min_child_weight"": 5, ""n_estimators"": 250, ""subsample"": 1.0}",4,7692,0.7138585543421737,0.00893092882208985,2.6845717043013135e+29,2192.578913547333,0.15615487057962218,67.92694573659837
stage2,3483,58,0.55,74772,27,"{""atr_period"": 7, ""horizon_h"": 6, ""ma_windows"": [8, 24, 96], ""mtf_intervals"": [""4h"", ""1d""], ""ret_windows"": [1, 2, 4, 8, 24], ""rsi_period"": 21, ""target_threshold"": 0.0025, ""vol_windows"": [24, 72]}","{""colsample_bytree"": 0.7, ""gamma"": 0.0, ""learning_rate"": 0.07, ""max_depth"": 5, ""min_child_weight"": 5, ""n_estimators"": 250, ""subsample"": 1.0}",4,6851,0.7330316742081447,0.009572218297262972,1.2346606395453778e+28,2192.578913547333,0.14489499514350934,64.87373433853234
stage2,3483,58,0.58,74772,27,"{""atr_period"": 7, ""horizon_h"": 6, ""ma_windows"": [8, 24, 96], ""mtf_intervals"": [""4h"", ""1d""], ""ret_windows"": [1, 2, 4, 8, 24], ""rsi_period"": 21, ""target_threshold"": 0.0025, ""vol_windows"": [24, 72]}","{""colsample_bytree"": 0.7, ""gamma"": 0.0, ""learning_rate"": 0.07, ""max_depth"": 5, ""min_child_weight"": 5, ""n_estimators"": 250, ""subsample"": 1.0}",4,6096,0.7508202099737533,0.010247594147856294,5.747721944710085e+26,2192.578913547333,0.13182182650746788,61.83274201853246
stage2,3483,58,0.6,74772,27,"{""atr_period"": 7, ""horizon_h"": 6, ""ma_windows"": [8, 24, 96], ""mtf_intervals"": [""4h"", ""1d""], ""ret_windows"": [1, 2, 4, 8, 24], ""rsi_period"": 21, ""target_threshold"": 0.0025, ""vol_windows"": [24, 72]}","{""colsample_bytree"": 0.7, ""gamma"": 0.0, ""learning_rate"": 0.07, ""max_depth"": 5, ""min_child_weight"": 5, ""n_estimators"": 250, ""subsample"": 1.0}",4,5587,0.7674959727939861,0.0108017118507631,7.0769284962000805e+25,2192.578913547333,0.11129695417982433,59.76622930615714
stage2,3483,58,0.62,74772,27,"{""atr_period"": 7, ""horizon_h"": 6, ""ma_windows"": [8, 24, 96], ""mtf_intervals"": [""4h"", ""1d""], ""ret_windows"": [1, 2, 4, 8, 24], ""rsi_period"": 21, ""target_threshold"": 0.0025, ""vol_windows"": [24, 72]}","{""colsample_bytree"": 0.7, ""gamma"": 0.0, ""learning_rate"": 0.07, ""max_depth"": 5, ""min_child_weight"": 5, ""n_estimators"": 250, ""subsample"": 1.0}",4,5079,0.7836188226028746,0.011435126385351683,7.503615105632012e+24,2192.578913547333,0.11129695417982433,57.54015474242736
stage2,3483,58,0.65,74772,27,"{""atr_period"": 7, ""horizon_h"": 6, ""ma_windows"": [8, 24, 96], ""mtf_intervals"": [""4h"", ""1d""], ""ret_windows"": [1, 2, 4, 8, 24], ""rsi_period"": 21, ""target_threshold"": 0.0025, ""vol_windows"": [24, 72]}","{""colsample_bytree"": 0.7, ""gamma"": 0.0, ""learning_rate"": 0.07, ""max_depth"": 5, ""min_child_weight"": 5, ""n_estimators"": 250, ""subsample"": 1.0}",4,4424,0.8024412296564195,0.012312798065069349,2.1188684081156995e+23,2192.578913547333,0.11129695417982433,53.99514620644022
stage2,3483,50,0.52,74772,27,"{""atr_period"": 7, ""horizon_h"": 6, ""ma_windows"": [8, 24, 96], ""mtf_intervals"": [""4h"", ""1d""], ""ret_windows"": [1, 2, 4, 8, 24], ""rsi_period"": 21, ""target_threshold"": 0.0025, ""vol_windows"": [24, 72]}","{""colsample_bytree"": 0.7, ""gamma"": 0.0, ""learning_rate"": 0.07, ""max_depth"": 5, ""min_child_weight"": 5, ""n_estimators"": 250, ""subsample"": 0.7}",4,7632,0.7164570230607966,0.0089889725464847,2.4646395669077216e+29,2192.578913547333,0.15615487057962196,67.84401323684003
stage2,3483,50,0.55,74772,27,"{""atr_period"": 7, ""horizon_h"": 6, ""ma_windows"": [8, 24, 96], ""mtf_intervals"": [""4h"", ""1d""], ""ret_windows"": [1, 2, 4, 8, 24], ""rsi_period"": 21, ""target_threshold"": 0.0025, ""vol_windows"": [24, 72]}","{""colsample_bytree"": 0.7, ""gamma"": 0.0, ""learning_rate"": 0.07, ""max_depth"": 5, ""min_child_weight"": 5, ""n_estimators"": 250, ""subsample"": 0.7}",4,6806,0.7371436967381721,0.009704688937205518,1.9847585442154655e+28,2192.578913547333,0.14489499514350934,65.35278484169636
stage2,3483,50,0.58,74772,27,"{""atr_period"": 7, ""horizon_h"": 6, ""ma_windows"": [8, 24, 96], ""mtf_intervals"": [""4h"", ""1d""], ""ret_windows"": [1, 2, 4, 8, 24], ""rsi_period"": 21, ""target_threshold"": 0.0025, ""vol_windows"": [24, 72]}","{""colsample_bytree"": 0.7, ""gamma"": 0.0, ""learning_rate"": 0.07, ""max_depth"": 5, ""min_child_weight"": 5, ""n_estimators"": 250, ""subsample"": 0.7}",4,6034,0.7560490553529997,0.010436037947150182,9.454969717241436e+26,2192.578913547333,0.14028001144506463,62.33194045925744
stage2,3483,50,0.6,74772,27,"{""atr_period"": 7, ""horizon_h"": 6, ""ma_windows"": [8, 24, 96], ""mtf_intervals"": [""4h"", ""1d""], ""ret_windows"": [1, 2, 4, 8, 24], ""rsi_period"": 21, ""target_threshold"": 0.0025, ""vol_windows"": [24, 72]}","{""colsample_bytree"": 0.7, ""gamma"": 0.0, ""learning_rate"": 0.07, ""max_depth"": 5, ""min_child_weight"": 5, ""n_estimators"": 250, ""subsample"": 0.7}",4,5597,0.7664820439521172,0.010893949554601658,1.3156418774111492e+26,2192.578913547333,0.14028001144506463,60.37173430996351
stage2,3483,50,0.62,74772,27,"{""atr_period"": 7, ""horizon_h"": 6, ""ma_windows"": [8, 24, 96], ""mtf_intervals"": [""4h"", ""1d""], ""ret_windows"": [1, 2, 4, 8, 24], ""rsi_period"": 21, ""target_threshold"": 0.0025, ""vol_windows"": [24, 72]}","{""colsample_bytree"": 0.7, ""gamma"": 0.0, ""learning_rate"": 0.07, ""max_depth"": 5, ""min_child_weight"": 5, ""n_estimators"": 250, ""subsample"": 0.7}",4,5120,0.7796875,0.011407135132351484,1.0400157031658997e+25,2192.578913547333,0.12000410582423149,57.85886816523511
stage2,3483,50,0.65,74772,27,"{""atr_period"": 7, ""horizon_h"": 6, ""ma_windows"": [8, 24, 96], ""mtf_intervals"": [""4h"", ""1d""], ""ret_windows"": [1, 2, 4, 8, 24], ""rsi_period"": 21, ""target_threshold"": 0.0025, ""vol_windows"": [24, 72]}","{""colsample_bytree"": 0.7, ""gamma"": 0.0, ""learning_rate"": 0.07, ""max_depth"": 5, ""min_child_weight"": 5, ""n_estimators"": 250, ""subsample"": 0.7}",4,4420,0.7986425339366516,0.01233901912233555,2.2787377388911304e+23,2192.578913547333,0.0853788986291979,54.07801553604348
stage2,3483,48,0.52,74772,27,"{""atr_period"": 7, ""horizon_h"": 6, ""ma_windows"": [8, 24, 96], ""mtf_intervals"": [""4h"", ""1d""], ""ret_windows"": [1, 2, 4, 8, 24], ""rsi_period"": 21, ""target_threshold"": 0.0025, ""vol_windows"": [24, 72]}","{""colsample_bytree"": 0.7, ""gamma"": 0.0, ""learning_rate"": 0.07, ""max_depth"": 5, ""min_child_weight"": 1, ""n_estimators"": 250, ""subsample"": 0.7}",4,7597,0.7151507173884428,0.008948531460910202,1.3238112607087467e+29,2192.578913547333,0.14489499514350956,67.22674391987209
stage2,3483,48,0.55,74772,27,"{""atr_period"": 7, ""horizon_h"": 6, ""ma_windows"": [8, 24, 96], ""mtf_intervals"": [""4h"", ""1d""], ""ret_windows"": [1, 2, 4, 8, 24], ""rsi_period"": 21, ""target_threshold"": 0.0025, ""vol_windows"": [24, 72]}","{""colsample_bytree"": 0.7, ""gamma"": 0.0, ""learning_rate"": 0.07, ""max_depth"": 5, ""min_child_weight"": 1, ""n_estimators"": 250, ""subsample"": 0.7}",4,6806,0.7333235380546577,0.009611923419095664,1.0571376024861617e+28,2192.578913547333,0.14489499514350934,64.71905420457928
stage2,3483,48,0.58,74772,27,"{""atr_period"": 7, ""horizon_h"": 6, ""ma_windows"": [8, 24, 96], ""mtf_intervals"": [""4h"", ""1d""], ""ret_windows"": [1, 2, 4, 8, 24], ""rsi_period"": 21, ""target_threshold"": 0.0025, ""vol_windows"": [24, 72]}","{""colsample_bytree"": 0.7, ""gamma"": 0.0, ""learning_rate"": 0.07, ""max_depth"": 5, ""min_child_weight"": 1, ""n_estimators"": 250, ""subsample"": 0.7}",4,6045,0.7523573200992556,0.010308261758723885,4.9156883369238454e+26,2192.578913547333,0.14489499514350956,61.67154866242017
stage2,3483,48,0.6,74772,27,"{""atr_period"": 7, ""horizon_h"": 6, ""ma_windows"": [8, 24, 96], ""mtf_intervals"": [""4h"", ""1d""], ""ret_windows"": [1, 2, 4, 8, 24], ""rsi_period"": 21, ""target_threshold"": 0.0025, ""vol_windows"": [24, 72]}","{""colsample_bytree"": 0.7, ""gamma"": 0.0, ""learning_rate"": 0.07, ""max_depth"": 5, ""min_child_weight"": 1, ""n_estimators"": 250, ""subsample"": 0.7}",4,5560,0.7660071942446043,0.010844853650568503,6.7036565995877705e+25,2192.578913547333,0.1200041058242316,59.70684299519524
stage2,3483,48,0.62,74772,27,"{""atr_period"": 7, ""horizon_h"": 6, ""ma_windows"": [8, 24, 96], ""mtf_intervals"": [""4h"", ""1d""], ""ret_windows"": [1, 2, 4, 8, 24], ""rsi_period"": 21, ""target_threshold"": 0.0025, ""vol_windows"": [24, 72]}","{""colsample_bytree"": 0.7, ""gamma"": 0.0, ""learning_rate"": 0.07, ""max_depth"": 5, ""min_child_weight"": 1, ""n_estimators"": 250, ""subsample"": 0.7}",4,5135,0.7783836416747809,0.011403864613421733,1.2038583585747527e+25,2192.578913547333,0.10349062153486255,58.01235154191736
stage2,3483,48,0.65,74772,27,"{""atr_period"": 7, ""horizon_h"": 6, ""ma_windows"": [8, 24, 96], ""mtf_intervals"": [""4h"", ""1d""], ""ret_windows"": [1, 2, 4, 8, 24], ""rsi_period"": 21, ""target_threshold"": 0.0025, ""vol_windows"": [24, 72]}","{""colsample_bytree"": 0.7, ""gamma"": 0.0, ""learning_rate"": 0.07, ""max_depth"": 5, ""min_child_weight"": 1, ""n_estimators"": 250, ""subsample"": 0.7}",4,4426,0.8014008133755084,0.01238199777558367,2.9416277842360124e+23,2192.578913547333,0.0855287391521996,54.335832498432474
stage2,3483,57,0.52,74772,27,"{""atr_period"": 7, ""horizon_h"": 6, ""ma_windows"": [8, 24, 96], ""mtf_intervals"": [""4h"", ""1d""], ""ret_windows"": [1, 2, 4, 8, 24], ""rsi_period"": 21, ""target_threshold"": 0.0025, ""vol_windows"": [24, 72]}","{""colsample_bytree"": 0.7, ""gamma"": 0.2, ""learning_rate"": 0.07, ""max_depth"": 5, ""min_child_weight"": 1, ""n_estimators"": 250, ""subsample"": 1.0}",4,7648,0.7160041841004184,0.008940482406008391,1.95450437188286e+29,2192.578913547333,0.21341759416310058,67.58272274935183
stage2,3483,57,0.55,74772,27,"{""atr_period"": 7, ""horizon_h"": 6, ""ma_windows"": [8, 24, 96], ""mtf_intervals"": [""4h"", ""1d""], ""ret_windows"": [1, 2, 4, 8, 24], ""rsi_period"": 21, ""target_threshold"": 0.0025, ""vol_windows"": [24, 72]}","{""colsample_bytree"": 0.7, ""gamma"": 0.2, ""learning_rate"": 0.07, ""max_depth"": 5, ""min_child_weight"": 1, ""n_estimators"": 250, ""subsample"": 1.0}",4,6859,0.7353841667881615,0.009654187482152951,2.3435936653645703e+28,2192.578913547333,0.1318218265074682,65.52369802960138
stage2,3483,57,0.58,74772,27,"{""atr_period"": 7, ""horizon_h"": 6, ""ma_windows"": [8, 24, 96], ""mtf_intervals"": [""4h"", ""1d""], ""ret_windows"": [1, 2, 4, 8, 24], ""rsi_period"": 21, ""target_threshold"": 0.0025, ""vol_windows"": [24, 72]}","{""colsample_bytree"": 0.7, ""gamma"": 0.2, ""learning_rate"": 0.07, ""max_depth"": 5, ""min_child_weight"": 1, ""n_estimators"": 250, ""subsample"": 1.0}",4,6057,0.7530130427604425,0.010369213598494818,8.006435737731012e+26,2192.578913547333,0.131821826507468,62.16691133307367
stage2,3483,57,0.6,74772,27,"{""atr_period"": 7, ""horizon_h"": 6, ""ma_windows"": [8, 24, 96], ""mtf_intervals"": [""4h"", ""1d""], ""ret_windows"": [1, 2, 4, 8, 24], ""rsi_period"": 21, ""target_threshold"": 0.0025, ""vol_windows"": [24, 72]}","{""colsample_bytree"": 0.7, ""gamma"": 0.2, ""learning_rate"": 0.07, ""max_depth"": 5, ""min_child_weight"": 1, ""n_estimators"": 250, ""subsample"": 1.0}",4,5572,0.7648959081119885,0.01088929414699259,9.72511044302493e+25,2192.578913547333,0.11129695417982433,60.08272117347604
stage2,3483,57,0.62,74772,27,"{""atr_period"": 7, ""horizon_h"": 6, ""ma_windows"": [8, 24, 96], ""mtf_intervals"": [""4h"", ""1d""], ""ret_windows"": [1, 2, 4, 8, 24], ""rsi_period"": 21, ""target_threshold"": 0.0025, ""vol_windows"": [24, 72]}","{""colsample_bytree"": 0.7, ""gamma"": 0.2, ""learning_rate"": 0.07, ""max_depth"": 5, ""min_child_weight"": 1, ""n_estimators"": 250, ""subsample"": 1.0}",4,5104,0.7762539184952978,0.011427639266367876,9.537405295805279e+24,2192.578913547333,0.09442628563518907,57.78247480486141
stage2,3483,57,0.65,74772,27,"{""atr_period"": 7, ""horizon_h"": 6, ""ma_windows"": [8, 24, 96], ""mtf_intervals"": [""4h"", ""1d""], ""ret_windows"": [1, 2, 4, 8, 24], ""rsi_period"": 21, ""target_threshold"": 0.0025, ""vol_windows"": [24, 72]}","{""colsample_bytree"": 0.7, ""gamma"": 0.2, ""learning_rate"": 0.07, ""max_depth"": 5, ""min_child_weight"": 1, ""n_estimators"": 250, ""subsample"": 1.0}",4,4382,0.7996348699224098,0.012430625234954288,2.119573390903034e+23,2192.578913547333,0.07884120533897343,54.01040427173932
stage2,3483,61,0.52,74772,27,"{""atr_period"": 7, ""horizon_h"": 6, ""ma_windows"": [8, 24, 96], ""mtf_intervals"": [""4h"", ""1d""], ""ret_windows"": [1, 2, 4, 8, 24], ""rsi_period"": 21, ""target_threshold"": 0.0025, ""vol_windows"": [24, 72]}","{""colsample_bytree"": 1.0, ""gamma"": 0.2, ""learning_rate"": 0.07, ""max_depth"": 5, ""min_child_weight"": 1, ""n_estimators"": 250, ""subsample"": 1.0}",4,7679,0.7144159395754656,0.008901873863951693,1.907807181407411e+29,2192.578913547333,0.2134175941631007,67.55696115227458
stage2,3483,61,0.55,74772,27,"{""atr_period"": 7, ""horizon_h"": 6, ""ma_windows"": [8, 24, 96], ""mtf_intervals"": [""4h"", ""1d""], ""ret_windows"": [1, 2, 4, 8, 24], ""rsi_period"": 21, ""target_threshold"": 0.0025, ""vol_windows"": [24, 72]}","{""colsample_bytree"": 1.0, ""gamma"": 0.2, ""learning_rate"": 0.07, ""max_depth"": 5, ""min_child_weight"": 1, ""n_estimators"": 250, ""subsample"": 1.0}",4,6858,0.7357830271216098,0.009612383759176654,1.735489091816994e+28,2192.578913547333,0.1609085116829314,65.20874311073663
stage2,3483,61,0.58,74772,27,"{""atr_period"": 7, ""horizon_h"": 6, ""ma_windows"": [8, 24, 96], ""mtf_intervals"": [""4h"", ""1d""], ""ret_windows"": [1, 2, 4, 8, 24], ""rsi_period"": 21, ""target_threshold"": 0.0025, ""vol_windows"": [24, 72]}","{""colsample_bytree"": 1.0, ""gamma"": 0.2, ""learning_rate"": 0.07, ""max_depth"": 5, ""min_child_weight"": 1, ""n_estimators"": 250, ""subsample"": 1.0}",4,6133,0.7537909669003751,0.010312744927494536,1.2474572841740026e+27,2192.578913547333,0.10246331362828787,62.625207893879555
stage2,3483,61,0.6,74772,27,"{""atr_period"": 7, ""horizon_h"": 6, ""ma_windows"": [8, 24, 96], ""mtf_intervals"": [""4h"", ""1d""], ""ret_windows"": [1, 2, 4, 8, 24], ""rsi_period"": 21, ""target_threshold"": 0.0025, ""vol_windows"": [24, 72]}","{""colsample_bytree"": 1.0, ""gamma"": 0.2, ""learning_rate"": 0.07, ""max_depth"": 5, ""min_child_weight"": 1, ""n_estimators"": 250, ""subsample"": 1.0}",4,5669,0.7638031398835774,0.01082271725521327,1.9125535173258323e+26,2192.578913547333,0.0864918152021441,60.7700300294352
stage2,3483,61,0.62,74772,27,"{""atr_period"": 7, ""horizon_h"": 6, ""ma_windows"": [8, 24, 96], ""mtf_intervals"": [""4h"", ""1d""], ""ret_windows"": [1, 2, 4, 8, 24], ""rsi_period"": 21, ""target_threshold"": 0.0025, ""vol_windows"": [24, 72]}","{""colsample_bytree"": 1.0, ""gamma"": 0.2, ""learning_rate"": 0.07, ""max_depth"": 5, ""min_child_weight"": 1, ""n_estimators"": 250, ""subsample"": 1.0}",4,5187,0.7809909388856757,0.011442232710783873,2.6491605269279576e+25,2192.578913547333,0.086491815202144,58.811954837565565
stage2,3483,61,0.65,74772,27,"{""atr_period"": 7, ""horizon_h"": 6, ""ma_windows"": [8, 24, 96], ""mtf_intervals"": [""4h"", ""1d""], ""ret_windows"": [1, 2, 4, 8, 24], ""rsi_period"": 21, ""target_threshold"": 0.0025, ""vol_windows"": [24, 72]}","{""colsample_bytree"": 1.0, ""gamma"": 0.2, ""learning_rate"": 0.07, ""max_depth"": 5, ""min_child_weight"": 1, ""n_estimators"": 250, ""subsample"": 1.0}",4,4490,0.8006681514476615,0.012329713876017572,5.1175589480418104e+23,2192.578913547333,0.07884120533897354,54.89188632576069
stage2,3483,38,0.52,74772,27,"{""atr_period"": 7, ""horizon_h"": 6, ""ma_windows"": [8, 24, 96], ""mtf_intervals"": [""4h"", ""1d""], ""ret_windows"": [1, 2, 4, 8, 24], ""rsi_period"": 21, ""target_threshold"": 0.0025, ""vol_windows"": [24, 72]}","{""colsample_bytree"": 1.0, ""gamma"": 0.0, ""learning_rate"": 0.03, ""max_depth"": 5, ""min_child_weight"": 5, ""n_estimators"": 250, ""subsample"": 0.7}",4,7244,0.7241855328547764,0.00930376871274245,7.463828551314135e+28,2192.578913547333,0.14489499514350923,66.66378217544734
stage2,3483,38,0.55,74772,27,"{""atr_period"": 7, ""horizon_h"": 6, ""ma_windows"": [8, 24, 96], ""mtf_intervals"": [""4h"", ""1d""], ""ret_windows"": [1, 2, 4, 8, 24], ""rsi_period"": 21, ""target_threshold"": 0.0025, ""vol_windows"": [24, 72]}","{""colsample_bytree"": 1.0, ""gamma"": 0.0, ""learning_rate"": 0.03, ""max_depth"": 5, ""min_child_weight"": 5, ""n_estimators"": 250, ""subsample"": 0.7}",4,6394,0.7422583672192681,0.010042326281079003,3.2020928339404476e+27,2192.578913547333,0.14489499514350956,63.535299923931866
stage2,3483,38,0.58,74772,27,"{""atr_period"": 7, ""horizon_h"": 6, ""ma_windows"": [8, 24, 96], ""mtf_intervals"": [""4h"", ""1d""], ""ret_windows"": [1, 2, 4, 8, 24], ""rsi_period"": 21, ""target_threshold"": 0.0025, ""vol_windows"": [24, 72]}","{""colsample_bytree"": 1.0, ""gamma"": 0.0, ""learning_rate"": 0.03, ""max_depth"": 5, ""min_child_weight"": 5, ""n_estimators"": 250, ""subsample"": 0.7}",4,5547,0.7690643591130341,0.0110463568940597,1.7666077607656918e+26,2192.578913547333,0.1184535188820286,60.680669189218335
stage2,3483,38,0.6,74772,27,"{""atr_period"": 7, ""horizon_h"": 6, ""ma_windows"": [8, 24, 96], ""mtf_intervals"": [""4h"", ""1d""], ""ret_windows"": [1, 2, 4, 8, 24], ""rsi_period"": 21, ""target_threshold"": 0.0025, ""vol_windows"": [24, 72]}","{""colsample_bytree"": 1.0, ""gamma"": 0.0, ""learning_rate"": 0.03, ""max_depth"": 5, ""min_child_weight"": 5, ""n_estimators"": 250, ""subsample"": 0.7}",4,5080,0.7793307086614173,0.011524504934192785,1.1922953841444316e+25,2192.578913547333,0.0922060733109219,58.0100652380331
stage2,3483,38,0.62,74772,27,"{""atr_period"": 7, ""horizon_h"": 6, ""ma_windows"": [8, 24, 96], ""mtf_intervals"": [""4h"", ""1d""], ""ret_windows"": [1, 2, 4, 8, 24], ""rsi_period"": 21, ""target_threshold"": 0.0025, ""vol_windows"": [24, 72]}","{""colsample_bytree"": 1.0, ""gamma"": 0.0, ""learning_rate"": 0.03, ""max_depth"": 5, ""min_child_weight"": 5, ""n_estimators"": 250, ""subsample"": 0.7}",4,4571,0.7915117042222708,0.012146227701573774,5.978854444492638e+23,2192.578913547333,0.09220607331092212,55.031962272343605
stage2,3483,38,0.65,74772,27,"{""atr_period"": 7, ""horizon_h"": 6, ""ma_windows"": [8, 24, 96], ""mtf_intervals"": [""4h"", ""1d""], ""ret_windows"": [1, 2, 4, 8, 24], ""rsi_period"": 21, ""target_threshold"": 0.0025, ""vol_windows"": [24, 72]}","{""colsample_bytree"": 1.0, ""gamma"": 0.0, ""learning_rate"": 0.03, ""max_depth"": 5, ""min_child_weight"": 5, ""n_estimators"": 250, ""subsample"": 0.7}",4,3897,0.8137028483448807,0.013258395758820514,1.3248955040748995e+22,2192.578913547333,0.0855287391521995,51.25247071251844
stage2,3483,36,0.52,74772,27,"{""atr_period"": 7, ""horizon_h"": 6, ""ma_windows"": [8, 24, 96], ""mtf_intervals"": [""4h"", ""1d""], ""ret_windows"": [1, 2, 4, 8, 24], ""rsi_period"": 21, ""target_threshold"": 0.0025, ""vol_windows"": [24, 72]}","{""colsample_bytree"": 1.0, ""gamma"": 0.0, ""learning_rate"": 0.03, ""max_depth"": 5, ""min_child_weight"": 1, ""n_estimators"": 250, ""subsample"": 0.7}",4,7237,0.7240569296669891,0.009286954308954803,6.178635451211262e+28,2192.578913547333,0.1561548705796224,66.46894379306333
stage2,3483,36,0.55,74772,27,"{""atr_period"": 7, ""horizon_h"": 6, ""ma_windows"": [8, 24, 96], ""mtf_intervals"": [""4h"", ""1d""], ""ret_windows"": [1, 2, 4, 8, 24], ""rsi_period"": 21, ""target_threshold"": 0.0025, ""vol_windows"": [24, 72]}","{""colsample_bytree"": 1.0, ""gamma"": 0.0, ""learning_rate"": 0.03, ""max_depth"": 5, ""min_child_weight"": 1, ""n_estimators"": 250, ""subsample"": 0.7}",4,6403,0.7454318288302358,0.010102636761670569,5.142496608553146e+27,2192.578913547333,0.14489499514350934,64.01205525347599
stage2,3483,36,0.58,74772,27,"{""atr_period"": 7, ""horizon_h"": 6, ""ma_windows"": [8, 24, 96], ""mtf_intervals"": [""4h"", ""1d""], ""ret_windows"": [1, 2, 4, 8, 24], ""rsi_period"": 21, ""target_threshold"": 0.0025, ""vol_windows"": [24, 72]}","{""colsample_bytree"": 1.0, ""gamma"": 0.0, ""learning_rate"": 0.03, ""max_depth"": 5, ""min_child_weight"": 1, ""n_estimators"": 250, ""subsample"": 0.7}",4,5556,0.7685385169186465,0.011039837434686348,1.8739960768178216e+26,2192.578913547333,0.1200041058242316,60.73843296827916
stage2,3483,36,0.6,74772,27,"{""atr_period"": 7, ""horizon_h"": 6, ""ma_windows"": [8, 24, 96], ""mtf_intervals"": [""4h"", ""1d""], ""ret_windows"": [1, 2, 4, 8, 24], ""rsi_period"": 21, ""target_threshold"": 0.0025, ""vol_windows"": [24, 72]}","{""colsample_bytree"": 1.0, ""gamma"": 0.0, ""learning_rate"": 0.03, ""max_depth"": 5, ""min_child_weight"": 1, ""n_estimators"": 250, ""subsample"": 0.7}",4,5082,0.7807949626131444,0.011575291434537978,1.5728666566916077e+25,2192.578913547333,0.09220607331092201,58.28866244018291
stage2,3483,36,0.62,74772,27,"{""atr_period"": 7, ""horizon_h"": 6, ""ma_windows"": [8, 24, 96], ""mtf_intervals"": [""4h"", ""1d""], ""ret_windows"": [1, 2, 4, 8, 24], ""rsi_period"": 21, ""target_threshold"": 0.0025, ""vol_windows"": [24, 72]}","{""colsample_bytree"": 1.0, ""gamma"": 0.0, ""learning_rate"": 0.03, ""max_depth"": 5, ""min_child_weight"": 1, ""n_estimators"": 250, ""subsample"": 0.7}",4,4575,0.7923497267759563,0.012207034221520599,8.278641695927126e+23,2192.578913547333,0.09220607331092201,55.358569065955
stage2,3483,36,0.65,74772,27,"{""atr_period"": 7, ""horizon_h"": 6, ""ma_windows"": [8, 24, 96], ""mtf_intervals"": [""4h"", ""1d""], ""ret_windows"": [1, 2, 4, 8, 24], ""rsi_period"": 21, ""target_threshold"": 0.0025, ""vol_windows"": [24, 72]}","{""colsample_bytree"": 1.0, ""gamma"": 0.0, ""learning_rate"": 0.03, ""max_depth"": 5, ""min_child_weight"": 1, ""n_estimators"": 250, ""subsample"": 0.7}",4,3936,0.8125,0.013172575642012711,1.5849017044970842e+22,2192.578913547333,0.09008480835840704,51.427732636141904
stage2,3483,32,0.52,74772,27,"{""atr_period"": 7, ""horizon_h"": 6, ""ma_windows"": [8, 24, 96], ""mtf_intervals"": [""4h"", ""1d""], ""ret_windows"": [1, 2, 4, 8, 24], ""rsi_period"": 21, ""target_threshold"": 0.0025, ""vol_windows"": [24, 72]}","{""colsample_bytree"": 0.7, ""gamma"": 0.0, ""learning_rate"": 0.03, ""max_depth"": 5, ""min_child_weight"": 1, ""n_estimators"": 250, ""subsample"": 0.7}",4,7194,0.7267167083680846,0.009356879911930951,6.86041212043813e+28,2192.578913547333,0.15615487057962207,66.57630109033231
stage2,3483,32,0.55,74772,27,"{""atr_period"": 7, ""horizon_h"": 6, ""ma_windows"": [8, 24, 96], ""mtf_intervals"": [""4h"", ""1d""], ""ret_windows"": [1, 2, 4, 8, 24], ""rsi_period"": 21, ""target_threshold"": 0.0025, ""vol_windows"": [24, 72]}","{""colsample_bytree"": 0.7, ""gamma"": 0.0, ""learning_rate"": 0.03, ""max_depth"": 5, ""min_child_weight"": 1, ""n_estimators"": 250, ""subsample"": 0.7}",4,6345,0.7467297084318361,0.010135807730434323,3.543578139968899e+27,2192.578913547333,0.14028001144506463,63.64326472436576
stage2,3483,32,0.58,74772,27,"{""atr_period"": 7, ""horizon_h"": 6, ""ma_windows"": [8, 24, 96], ""mtf_intervals"": [""4h"", ""1d""], ""ret_windows"": [1, 2, 4, 8, 24], ""rsi_period"": 21, ""target_threshold"": 0.0025, ""vol_windows"": [24, 72]}","{""colsample_bytree"": 0.7, ""gamma"": 0.0, ""learning_rate"": 0.03, ""max_depth"": 5, ""min_child_weight"": 1, ""n_estimators"": 250, ""subsample"": 0.7}",4,5520,0.7670289855072464,0.01099186961220792,9.761696735295992e+25,2192.578913547333,0.10349062153486277,60.09290639053224
stage2,3483,32,0.6,74772,27,"{""atr_period"": 7, ""horizon_h"": 6, ""ma_windows"": [8, 24, 96], ""mtf_intervals"": [""4h"", ""1d""], ""ret_windows"": [1, 2, 4, 8, 24], ""rsi_period"": 21, ""target_threshold"": 0.0025, ""vol_windows"": [24, 72]}","{""colsample_bytree"": 0.7, ""gamma"": 0.0, ""learning_rate"": 0.03, ""max_depth"": 5, ""min_child_weight"": 1, ""n_estimators"": 250, ""subsample"": 0.7}",4,4987,0.7808301584118709,0.011603173125437299,6.073331430760379e+24,2192.578913547333,0.10349062153486266,57.331693722719635
stage2,3483,32,0.62,74772,27,"{""atr_period"": 7, ""horizon_h"": 6, ""ma_windows"": [8, 24, 96], ""mtf_intervals"": [""4h"", ""1d""], ""ret_windows"": [1, 2, 4, 8, 24], ""rsi_period"": 21, ""target_threshold"": 0.0025, ""vol_windows"": [24, 72]}","{""colsample_bytree"": 0.7, ""gamma"": 0.0, ""learning_rate"": 0.03, ""max_depth"": 5, ""min_child_weight"": 1, ""n_estimators"": 250, ""subsample"": 0.7}",4,4507,0.7949855779897936,0.012272626820433034,4.877206305920706e+23,2192.578913547333,0.07630496788191499,54.84004670951925
stage2,3483,32,0.65,74772,27,"{""atr_period"": 7, ""horizon_h"": 6, ""ma_windows"": [8, 24, 96], ""mtf_intervals"": [""4h"", ""1d""], ""ret_windows"": [1, 2, 4, 8, 24], ""rsi_period"": 21, ""target_threshold"": 0.0025, ""vol_windows"": [24, 72]}","{""colsample_bytree"": 0.7, ""gamma"": 0.0, ""learning_rate"": 0.03, ""max_depth"": 5, ""min_child_weight"": 1, ""n_estimators"": 250, ""subsample"": 0.7}",4,3834,0.8187271778821075,0.013349846104656473,8.225873056279366e+21,2192.578913547333,0.08552873915219938,50.78058753212019
stage2,3483,42,0.52,74772,27,"{""atr_period"": 7, ""horizon_h"": 6, ""ma_windows"": [8, 24, 96], ""mtf_intervals"": [""4h"", ""1d""], ""ret_windows"": [1, 2, 4, 8, 24], ""rsi_period"": 21, ""target_threshold"": 0.0025, ""vol_windows"": [24, 72]}","{""colsample_bytree"": 0.7, ""gamma"": 0.0, ""learning_rate"": 0.03, ""max_depth"": 5, ""min_child_weight"": 5, ""n_estimators"": 250, ""subsample"": 1.0}",4,7191,0.7271589486858573,0.009331948894792903,5.584608321303453e+28,2192.578913547333,0.1561548705796223,66.37070221823855
stage2,3483,42,0.55,74772,27,"{""atr_period"": 7, ""horizon_h"": 6, ""ma_windows"": [8, 24, 96], ""mtf_intervals"": [""4h"", ""1d""], ""ret_windows"": [1, 2, 4, 8, 24], ""rsi_period"": 21, ""target_threshold"": 0.0025, ""vol_windows"": [24, 72]}","{""colsample_bytree"": 0.7, ""gamma"": 0.0, ""learning_rate"": 0.03, ""max_depth"": 5, ""min_child_weight"": 5, ""n_estimators"": 250, ""subsample"": 1.0}",4,6334,0.7432901799810546,0.010091502094434978,2.3993624261472723e+27,2192.578913547333,0.15010574359838635,63.24531184606954
stage2,3483,42,0.58,74772,27,"{""atr_period"": 7, ""horizon_h"": 6, ""ma_windows"": [8, 24, 96], ""mtf_intervals"": [""4h"", ""1d""], ""ret_windows"": [1, 2, 4, 8, 24], ""rsi_period"": 21, ""target_threshold"": 0.0025, ""vol_windows"": [24, 72]}","{""colsample_bytree"": 0.7, ""gamma"": 0.0, ""learning_rate"": 0.03, ""max_depth"": 5, ""min_child_weight"": 5, ""n_estimators"": 250, ""subsample"": 1.0}",4,5532,0.7635574837310195,0.010932142021493275,8.008713622439525e+25,2192.578913547333,0.11845351888202837,59.884233840300666
stage2,3483,42,0.6,74772,27,"{""atr_period"": 7, ""horizon_h"": 6, ""ma_windows"": [8, 24, 96], ""mtf_intervals"": [""4h"", ""1d""], ""ret_windows"": [1, 2, 4, 8, 24], ""rsi_period"": 21, ""target_threshold"": 0.0025, ""vol_windows"": [24, 72]}","{""colsample_bytree"": 0.7, ""gamma"": 0.0, ""learning_rate"": 0.03, ""max_depth"": 5, ""min_child_weight"": 5, ""n_estimators"": 250, ""subsample"": 1.0}",4,5007,0.7781106450968643,0.011552520446222203,5.939724649735308e+24,2192.578913547333,0.07884120533897365,57.319193085871575
stage2,3483,42,0.62,74772,27,"{""atr_period"": 7, ""horizon_h"": 6, ""ma_windows"": [8, 24, 96], ""mtf_intervals"": [""4h"", ""1d""], ""ret_windows"": [1, 2, 4, 8, 24], ""rsi_period"": 21, ""target_threshold"": 0.0025, ""vol_windows"": [24, 72]}","{""colsample_bytree"": 0.7, ""gamma"": 0.0, ""learning_rate"": 0.03, ""max_depth"": 5, ""min_child_weight"": 5, ""n_estimators"": 250, ""subsample"": 1.0}",4,4504,0.7930728241563055,0.01223297663300313,3.930279587723252e+23,2192.578913547333,0.07630496788191499,54.622337292576184
stage2,3483,42,0.65,74772,27,"{""atr_period"": 7, ""horizon_h"": 6, ""ma_windows"": [8, 24, 96], ""mtf_intervals"": [""4h"", ""1d""], ""ret_windows"": [1, 2, 4, 8, 24], ""rsi_period"": 21, ""target_threshold"": 0.0025, ""vol_windows"": [24, 72]}","{""colsample_bytree"": 0.7, ""gamma"": 0.0, ""learning_rate"": 0.03, ""max_depth"": 5, ""min_child_weight"": 5, ""n_estimators"": 250, ""subsample"": 1.0}",4,3834,0.8142931664058425,0.013296631281342529,6.694361085520127e+21,2192.578913547333,0.08552873915219927,50.57059570967579
stage2,3483,44,0.52,74772,27,"{""atr_period"": 7, ""horizon_h"": 6, ""ma_windows"": [8, 24, 96], ""mtf_intervals"": [""4h"", ""1d""], ""ret_windows"": [1, 2, 4, 8, 24], ""rsi_period"": 21, ""target_threshold"": 0.0025, ""vol_windows"": [24, 72]}","{""colsample_bytree"": 1.0, ""gamma"": 0.0, ""learning_rate"": 0.03, ""max_depth"": 5, ""min_child_weight"": 1, ""n_estimators"": 250, ""subsample"": 1.0}",4,7220,0.7229916897506925,0.00925906977978267,4.325686271753463e+28,2192.578913547333,0.15615487057962218,66.11134188192841
stage2,3483,44,0.55,74772,27,"{""atr_period"": 7, ""horizon_h"": 6, ""ma_windows"": [8, 24, 96], ""mtf_intervals"": [""4h"", ""1d""], ""ret_windows"": [1, 2, 4, 8, 24], ""rsi_period"": 21, ""target_threshold"": 0.0025, ""vol_windows"": [24, 72]}","{""colsample_bytree"": 1.0, ""gamma"": 0.0, ""learning_rate"": 0.03, ""max_depth"": 5, ""min_child_weight"": 1, ""n_estimators"": 250, ""subsample"": 1.0}",4,6362,0.74410562716127,0.010047228037152344,2.4168625489332787e+27,2192.578913547333,0.1362533626113286,63.25980338720453
stage2,3483,44,0.58,74772,27,"{""atr_period"": 7, ""horizon_h"": 6, ""ma_windows"": [8, 24, 96], ""mtf_intervals"": [""4h"", ""1d""], ""ret_windows"": [1, 2, 4, 8, 24], ""rsi_period"": 21, ""target_threshold"": 0.0025, ""vol_windows"": [24, 72]}","{""colsample_bytree"": 1.0, ""gamma"": 0.0, ""learning_rate"": 0.03, ""max_depth"": 5, ""min_child_weight"": 1, ""n_estimators"": 250, ""subsample"": 1.0}",4,5554,0.7662945624774937,0.01095272859541968,1.1429900352622407e+26,2192.578913547333,0.09856006358868385,60.25223753151509
stage2,3483,44,0.6,74772,27,"{""atr_period"": 7, ""horizon_h"": 6, ""ma_windows"": [8, 24, 96], ""mtf_intervals"": [""4h"", ""1d""], ""ret_windows"": [1, 2, 4, 8, 24], ""rsi_period"": 21, ""target_threshold"": 0.0025, ""vol_windows"": [24, 72]}","{""colsample_bytree"": 1.0, ""gamma"": 0.0, ""learning_rate"": 0.03, ""max_depth"": 5, ""min_child_weight"": 1, ""n_estimators"": 250, ""subsample"": 1.0}",4,5039,0.7805120063504664,0.011518004083148846,7.234155665552608e+24,2192.578913547333,0.09220607331092201,57.51130648484561
stage2,3483,44,0.62,74772,27,"{""atr_period"": 7, ""horizon_h"": 6, ""ma_windows"": [8, 24, 96], ""mtf_intervals"": [""4h"", ""1d""], ""ret_windows"": [1, 2, 4, 8, 24], ""rsi_period"": 21, ""target_threshold"": 0.0025, ""vol_windows"": [24, 72]}","{""colsample_bytree"": 1.0, ""gamma"": 0.0, ""learning_rate"": 0.03, ""max_depth"": 5, ""min_child_weight"": 1, ""n_estimators"": 250, ""subsample"": 1.0}",4,4551,0.7963085036255768,0.012240929089808597,7.204160807756215e+23,2192.578913547333,0.0864918152021441,55.22584421595496
stage2,3483,44,0.65,74772,27,"{""atr_period"": 7, ""horizon_h"": 6, ""ma_windows"": [8, 24, 96], ""mtf_intervals"": [""4h"", ""1d""], ""ret_windows"": [1, 2, 4, 8, 24], ""rsi_period"": 21, ""target_threshold"": 0.0025, ""vol_windows"": [24, 72]}","{""colsample_bytree"": 1.0, ""gamma"": 0.0, ""learning_rate"": 0.03, ""max_depth"": 5, ""min_child_weight"": 1, ""n_estimators"": 250, ""subsample"": 1.0}",4,3893,0.8160801438479321,0.013190776607316842,9.77019090686885e+21,2192.578913547333,0.09008480835840715,50.94697088260582
stage2,3483,23,0.52,74772,27,"{""atr_period"": 7, ""horizon_h"": 6, ""ma_windows"": [8, 24, 96], ""mtf_intervals"": [""4h"", ""1d""], ""ret_windows"": [1, 2, 4, 8, 24], ""rsi_period"": 21, ""target_threshold"": 0.0025, ""vol_windows"": [24, 72]}","{""colsample_bytree"": 1.0, ""gamma"": 0.2, ""learning_rate"": 0.07, ""max_depth"": 3, ""min_child_weight"": 5, ""n_estimators"": 250, ""subsample"": 0.7}",4,6978,0.7242762969332187,0.009398424756446543,1.225868500906033e+28,2192.578913547333,0.1561548705796223,64.85256317726193
stage2,3483,23,0.55,74772,27,"{""atr_period"": 7, ""horizon_h"": 6, ""ma_windows"": [8, 24, 96], ""mtf_intervals"": [""4h"", ""1d""], ""ret_windows"": [1, 2, 4, 8, 24], ""rsi_period"": 21, ""target_threshold"": 0.0025, ""vol_windows"": [24, 72]}","{""colsample_bytree"": 1.0, ""gamma"": 0.2, ""learning_rate"": 0.07, ""max_depth"": 3, ""min_child_weight"": 5, ""n_estimators"": 250, ""subsample"": 0.7}",4,6118,0.7441974501471069,0.010184362870128486,4.836817763013601e+26,2192.578913547333,0.15615487057962218,61.64222486314261
stage2,3483,23,0.58,74772,27,"{""atr_period"": 7, ""horizon_h"": 6, ""ma_windows"": [8, 24, 96], ""mtf_intervals"": [""4h"", ""1d""], ""ret_windows"": [1, 2, 4, 8, 24], ""rsi_period"": 21, ""target_threshold"": 0.0025, ""vol_windows"": [24, 72]}","{""colsample_bytree"": 1.0, ""gamma"": 0.2, ""learning_rate"": 0.07, ""max_depth"": 3, ""min_child_weight"": 5, ""n_estimators"": 250, ""subsample"": 0.7}",4,5298,0.765760664401661,0.011060352293209192,1.2422092808685688e+25,2192.578913547333,0.11885174808739096,58.023184273105464
stage2,3483,23,0.6,74772,27,"{""atr_period"": 7, ""horizon_h"": 6, ""ma_windows"": [8, 24, 96], ""mtf_intervals"": [""4h"", ""1d""], ""ret_windows"": [1, 2, 4, 8, 24], ""rsi_period"": 21, ""target_threshold"": 0.0025, ""vol_windows"": [24, 72]}","{""colsample_bytree"": 1.0, ""gamma"": 0.2, ""learning_rate"": 0.07, ""max_depth"": 3, ""min_child_weight"": 5, ""n_estimators"": 250, ""subsample"": 0.7}",4,4802,0.7780091628488129,0.011666674884625456,9.777676080977099e+23,2192.578913547333,0.11885174808739118,55.495873830454144
stage2,3483,23,0.62,74772,27,"{""atr_period"": 7, ""horizon_h"": 6, ""ma_windows"": [8, 24, 96], ""mtf_intervals"": [""4h"", ""1d""], ""ret_windows"": [1, 2, 4, 8, 24], ""rsi_period"": 21, ""target_threshold"": 0.0025, ""vol_windows"": [24, 72]}","{""colsample_bytree"": 1.0, ""gamma"": 0.2, ""learning_rate"": 0.07, ""max_depth"": 3, ""min_child_weight"": 5, ""n_estimators"": 250, ""subsample"": 0.7}",4,4298,0.79502093997208,0.012368049777396242,5.7594458311951565e+22,2192.578913547333,0.07513307193929752,52.70510792031357
stage2,3483,23,0.65,74772,27,"{""atr_period"": 7, ""horizon_h"": 6, ""ma_windows"": [8, 24, 96], ""mtf_intervals"": [""4h"", ""1d""], ""ret_windows"": [1, 2, 4, 8, 24], ""rsi_period"": 21, ""target_threshold"": 0.0025, ""vol_windows"": [24, 72]}","{""colsample_bytree"": 1.0, ""gamma"": 0.2, ""learning_rate"": 0.07, ""max_depth"": 3, ""min_child_weight"": 5, ""n_estimators"": 250, ""subsample"": 0.7}",4,3612,0.8150609080841639,0.01353098309327891,8.316498893966771e+20,2192.578913547333,0.07438050509704164,48.493049558801765
stage2,6939,51,0.52,74929,27,"{""atr_period"": 7, ""horizon_h"": 6, ""ma_windows"": [12, 24, 72], ""mtf_intervals"": [""4h"", ""1d""], ""ret_windows"": [1, 6, 12, 24, 48], ""rsi_period"": 14, ""target_threshold"": 0.0025, ""vol_windows"": [12, 48]}","{""colsample_bytree"": 0.7, ""gamma"": 0.2, ""learning_rate"": 0.07, ""max_depth"": 5, ""min_child_weight"": 5, ""n_estimators"": 250, ""subsample"": 0.7}",4,7692,0.7165886635465418,0.009012011731038867,5.0177041143841914e+29,2510.2653940139658,0.11548524591813492,68.57556457990984
stage2,6939,51,0.55,74929,27,"{""atr_period"": 7, ""horizon_h"": 6, ""ma_windows"": [12, 24, 72], ""mtf_intervals"": [""4h"", ""1d""], ""ret_windows"": [1, 6, 12, 24, 48], ""rsi_period"": 14, ""target_threshold"": 0.0025, ""vol_windows"": [12, 48]}","{""colsample_bytree"": 0.7, ""gamma"": 0.2, ""learning_rate"": 0.07, ""max_depth"": 5, ""min_child_weight"": 5, ""n_estimators"": 250, ""subsample"": 0.7}",4,6921,0.7361652940326543,0.009687807661257963,5.3433160141685e+28,2510.2653940139658,0.09108885229452268,66.36911931088427
stage2,6939,51,0.58,74929,27,"{""atr_period"": 7, ""horizon_h"": 6, ""ma_windows"": [12, 24, 72], ""mtf_intervals"": [""4h"", ""1d""], ""ret_windows"": [1, 6, 12, 24, 48], ""rsi_period"": 14, ""target_threshold"": 0.0025, ""vol_windows"": [12, 48]}","{""colsample_bytree"": 0.7, ""gamma"": 0.2, ""learning_rate"": 0.07, ""max_depth"": 5, ""min_child_weight"": 5, ""n_estimators"": 250, ""subsample"": 0.7}",4,6092,0.7582074852265266,0.010449810437507217,1.8833631521076184e+27,2510.2653940139658,0.10344561257414997,63.041298265575826
stage2,6939,51,0.6,74929,27,"{""atr_period"": 7, ""horizon_h"": 6, ""ma_windows"": [12, 24, 72], ""mtf_intervals"": [""4h"", ""1d""], ""ret_windows"": [1, 6, 12, 24, 48], ""rsi_period"": 14, ""target_threshold"": 0.0025, ""vol_windows"": [12, 48]}","{""colsample_bytree"": 0.7, ""gamma"": 0.2, ""learning_rate"": 0.07, ""max_depth"": 5, ""min_child_weight"": 5, ""n_estimators"": 250, ""subsample"": 0.7}",4,5581,0.7702920623544167,0.01099771144036476,1.9757399301647152e+26,2510.2653940139658,0.08849992984685306,60.808120770702864
stage2,6939,51,0.62,74929,27,"{""atr_period"": 7, ""horizon_h"": 6, ""ma_windows"": [12, 24, 72], ""mtf_intervals"": [""4h"", ""1d""], ""ret_windows"": [1, 6, 12, 24, 48], ""rsi_period"": 14, ""target_threshold"": 0.0025, ""vol_windows"": [12, 48]}","{""colsample_bytree"": 0.7, ""gamma"": 0.2, ""learning_rate"": 0.07, ""max_depth"": 5, ""min_child_weight"": 5, ""n_estimators"": 250, ""subsample"": 0.7}",4,5095,0.7829244357212954,0.011607796077805155,2.165496715190377e+25,2510.2653940139658,0.07422883788216617,58.61936458789817
stage2,6939,51,0.65,74929,27,"{""atr_period"": 7, ""horizon_h"": 6, ""ma_windows"": [12, 24, 72], ""mtf_intervals"": [""4h"", ""1d""], ""ret_windows"": [1, 6, 12, 24, 48], ""rsi_period"": 14, ""target_threshold"": 0.0025, ""vol_windows"": [12, 48]}","{""colsample_bytree"": 0.7, ""gamma"": 0.2, ""learning_rate"": 0.07, ""max_depth"": 5, ""min_child_weight"": 5, ""n_estimators"": 250, ""subsample"": 0.7}",4,4443,0.8032860679720909,0.012486864323991239,5.77949352602682e+23,2510.2653940139658,0.05935488457748361,55.026619519134
stage2,6939,58,0.52,74929,27,"{""atr_period"": 7, ""horizon_h"": 6, ""ma_windows"": [12, 24, 72], ""mtf_intervals"": [""4h"", ""1d""], ""ret_windows"": [1, 6, 12, 24, 48], ""rsi_period"": 14, ""target_threshold"": 0.0025, ""vol_windows"": [12, 48]}","{""colsample_bytree"": 0.7, ""gamma"": 0.0, ""learning_rate"": 0.07, ""max_depth"": 5, ""min_child_weight"": 5, ""n_estimators"": 250, ""subsample"": 1.0}",4,7611,0.7183024569701747,0.009029993687867647,2.7714322012329858e+29,2510.2653940139658,0.15330456788299507,67.96456155470126
stage2,6939,58,0.55,74929,27,"{""atr_period"": 7, ""horizon_h"": 6, ""ma_windows"": [12, 24, 72], ""mtf_intervals"": [""4h"", ""1d""], ""ret_windows"": [1, 6, 12, 24, 48], ""rsi_period"": 14, ""target_threshold"": 0.0025, ""vol_windows"": [12, 48]}","{""colsample_bytree"": 0.7, ""gamma"": 0.0, ""learning_rate"": 0.07, ""max_depth"": 5, ""min_child_weight"": 5, ""n_estimators"": 250, ""subsample"": 1.0}",4,6788,0.7360047142015321,0.00970413748164365,1.6602774333391718e+28,2510.2653940139658,0.15330456788299496,65.16915190802776
stage2,6939,58,0.58,74929,27,"{""atr_period"": 7, ""horizon_h"": 6, ""ma_windows"": [12, 24, 72], ""mtf_intervals"": [""4h"", ""1d""], ""ret_windows"": [1, 6, 12, 24, 48], ""rsi_period"": 14, ""target_threshold"": 0.0025, ""vol_windows"": [12, 48]}","{""colsample_bytree"": 0.7, ""gamma"": 0.0, ""learning_rate"": 0.07, ""max_depth"": 5, ""min_child_weight"": 5, ""n_estimators"": 250, ""subsample"": 1.0}",4,5969,0.7595912213101021,0.010543422348475802,9.138441571928464e+26,2510.2653940139658,0.12951273112125117,62.306966272695085
stage2,6939,58,0.6,74929,27,"{""atr_period"": 7, ""horizon_h"": 6, ""ma_windows"": [12, 24, 72], ""mtf_intervals"": [""4h"", ""1d""], ""ret_windows"": [1, 6, 12, 24, 48], ""rsi_period"": 14, ""target_threshold"": 0.0025, ""vol_windows"": [12, 48]}","{""colsample_bytree"": 0.7, ""gamma"": 0.0, ""learning_rate"": 0.07, ""max_depth"": 5, ""min_child_weight"": 5, ""n_estimators"": 250, ""subsample"": 1.0}",4,5488,0.7727769679300291,0.011078888729110595,1.1087908520504261e+26,2510.2653940139658,0.1295127311212515,60.21257883556566
stage2,6939,58,0.62,74929,27,"{""atr_period"": 7, ""horizon_h"": 6, ""ma_windows"": [12, 24, 72], ""mtf_intervals"": [""4h"", ""1d""], ""ret_windows"": [1, 6, 12, 24, 48], ""rsi_period"": 14, ""target_threshold"": 0.0025, ""vol_windows"": [12, 48]}","{""colsample_bytree"": 0.7, ""gamma"": 0.0, ""learning_rate"": 0.07, ""max_depth"": 5, ""min_child_weight"": 5, ""n_estimators"": 250, ""subsample"": 1.0}",4,5029,0.78484788228276,0.01164227540550935,1.1950567719137774e+25,2510.2653940139658,0.11845351888202849,58.004610766613055
stage2,6939,58,0.65,74929,27,"{""atr_period"": 7, ""horizon_h"": 6, ""ma_windows"": [12, 24, 72], ""mtf_intervals"": [""4h"", ""1d""], ""ret_windows"": [1, 6, 12, 24, 48], ""rsi_period"": 14, ""target_threshold"": 0.0025, ""vol_windows"": [12, 48]}","{""colsample_bytree"": 0.7, ""gamma"": 0.0, ""learning_rate"": 0.07, ""max_depth"": 5, ""min_child_weight"": 5, ""n_estimators"": 250, ""subsample"": 1.0}",4,4365,0.8059564719358534,0.012571208573375134,3.153560110650574e+23,2510.2653940139658,0.10590710498058997,54.400370441015035
stage2,6939,50,0.52,74929,27,"{""atr_period"": 7, ""horizon_h"": 6, ""ma_windows"": [12, 24, 72], ""mtf_intervals"": [""4h"", ""1d""], ""ret_windows"": [1, 6, 12, 24, 48], ""rsi_period"": 14, ""target_threshold"": 0.0025, ""vol_windows"": [12, 48]}","{""colsample_bytree"": 0.7, ""gamma"": 0.0, ""learning_rate"": 0.07, ""max_depth"": 5, ""min_child_weight"": 5, ""n_estimators"": 250, ""subsample"": 0.7}",4,7726,0.7149883510225213,0.008943770525212733,4.024809323869418e+29,2510.2653940139658,0.1398938268837585,68.34103916520185
stage2,6939,50,0.55,74929,27,"{""atr_period"": 7, ""horizon_h"": 6, ""ma_windows"": [12, 24, 72], ""mtf_intervals"": [""4h"", ""1d""], ""ret_windows"": [1, 6, 12, 24, 48], ""rsi_period"": 14, ""target_threshold"": 0.0025, ""vol_windows"": [12, 48]}","{""colsample_bytree"": 0.7, ""gamma"": 0.0, ""learning_rate"": 0.07, ""max_depth"": 5, ""min_child_weight"": 5, ""n_estimators"": 250, ""subsample"": 0.7}",4,6936,0.7367358708189158,0.009632080010167932,4.2213763717489145e+28,2510.2653940139658,0.10552500371657547,66.12622666802545
stage2,6939,50,0.58,74929,27,"{""atr_period"": 7, ""horizon_h"": 6, ""ma_windows"": [12, 24, 72], ""mtf_intervals"": [""4h"", ""1d""], ""ret_windows"": [1, 6, 12, 24, 48], ""rsi_period"": 14, ""target_threshold"": 0.0025, ""vol_windows"": [12, 48]}","{""colsample_bytree"": 0.7, ""gamma"": 0.0, ""learning_rate"": 0.07, ""max_depth"": 5, ""min_child_weight"": 5, ""n_estimators"": 250, ""subsample"": 0.7}",4,6091,0.755540962075193,0.010443748029793405,1.7929232175788466e+27,2510.2653940139658,0.08849992984685306,62.99737767008413
stage2,6939,50,0.6,74929,27,"{""atr_period"": 7, ""horizon_h"": 6, ""ma_windows"": [12, 24, 72], ""mtf_intervals"": [""4h"", ""1d""], ""ret_windows"": [1, 6, 12, 24, 48], ""rsi_period"": 14, ""target_threshold"": 0.0025, ""vol_windows"": [12, 48]}","{""colsample_bytree"": 0.7, ""gamma"": 0.0, ""learning_rate"": 0.07, ""max_depth"": 5, ""min_child_weight"": 5, ""n_estimators"": 250, ""subsample"": 0.7}",4,5580,0.7711469534050179,0.011079022779119367,3.0524537205344248e+26,2510.2653940139658,0.08849992984685329,61.24445796359844
stage2,6939,50,0.62,74929,27,"{""atr_period"": 7, ""horizon_h"": 6, ""ma_windows"": [12, 24, 72], ""mtf_intervals"": [""4h"", ""1d""], ""ret_windows"": [1, 6, 12, 24, 48], ""rsi_period"": 14, ""target_threshold"": 0.0025, ""vol_windows"": [12, 48]}","{""colsample_bytree"": 0.7, ""gamma"": 0.0, ""learning_rate"": 0.07, ""max_depth"": 5, ""min_child_weight"": 5, ""n_estimators"": 250, ""subsample"": 0.7}",4,5158,0.7824738270647538,0.011557112428741875,3.4295124989701757e+25,2510.2653940139658,0.08089509501131487,59.075033860923725
stage2,6939,50,0.65,74929,27,"{""atr_period"": 7, ""horizon_h"": 6, ""ma_windows"": [12, 24, 72], ""mtf_intervals"": [""4h"", ""1d""], ""ret_windows"": [1, 6, 12, 24, 48], ""rsi_period"": 14, ""target_threshold"": 0.0025, ""vol_windows"": [12, 48]}","{""colsample_bytree"": 0.7, ""gamma"": 0.0, ""learning_rate"": 0.07, ""max_depth"": 5, ""min_child_weight"": 5, ""n_estimators"": 250, ""subsample"": 0.7}",4,4485,0.8028985507246377,0.01241906035653868,7.173862335080993e+23,2510.2653940139658,0.07782467341642096,55.23266031509006
stage2,6939,48,0.52,74929,27,"{""atr_period"": 7, ""horizon_h"": 6, ""ma_windows"": [12, 24, 72], ""mtf_intervals"": [""4h"", ""1d""], ""ret_windows"": [1, 6, 12, 24, 48], ""rsi_period"": 14, ""target_threshold"": 0.0025, ""vol_windows"": [12, 48]}","{""colsample_bytree"": 0.7, ""gamma"": 0.0, ""learning_rate"": 0.07, ""max_depth"": 5, ""min_child_weight"": 1, ""n_estimators"": 250, ""subsample"": 0.7}",4,7683,0.7159963555902642,0.00897237070242373,3.410565867774041e+29,2510.2653940139658,0.15331829355051918,68.16976282130072
stage2,6939,48,0.55,74929,27,"{""atr_period"": 7, ""horizon_h"": 6, ""ma_windows"": [12, 24, 72], ""mtf_intervals"": [""4h"", ""1d""], ""ret_windows"": [1, 6, 12, 24, 48], ""rsi_period"": 14, ""target_threshold"": 0.0025, ""vol_windows"": [12, 48]}","{""colsample_bytree"": 0.7, ""gamma"": 0.0, ""learning_rate"": 0.07, ""max_depth"": 5, ""min_child_weight"": 1, ""n_estimators"": 250, ""subsample"": 0.7}",4,6876,0.7342931937172775,0.009677102170306259,3.226963444529287e+28,2510.2653940139658,0.11292581961504922,65.85231265136312
stage2,6939,48,0.58,74929,27,"{""atr_period"": 7, ""horizon_h"": 6, ""ma_windows"": [12, 24, 72], ""mtf_intervals"": [""4h"", ""1d""], ""ret_windows"": [1, 6, 12, 24, 48], ""rsi_period"": 14, ""target_threshold"": 0.0025, ""vol_windows"": [12, 48]}","{""colsample_bytree"": 0.7, ""gamma"": 0.0, ""learning_rate"": 0.07, ""max_depth"": 5, ""min_child_weight"": 1, ""n_estimators"": 250, ""subsample"": 0.7}",4,6077,0.7525094619055455,0.010408901048554254,1.2587096733830528e+27,2510.2653940139658,0.09165493671660974,62.63933594789692
stage2,6939,48,0.6,74929,27,"{""atr_period"": 7, ""horizon_h"": 6, ""ma_windows"": [12, 24, 72], ""mtf_intervals"": [""4h"", ""1d""], ""ret_windows"": [1, 6, 12, 24, 48], ""rsi_period"": 14, ""target_threshold"": 0.0025, ""vol_windows"": [12, 48]}","{""colsample_bytree"": 0.7, ""gamma"": 0.0, ""learning_rate"": 0.07, ""max_depth"": 5, ""min_child_weight"": 1, ""n_estimators"": 250, ""subsample"": 0.7}",4,5605,0.767707404103479,0.010918446988163176,1.6490036117715642e+26,2510.2653940139658,0.09165493671660951,60.623069682529945
stage2,6939,48,0.62,74929,27,"{""atr_period"": 7, ""horizon_h"": 6, ""ma_windows"": [12, 24, 72], ""mtf_intervals"": [""4h"", ""1d""], ""ret_windows"": [1, 6, 12, 24, 48], ""rsi_period"": 14, ""target_threshold"": 0.0025, ""vol_windows"": [12, 48]}","{""colsample_bytree"": 0.7, ""gamma"": 0.0, ""learning_rate"": 0.07, ""max_depth"": 5, ""min_child_weight"": 1, ""n_estimators"": 250, ""subsample"": 0.7}",4,5124,0.7839578454332553,0.01156305979452807,2.401988954723181e+25,2510.2653940139658,0.0804962073041523,58.72034710118241
stage2,6939,48,0.65,74929,27,"{""atr_period"": 7, ""horizon_h"": 6, ""ma_windows"": [12, 24, 72], ""mtf_intervals"": [""4h"", ""1d""], ""ret_windows"": [1, 6, 12, 24, 48], ""rsi_period"": 14, ""target_threshold"": 0.0025, ""vol_windows"": [12, 48]}","{""colsample_bytree"": 0.7, ""gamma"": 0.0, ""learning_rate"": 0.07, ""max_depth"": 5, ""min_child_weight"": 1, ""n_estimators"": 250, ""subsample"": 0.7}",4,4471,0.8045180049205994,0.012485717684358676,8.123336572131383e+23,2510.2653940139658,0.07123508808221302,55.3620807179053
stage2,6939,57,0.52,74929,27,"{""atr_period"": 7, ""horizon_h"": 6, ""ma_windows"": [12, 24, 72], ""mtf_intervals"": [""4h"", ""1d""], ""ret_windows"": [1, 6, 12, 24, 48], ""rsi_period"": 14, ""target_threshold"": 0.0025, ""vol_windows"": [12, 48]}","{""colsample_bytree"": 0.7, ""gamma"": 0.2, ""learning_rate"": 0.07, ""max_depth"": 5, ""min_child_weight"": 1, ""n_estimators"": 250, ""subsample"": 1.0}",4,7613,0.7178510442663865,0.009079091277989913,4.109372131550801e+29,2510.2653940139658,0.13767499727797206,68.36631401461756
stage2,6939,57,0.55,74929,27,"{""atr_period"": 7, ""horizon_h"": 6, ""ma_windows"": [12, 24, 72], ""mtf_intervals"": [""4h"", ""1d""], ""ret_windows"": [1, 6, 12, 24, 48], ""rsi_period"": 14, ""target_threshold"": 0.0025, ""vol_windows"": [12, 48]}","{""colsample_bytree"": 0.7, ""gamma"": 0.2, ""learning_rate"": 0.07, ""max_depth"": 5, ""min_child_weight"": 1, ""n_estimators"": 250, ""subsample"": 1.0}",4,6781,0.738386668632945,0.009767806886409785,2.3812718406165313e+28,2510.2653940139658,0.12432097226134331,65.54670863946352
stage2,6939,57,0.58,74929,27,"{""atr_period"": 7, ""horizon_h"": 6, ""ma_windows"": [12, 24, 72], ""mtf_intervals"": [""4h"", ""1d""], ""ret_windows"": [1, 6, 12, 24, 48], ""rsi_period"": 14, ""target_threshold"": 0.0025, ""vol_windows"": [12, 48]}","{""colsample_bytree"": 0.7, ""gamma"": 0.2, ""learning_rate"": 0.07, ""max_depth"": 5, ""min_child_weight"": 1, ""n_estimators"": 250, ""subsample"": 1.0}",4,5988,0.758183032732131,0.010544893983459567,1.1205521067781966e+27,2510.2653940139658,0.12000410582423149,62.51452255230687
stage2,6939,57,0.6,74929,27,"{""atr_period"": 7, ""horizon_h"": 6, ""ma_windows"": [12, 24, 72], ""mtf_intervals"": [""4h"", ""1d""], ""ret_windows"": [1, 6, 12, 24, 48], ""rsi_period"": 14, ""target_threshold"": 0.0025, ""vol_windows"": [12, 48]}","{""colsample_bytree"": 0.7, ""gamma"": 0.2, ""learning_rate"": 0.07, ""max_depth"": 5, ""min_child_weight"": 1, ""n_estimators"": 250, ""subsample"": 1.0}",4,5503,0.7699436670906779,0.01106439545701526,1.2066985945246186e+26,2510.2653940139658,0.1184535188820286,60.30034395210314
stage2,6939,57,0.62,74929,27,"{""atr_period"": 7, ""horizon_h"": 6, ""ma_windows"": [12, 24, 72], ""mtf_intervals"": [""4h"", ""1d""], ""ret_windows"": [1, 6, 12, 24, 48], ""rsi_period"": 14, ""target_threshold"": 0.0025, ""vol_windows"": [12, 48]}","{""colsample_bytree"": 0.7, ""gamma"": 0.2, ""learning_rate"": 0.07, ""max_depth"": 5, ""min_child_weight"": 1, ""n_estimators"": 250, ""subsample"": 1.0}",4,5036,0.7829626687847498,0.011674126143216175,1.515976848962518e+25,2510.2653940139658,0.1295127311212514,58.23569411943472
stage2,6939,57,0.65,74929,27,"{""atr_period"": 7, ""horizon_h"": 6, ""ma_windows"": [12, 24, 72], ""mtf_intervals"": [""4h"", ""1d""], ""ret_windows"": [1, 6, 12, 24, 48], ""rsi_period"": 14, ""target_threshold"": 0.0025, ""vol_windows"": [12, 48]}","{""colsample_bytree"": 0.7, ""gamma"": 0.2, ""learning_rate"": 0.07, ""max_depth"": 5, ""min_child_weight"": 1, ""n_estimators"": 250, ""subsample"": 1.0}",4,4386,0.802781577747378,0.012564438836555964,3.97828058802199e+23,2510.2653940139658,0.08631775699954425,54.639888746145644
stage2,6939,61,0.52,74929,27,"{""atr_period"": 7, ""horizon_h"": 6, ""ma_windows"": [12, 24, 72], ""mtf_intervals"": [""4h"", ""1d""], ""ret_windows"": [1, 6, 12, 24, 48], ""rsi_period"": 14, ""target_threshold"": 0.0025, ""vol_windows"": [12, 48]}","{""colsample_bytree"": 1.0, ""gamma"": 0.2, ""learning_rate"": 0.07, ""max_depth"": 5, ""min_child_weight"": 1, ""n_estimators"": 250, ""subsample"": 1.0}",4,7601,0.7139850019734245,0.008999282723991621,1.9916935360851404e+29,2510.2653940139658,0.2580748752109513,67.57809782257239
stage2,6939,61,0.55,74929,27,"{""atr_period"": 7, ""horizon_h"": 6, ""ma_windows"": [12, 24, 72], ""mtf_intervals"": [""4h"", ""1d""], ""ret_windows"": [1, 6, 12, 24, 48], ""rsi_period"": 14, ""target_threshold"": 0.0025, ""vol_windows"": [12, 48]}","{""colsample_bytree"": 1.0, ""gamma"": 0.2, ""learning_rate"": 0.07, ""max_depth"": 5, ""min_child_weight"": 1, ""n_estimators"": 250, ""subsample"": 1.0}",4,6823,0.7353070496848894,0.009752120147430647,3.210628890620921e+28,2510.2653940139658,0.1358517628874707,65.83718615735104
stage2,6939,61,0.58,74929,27,"{""atr_period"": 7, ""horizon_h"": 6, ""ma_windows"": [12, 24, 72], ""mtf_intervals"": [""4h"", ""1d""], ""ret_windows"": [1, 6, 12, 24, 48], ""rsi_period"": 14, ""target_threshold"": 0.0025, ""vol_windows"": [12, 48]}","{""colsample_bytree"": 1.0, ""gamma"": 0.2, ""learning_rate"": 0.07, ""max_depth"": 5, ""min_child_weight"": 1, ""n_estimators"": 250, ""subsample"": 1.0}",4,6073,0.757945002469949,0.010515010108369938,2.2787128781712228e+27,2510.2653940139658,0.12432097226134353,63.22172386399452
stage2,6939,61,0.6,74929,27,"{""atr_period"": 7, ""horizon_h"": 6, ""ma_windows"": [12, 24, 72], ""mtf_intervals"": [""4h"", ""1d""], ""ret_windows"": [1, 6, 12, 24, 48], ""rsi_period"": 14, ""target_threshold"": 0.0025, ""vol_windows"": [12, 48]}","{""colsample_bytree"": 1.0, ""gamma"": 0.2, ""learning_rate"": 0.07, ""max_depth"": 5, ""min_child_weight"": 1, ""n_estimators"": 250, ""subsample"": 1.0}",4,5591,0.7703451976390627,0.011015300453474378,2.4242598675496703e+26,2510.2653940139658,0.09856006358868397,61.007857216335644
stage2,6939,61,0.62,74929,27,"{""atr_period"": 7, ""horizon_h"": 6, ""ma_windows"": [12, 24, 72], ""mtf_intervals"": [""4h"", ""1d""], ""ret_windows"": [1, 6, 12, 24, 48], ""rsi_period"": 14, ""target_threshold"": 0.0025, ""vol_windows"": [12, 48]}","{""colsample_bytree"": 1.0, ""gamma"": 0.2, ""learning_rate"": 0.07, ""max_depth"": 5, ""min_child_weight"": 1, ""n_estimators"": 250, ""subsample"": 1.0}",4,5125,0.7849756097560976,0.011552988591056591,2.315860989913301e+25,2510.2653940139658,0.07470976891539172,58.68745837320977
stage2,6939,61,0.65,74929,27,"{""atr_period"": 7, ""horizon_h"": 6, ""ma_windows"": [12, 24, 72], ""mtf_intervals"": [""4h"", ""1d""], ""ret_windows"": [1, 6, 12, 24, 48], ""rsi_period"": 14, ""target_threshold"": 0.0025, ""vol_windows"": [12, 48]}","{""colsample_bytree"": 1.0, ""gamma"": 0.2, ""learning_rate"": 0.07, ""max_depth"": 5, ""min_child_weight"": 1, ""n_estimators"": 250, ""subsample"": 1.0}",4,4413,0.8028552005438477,0.012414207474864674,2.8980450230808196e+23,2510.2653940139658,0.07422883788216594,54.32797691984848
stage2,6939,38,0.52,74929,27,"{""atr_period"": 7, ""horizon_h"": 6, ""ma_windows"": [12, 24, 72], ""mtf_intervals"": [""4h"", ""1d""], ""ret_windows"": [1, 6, 12, 24, 48], ""rsi_period"": 14, ""target_threshold"": 0.0025, ""vol_windows"": [12, 48]}","{""colsample_bytree"": 1.0, ""gamma"": 0.0, ""learning_rate"": 0.03, ""max_depth"": 5, ""min_child_weight"": 5, ""n_estimators"": 250, ""subsample"": 0.7}",4,7211,0.7223686035223963,0.009350881782515785,7.689165092576354e+28,2510.2653940139658,0.13767499727797172,66.69605924935945
stage2,6939,38,0.55,74929,27,"{""atr_period"": 7, ""horizon_h"": 6, ""ma_windows"": [12, 24, 72], ""mtf_intervals"": [""4h"", ""1d""], ""ret_windows"": [1, 6, 12, 24, 48], ""rsi_period"": 14, ""target_threshold"": 0.0025, ""vol_windows"": [12, 48]}","{""colsample_bytree"": 1.0, ""gamma"": 0.0, ""learning_rate"": 0.03, ""max_depth"": 5, ""min_child_weight"": 5, ""n_estimators"": 250, ""subsample"": 0.7}",4,6393,0.7423744720788362,0.010131205243182234,5.574975328924732e+27,2510.2653940139658,0.1184535188820286,64.10380786303816
stage2,6939,38,0.58,74929,27,"{""atr_period"": 7, ""horizon_h"": 6, ""ma_windows"": [12, 24, 72], ""mtf_intervals"": [""4h"", ""1d""], ""ret_windows"": [1, 6, 12, 24, 48], ""rsi_period"": 14, ""target_threshold"": 0.0025, ""vol_windows"": [12, 48]}","{""colsample_bytree"": 1.0, ""gamma"": 0.0, ""learning_rate"": 0.03, ""max_depth"": 5, ""min_child_weight"": 5, ""n_estimators"": 250, ""subsample"": 0.7}",4,5611,0.7663518089467118,0.011042715380754017,3.482595612699691e+26,2510.2653940139658,0.11845351888202849,61.35718671009266
stage2,6939,38,0.6,74929,27,"{""atr_period"": 7, ""horizon_h"": 6, ""ma_windows"": [12, 24, 72], ""mtf_intervals"": [""4h"", ""1d""], ""ret_windows"": [1, 6, 12, 24, 48], ""rsi_period"": 14, ""target_threshold"": 0.0025, ""vol_windows"": [12, 48]}","{""colsample_bytree"": 1.0, ""gamma"": 0.0, ""learning_rate"": 0.03, ""max_depth"": 5, ""min_child_weight"": 5, ""n_estimators"": 250, ""subsample"": 0.7}",4,5137,0.7796379209655441,0.011579566735541195,3.020498496675685e+25,2510.2653940139658,0.1184535188820286,58.92716931895632
stage2,6939,38,0.62,74929,27,"{""atr_period"": 7, ""horizon_h"": 6, ""ma_windows"": [12, 24, 72], ""mtf_intervals"": [""4h"", ""1d""], ""ret_windows"": [1, 6, 12, 24, 48], ""rsi_period"": 14, ""target_threshold"": 0.0025, ""vol_windows"": [12, 48]}","{""colsample_bytree"": 1.0, ""gamma"": 0.0, ""learning_rate"": 0.03, ""max_depth"": 5, ""min_child_weight"": 5, ""n_estimators"": 250, ""subsample"": 0.7}",4,4605,0.7960912052117264,0.012331300642769534,2.0889398346998284e+24,2510.2653940139658,0.07470976891539172,56.29686739786526
stage2,6939,38,0.65,74929,27,"{""atr_period"": 7, ""horizon_h"": 6, ""ma_windows"": [12, 24, 72], ""mtf_intervals"": [""4h"", ""1d""], ""ret_windows"": [1, 6, 12, 24, 48], ""rsi_period"": 14, ""target_threshold"": 0.0025, ""vol_windows"": [12, 48]}","{""colsample_bytree"": 1.0, ""gamma"": 0.0, ""learning_rate"": 0.03, ""max_depth"": 5, ""min_child_weight"": 5, ""n_estimators"": 250, ""subsample"": 0.7}",4,3955,0.8184576485461441,0.013271519207884696,2.9788270313055145e+22,2510.2653940139658,0.0712350880822129,52.073722383703135
stage2,6939,36,0.52,74929,27,"{""atr_period"": 7, ""horizon_h"": 6, ""ma_windows"": [12, 24, 72], ""mtf_intervals"": [""4h"", ""1d""], ""ret_windows"": [1, 6, 12, 24, 48], ""rsi_period"": 14, ""target_threshold"": 0.0025, ""vol_windows"": [12, 48]}","{""colsample_bytree"": 1.0, ""gamma"": 0.0, ""learning_rate"": 0.03, ""max_depth"": 5, ""min_child_weight"": 1, ""n_estimators"": 250, ""subsample"": 0.7}",4,7215,0.7247401247401247,0.009407897377197804,1.2040098398108096e+29,2510.2653940139658,0.13767499727797172,67.1468429964516
stage2,6939,36,0.55,74929,27,"{""atr_period"": 7, ""horizon_h"": 6, ""ma_windows"": [12, 24, 72], ""mtf_intervals"": [""4h"", ""1d""], ""ret_windows"": [1, 6, 12, 24, 48], ""rsi_period"": 14, ""target_threshold"": 0.0025, ""vol_windows"": [12, 48]}","{""colsample_bytree"": 1.0, ""gamma"": 0.0, ""learning_rate"": 0.03, ""max_depth"": 5, ""min_child_weight"": 1, ""n_estimators"": 250, ""subsample"": 0.7}",4,6381,0.7451810061118946,0.01016834667728265,6.252091874028856e+27,2510.2653940139658,0.11845351888202871,64.22097843729942
stage2,6939,36,0.58,74929,27,"{""atr_period"": 7, ""horizon_h"": 6, ""ma_windows"": [12, 24, 72], ""mtf_intervals"": [""4h"", ""1d""], ""ret_windows"": [1, 6, 12, 24, 48], ""rsi_period"": 14, ""target_threshold"": 0.0025, ""vol_windows"": [12, 48]}","{""colsample_bytree"": 1.0, ""gamma"": 0.0, ""learning_rate"": 0.03, ""max_depth"": 5, ""min_child_weight"": 1, ""n_estimators"": 250, ""subsample"": 0.7}",4,5599,0.7653152348633685,0.011002646722670519,2.4547738971301504e+26,2510.2653940139658,0.11845351888202849,61.006293678152694
stage2,6939,36,0.6,74929,27,"{""atr_period"": 7, ""horizon_h"": 6, ""ma_windows"": [12, 24, 72], ""mtf_intervals"": [""4h"", ""1d""], ""ret_windows"": [1, 6, 12, 24, 48], ""rsi_period"": 14, ""target_threshold"": 0.0025, ""vol_windows"": [12, 48]}","{""colsample_bytree"": 1.0, ""gamma"": 0.0, ""learning_rate"": 0.03, ""max_depth"": 5, ""min_child_weight"": 1, ""n_estimators"": 250, ""subsample"": 0.7}",4,5101,0.7812193687512252,0.011641839931848978,2.7421341392015314e+25,2510.2653940139658,0.11845351888202849,58.83224728001426
stage2,6939,36,0.62,74929,27,"{""atr_period"": 7, ""horizon_h"": 6, ""ma_windows"": [12, 24, 72], ""mtf_intervals"": [""4h"", ""1d""], ""ret_windows"": [1, 6, 12, 24, 48], ""rsi_period"": 14, ""target_threshold"": 0.0025, ""vol_windows"": [12, 48]}","{""colsample_bytree"": 1.0, ""gamma"": 0.0, ""learning_rate"": 0.03, ""max_depth"": 5, ""min_child_weight"": 1, ""n_estimators"": 250, ""subsample"": 0.7}",4,4590,0.7986928104575164,0.012334382477991937,1.768886312591764e+24,2510.2653940139658,0.07123508808221313,56.13440414263551
stage2,6939,36,0.65,74929,27,"{""atr_period"": 7, ""horizon_h"": 6, ""ma_windows"": [12, 24, 72], ""mtf_intervals"": [""4h"", ""1d""], ""ret_windows"": [1, 6, 12, 24, 48], ""rsi_period"": 14, ""target_threshold"": 0.0025, ""vol_windows"": [12, 48]}","{""colsample_bytree"": 1.0, ""gamma"": 0.0, ""learning_rate"": 0.03, ""max_depth"": 5, ""min_child_weight"": 1, ""n_estimators"": 250, ""subsample"": 0.7}",4,3937,0.8219456438912878,0.013317324203834965,2.820056700702503e+22,2510.2653940139658,0.07123508808221302,52.022106601951585
stage2,6939,32,0.52,74929,27,"{""atr_period"": 7, ""horizon_h"": 6, ""ma_windows"": [12, 24, 72], ""mtf_intervals"": [""4h"", ""1d""], ""ret_windows"": [1, 6, 12, 24, 48], ""rsi_period"": 14, ""target_threshold"": 0.0025, ""vol_windows"": [12, 48]}","{""colsample_bytree"": 0.7, ""gamma"": 0.0, ""learning_rate"": 0.03, ""max_depth"": 5, ""min_child_weight"": 1, ""n_estimators"": 250, ""subsample"": 0.7}",4,7265,0.7223675154852031,0.009308471104864477,9.322960396266139e+28,2510.2653940139658,0.12939615786227399,66.89252652347446
stage2,6939,32,0.55,74929,27,"{""atr_period"": 7, ""horizon_h"": 6, ""ma_windows"": [12, 24, 72], ""mtf_intervals"": [""4h"", ""1d""], ""ret_windows"": [1, 6, 12, 24, 48], ""rsi_period"": 14, ""target_threshold"": 0.0025, ""vol_windows"": [12, 48]}","{""colsample_bytree"": 0.7, ""gamma"": 0.0, ""learning_rate"": 0.03, ""max_depth"": 5, ""min_child_weight"": 1, ""n_estimators"": 250, ""subsample"": 0.7}",4,6382,0.7463177687245378,0.010168214744251407,6.306123723171195e+27,2510.2653940139658,0.12000410582423138,64.22971657170413
stage2,6939,32,0.58,74929,27,"{""atr_period"": 7, ""horizon_h"": 6, ""ma_windows"": [12, 24, 72], ""mtf_intervals"": [""4h"", ""1d""], ""ret_windows"": [1, 6, 12, 24, 48], ""rsi_period"": 14, ""target_threshold"": 0.0025, ""vol_windows"": [12, 48]}","{""colsample_bytree"": 0.7, ""gamma"": 0.0, ""learning_rate"": 0.03, ""max_depth"": 5, ""min_child_weight"": 1, ""n_estimators"": 250, ""subsample"": 0.7}",4,5560,0.7670863309352518,0.011062388504635928,2.2263841532195883e+26,2510.2653940139658,0.07884120533897343,60.93033880149524
stage2,6939,32,0.6,74929,27,"{""atr_period"": 7, ""horizon_h"": 6, ""ma_windows"": [12, 24, 72], ""mtf_intervals"": [""4h"", ""1d""], ""ret_windows"": [1, 6, 12, 24, 48], ""rsi_period"": 14, ""target_threshold"": 0.0025, ""vol_windows"": [12, 48]}","{""colsample_bytree"": 0.7, ""gamma"": 0.0, ""learning_rate"": 0.03, ""max_depth"": 5, ""min_child_weight"": 1, ""n_estimators"": 250, ""subsample"": 0.7}",4,5085,0.7797443461160275,0.011618886688823124,2.024303913970746e+25,2510.2653940139658,0.0747097689153915,58.54924490607381
stage2,6939,32,0.62,74929,27,"{""atr_period"": 7, ""horizon_h"": 6, ""ma_windows"": [12, 24, 72], ""mtf_intervals"": [""4h"", ""1d""], ""ret_windows"": [1, 6, 12, 24, 48], ""rsi_period"": 14, ""target_threshold"": 0.0025, ""vol_windows"": [12, 48]}","{""colsample_bytree"": 0.7, ""gamma"": 0.0, ""learning_rate"": 0.03, ""max_depth"": 5, ""min_child_weight"": 1, ""n_estimators"": 250, ""subsample"": 0.7}",4,4581,0.7987339008950011,0.01229450713022548,1.319732420536485e+24,2510.2653940139658,0.07123508808221302,55.841196869908494
stage2,6939,32,0.65,74929,27,"{""atr_period"": 7, ""horizon_h"": 6, ""ma_windows"": [12, 24, 72], ""mtf_intervals"": [""4h"", ""1d""], ""ret_windows"": [1, 6, 12, 24, 48], ""rsi_period"": 14, ""target_threshold"": 0.0025, ""vol_windows"": [12, 48]}","{""colsample_bytree"": 0.7, ""gamma"": 0.0, ""learning_rate"": 0.03, ""max_depth"": 5, ""min_child_weight"": 1, ""n_estimators"": 250, ""subsample"": 0.7}",4,3885,0.8182754182754183,0.013317329960563756,1.419407854611678e+22,2510.2653940139658,0.07123508808221313,51.332653256981054
stage2,6939,42,0.52,74929,27,"{""atr_period"": 7, ""horizon_h"": 6, ""ma_windows"": [12, 24, 72], ""mtf_intervals"": [""4h"", ""1d""], ""ret_windows"": [1, 6, 12, 24, 48], ""rsi_period"": 14, ""target_threshold"": 0.0025, ""vol_windows"": [12, 48]}","{""colsample_bytree"": 0.7, ""gamma"": 0.0, ""learning_rate"": 0.03, ""max_depth"": 5, ""min_child_weight"": 5, ""n_estimators"": 250, ""subsample"": 1.0}",4,7290,0.7213991769547325,0.009285619003094521,9.931786792394188e+28,2510.2653940139658,0.1481800191684849,66.9454372885187
stage2,6939,42,0.55,74929,27,"{""atr_period"": 7, ""horizon_h"": 6, ""ma_windows"": [12, 24, 72], ""mtf_intervals"": [""4h"", ""1d""], ""ret_windows"": [1, 6, 12, 24, 48], ""rsi_period"": 14, ""target_threshold"": 0.0025, ""vol_windows"": [12, 48]}","{""colsample_bytree"": 0.7, ""gamma"": 0.0, ""learning_rate"": 0.03, ""max_depth"": 5, ""min_child_weight"": 5, ""n_estimators"": 250, ""subsample"": 1.0}",4,6385,0.7462803445575568,0.010191022124849148,7.498453334662697e+27,2510.2653940139658,0.12000410582423138,64.40304468780255
stage2,6939,42,0.58,74929,27,"{""atr_period"": 7, ""horizon_h"": 6, ""ma_windows"": [12, 24, 72], ""mtf_intervals"": [""4h"", ""1d""], ""ret_windows"": [1, 6, 12, 24, 48], ""rsi_period"": 14, ""target_threshold"": 0.0025, ""vol_windows"": [12, 48]}","{""colsample_bytree"": 0.7, ""gamma"": 0.0, ""learning_rate"": 0.03, ""max_depth"": 5, ""min_child_weight"": 5, ""n_estimators"": 250, ""subsample"": 1.0}",4,5541,0.7675509835769717,0.011068591287028555,1.861332903953074e+26,2510.2653940139658,0.11845351888202871,60.731868021669676
stage2,6939,42,0.6,74929,27,"{""atr_period"": 7, ""horizon_h"": 6, ""ma_windows"": [12, 24, 72], ""mtf_intervals"": [""4h"", ""1d""], ""ret_windows"": [1, 6, 12, 24, 48], ""rsi_period"": 14, ""target_threshold"": 0.0025, ""vol_windows"": [12, 48]}","{""colsample_bytree"": 0.7, ""gamma"": 0.0, ""learning_rate"": 0.03, ""max_depth"": 5, ""min_child_weight"": 5, ""n_estimators"": 250, ""subsample"": 1.0}",4,5044,0.7817208564631245,0.011719879666116127,2.083374412305087e+25,2510.2653940139658,0.11845351888202849,58.55852518070181
stage2,6939,42,0.62,74929,27,"{""atr_period"": 7, ""horizon_h"": 6, ""ma_windows"": [12, 24, 72], ""mtf_intervals"": [""4h"", ""1d""], ""ret_windows"": [1, 6, 12, 24, 48], ""rsi_period"": 14, ""target_threshold"": 0.0025, ""vol_windows"": [12, 48]}","{""colsample_bytree"": 0.7, ""gamma"": 0.0, ""learning_rate"": 0.03, ""max_depth"": 5, ""min_child_weight"": 5, ""n_estimators"": 250, ""subsample"": 1.0}",4,4528,0.7948321554770318,0.012333600428372749,8.234480863141946e+23,2510.2653940139658,0.0747097689153916,55.36496710355795
stage2,6939,42,0.65,74929,27,"{""atr_period"": 7, ""horizon_h"": 6, ""ma_windows"": [12, 24, 72], ""mtf_intervals"": [""4h"", ""1d""], ""ret_windows"": [1, 6, 12, 24, 48], ""rsi_period"": 14, ""target_threshold"": 0.0025, ""vol_windows"": [12, 48]}","{""colsample_bytree"": 0.7, ""gamma"": 0.0, ""learning_rate"": 0.03, ""max_depth"": 5, ""min_child_weight"": 5, ""n_estimators"": 250, ""subsample"": 1.0}",4,3834,0.8184663536776213,0.013437907432897949,1.1396364660747723e+22,2510.2653940139658,0.07123508808221302,51.114240166375446
stage2,6939,44,0.52,74929,27,"{""atr_period"": 7, ""horizon_h"": 6, ""ma_windows"": [12, 24, 72], ""mtf_intervals"": [""4h"", ""1d""], ""ret_windows"": [1, 6, 12, 24, 48], ""rsi_period"": 14, ""target_threshold"": 0.0025, ""vol_windows"": [12, 48]}","{""colsample_bytree"": 1.0, ""gamma"": 0.0, ""learning_rate"": 0.03, ""max_depth"": 5, ""min_child_weight"": 1, ""n_estimators"": 250, ""subsample"": 1.0}",4,7220,0.7224376731301939,0.009364685218107523,9.199328759765415e+28,2510.2653940139658,0.15576252407859403,66.86649948254116
stage2,6939,44,0.55,74929,27,"{""atr_period"": 7, ""horizon_h"": 6, ""ma_windows"": [12, 24, 72], ""mtf_intervals"": [""4h"", ""1d""], ""ret_windows"": [1, 6, 12, 24, 48], ""rsi_period"": 14, ""target_threshold"": 0.0025, ""vol_windows"": [12, 48]}","{""colsample_bytree"": 1.0, ""gamma"": 0.0, ""learning_rate"": 0.03, ""max_depth"": 5, ""min_child_weight"": 1, ""n_estimators"": 250, ""subsample"": 1.0}",4,6363,0.7433600502907434,0.010183364222816797,5.70566047077822e+27,2510.2653940139658,0.12000410582423138,64.12740915906868
stage2,6939,44,0.58,74929,27,"{""atr_period"": 7, ""horizon_h"": 6, ""ma_windows"": [12, 24, 72], ""mtf_intervals"": [""4h"", ""1d""], ""ret_windows"": [1, 6, 12, 24, 48], ""rsi_period"": 14, ""target_threshold"": 0.0025, ""vol_windows"": [12, 48]}","{""colsample_bytree"": 1.0, ""gamma"": 0.0, ""learning_rate"": 0.03, ""max_depth"": 5, ""min_child_weight"": 1, ""n_estimators"": 250, ""subsample"": 1.0}",4,5586,0.7665592552810598,0.011051292973957206,2.755741063245116e+26,2510.2653940139658,0.1200041058242316,61.12255450785727
stage2,6939,44,0.6,74929,27,"{""atr_period"": 7, ""horizon_h"": 6, ""ma_windows"": [12, 24, 72], ""mtf_intervals"": [""4h"", ""1d""], ""ret_windows"": [1, 6, 12, 24, 48], ""rsi_period"": 14, ""target_threshold"": 0.0025, ""vol_windows"": [12, 48]}","{""colsample_bytree"": 1.0, ""gamma"": 0.0, ""learning_rate"": 0.03, ""max_depth"": 5, ""min_child_weight"": 1, ""n_estimators"": 250, ""subsample"": 1.0}",4,5031,0.7835420393559929,0.011738687391469332,1.972119835398207e+25,2510.2653940139658,0.11845351888202849,58.5052527188183
stage2,6939,44,0.62,74929,27,"{""atr_period"": 7, ""horizon_h"": 6, ""ma_windows"": [12, 24, 72], ""mtf_intervals"": [""4h"", ""1d""], ""ret_windows"": [1, 6, 12, 24, 48], ""rsi_period"": 14, ""target_threshold"": 0.0025, ""vol_windows"": [12, 48]}","{""colsample_bytree"": 1.0, ""gamma"": 0.0, ""learning_rate"": 0.03, ""max_depth"": 5, ""min_child_weight"": 1, ""n_estimators"": 250, ""subsample"": 1.0}",4,4535,0.7995589856670342,0.012418130363974817,1.3136784932780335e+24,2510.2653940139658,0.07422883788216605,55.83675125661475
stage2,6939,44,0.65,74929,27,"{""atr_period"": 7, ""horizon_h"": 6, ""ma_windows"": [12, 24, 72], ""mtf_intervals"": [""4h"", ""1d""], ""ret_windows"": [1, 6, 12, 24, 48], ""rsi_period"": 14, ""target_threshold"": 0.0025, ""vol_windows"": [12, 48]}","{""colsample_bytree"": 1.0, ""gamma"": 0.0, ""learning_rate"": 0.03, ""max_depth"": 5, ""min_child_weight"": 1, ""n_estimators"": 250, ""subsample"": 1.0}",4,3845,0.8210663198959688,0.013437573576271,1.3223781439522763e+22,2510.2653940139658,0.07125685940208049,51.2650290005212
stage2,6939,23,0.52,74929,27,"{""atr_period"": 7, ""horizon_h"": 6, ""ma_windows"": [12, 24, 72], ""mtf_intervals"": [""4h"", ""1d""], ""ret_windows"": [1, 6, 12, 24, 48], ""rsi_period"": 14, ""target_threshold"": 0.0025, ""vol_windows"": [12, 48]}","{""colsample_bytree"": 1.0, ""gamma"": 0.2, ""learning_rate"": 0.07, ""max_depth"": 3, ""min_child_weight"": 5, ""n_estimators"": 250, ""subsample"": 0.7}",4,7050,0.7168794326241135,0.009287936619421532,1.1039972251563414e+28,2510.2653940139658,0.13159174020414344,64.75333120719228
stage2,6939,23,0.55,74929,27,"{""atr_period"": 7, ""horizon_h"": 6, ""ma_windows"": [12, 24, 72], ""mtf_intervals"": [""4h"", ""1d""], ""ret_windows"": [1, 6, 12, 24, 48], ""rsi_period"": 14, ""target_threshold"": 0.0025, ""vol_windows"": [12, 48]}","{""colsample_bytree"": 1.0, ""gamma"": 0.2, ""learning_rate"": 0.07, ""max_depth"": 3, ""min_child_weight"": 5, ""n_estimators"": 250, ""subsample"": 0.7}",4,6129,0.7431881220427476,0.010202061554535697,6.020170866685077e+26,2510.2653940139658,0.13159174020414344,61.87269917990181
stage2,6939,23,0.58,74929,27,"{""atr_period"": 7, ""horizon_h"": 6, ""ma_windows"": [12, 24, 72], ""mtf_intervals"": [""4h"", ""1d""], ""ret_windows"": [1, 6, 12, 24, 48], ""rsi_period"": 14, ""target_threshold"": 0.0025, ""vol_windows"": [12, 48]}","{""colsample_bytree"": 1.0, ""gamma"": 0.2, ""learning_rate"": 0.07, ""max_depth"": 3, ""min_child_weight"": 5, ""n_estimators"": 250, ""subsample"": 0.7}",4,5285,0.7657521286660359,0.011076630838231809,1.170155268828579e+25,2510.2653940139658,0.11845351888202849,57.963751763453985
stage2,6939,23,0.6,74929,27,"{""atr_period"": 7, ""horizon_h"": 6, ""ma_windows"": [12, 24, 72], ""mtf_intervals"": [""4h"", ""1d""], ""ret_windows"": [1, 6, 12, 24, 48], ""rsi_period"": 14, ""target_threshold"": 0.0025, ""vol_windows"": [12, 48]}","{""colsample_bytree"": 1.0, ""gamma"": 0.2, ""learning_rate"": 0.07, ""max_depth"": 3, ""min_child_weight"": 5, ""n_estimators"": 250, ""subsample"": 0.7}",4,4760,0.780672268907563,0.01181952091857916,1.2368837669261584e+24,2510.2653940139658,0.1184535188820286,55.73450458020489
stage2,6939,23,0.62,74929,27,"{""atr_period"": 7, ""horizon_h"": 6, ""ma_windows"": [12, 24, 72], ""mtf_intervals"": [""4h"", ""1d""], ""ret_windows"": [1, 6, 12, 24, 48], ""rsi_period"": 14, ""target_threshold"": 0.0025, ""vol_windows"": [12, 48]}","{""colsample_bytree"": 1.0, ""gamma"": 0.2, ""learning_rate"": 0.07, ""max_depth"": 3, ""min_child_weight"": 5, ""n_estimators"": 250, ""subsample"": 0.7}",4,4297,0.7956713986502211,0.012496882704798262,9.803405268512198e+22,2510.2653940139658,0.07630496788191499,53.237961544186
stage2,6939,23,0.65,74929,27,"{""atr_period"": 7, ""horizon_h"": 6, ""ma_windows"": [12, 24, 72], ""mtf_intervals"": [""4h"", ""1d""], ""ret_windows"": [1, 6, 12, 24, 48], ""rsi_period"": 14, ""target_threshold"": 0.0025, ""vol_windows"": [12, 48]}","{""colsample_bytree"": 1.0, ""gamma"": 0.2, ""learning_rate"": 0.07, ""max_depth"": 3, ""min_child_weight"": 5, ""n_estimators"": 250, ""subsample"": 0.7}",4,3605,0.8130374479889043,0.01354959079412573,8.099841907186815e+20,2510.2653940139658,0.07123508808221302,48.4667555444406
stage2,1827,51,0.52,74929,27,"{""atr_period"": 21, ""horizon_h"": 6, ""ma_windows"": [6, 18, 72], ""mtf_intervals"": [""4h"", ""1d""], ""ret_windows"": [1, 3, 6, 12, 24], ""rsi_period"": 14, ""target_threshold"": 0.0025, ""vol_windows"": [12, 48]}","{""colsample_bytree"": 0.7, ""gamma"": 0.2, ""learning_rate"": 0.07, ""max_depth"": 5, ""min_child_weight"": 5, ""n_estimators"": 250, ""subsample"": 0.7}",4,7707,0.7132476968989231,0.008956788548537783,3.74258334996609e+29,2510.2653940139658,0.15466798268891635,68.25966227965398
stage2,1827,51,0.55,74929,27,"{""atr_period"": 21, ""horizon_h"": 6, ""ma_windows"": [6, 18, 72], ""mtf_intervals"": [""4h"", ""1d""], ""ret_windows"": [1, 3, 6, 12, 24], ""rsi_period"": 14, ""target_threshold"": 0.0025, ""vol_windows"": [12, 48]}","{""colsample_bytree"": 0.7, ""gamma"": 0.2, ""learning_rate"": 0.07, ""max_depth"": 5, ""min_child_weight"": 5, ""n_estimators"": 250, ""subsample"": 0.7}",4,6902,0.7337003767024051,0.009621643940265897,2.830474952440303e+28,2510.2653940139658,0.1347314074906616,65.70939487826307
stage2,1827,51,0.58,74929,27,"{""atr_period"": 21, ""horizon_h"": 6, ""ma_windows"": [6, 18, 72], ""mtf_intervals"": [""4h"", ""1d""], ""ret_windows"": [1, 3, 6, 12, 24], ""rsi_period"": 14, ""target_threshold"": 0.0025, ""vol_windows"": [12, 48]}","{""colsample_bytree"": 0.7, ""gamma"": 0.2, ""learning_rate"": 0.07, ""max_depth"": 5, ""min_child_weight"": 5, ""n_estimators"": 250, ""subsample"": 0.7}",4,6128,0.7498368146214099,0.010307030615505731,1.141303869035071e+27,2510.2653940139658,0.13006157112375027,62.5192637754948
stage2,1827,51,0.6,74929,27,"{""atr_period"": 21, ""horizon_h"": 6, ""ma_windows"": [6, 18, 72], ""mtf_intervals"": [""4h"", ""1d""], ""ret_windows"": [1, 3, 6, 12, 24], ""rsi_period"": 14, ""target_threshold"": 0.0025, ""vol_windows"": [12, 48]}","{""colsample_bytree"": 0.7, ""gamma"": 0.2, ""learning_rate"": 0.07, ""max_depth"": 5, ""min_child_weight"": 5, ""n_estimators"": 250, ""subsample"": 0.7}",4,5659,0.7656829828591624,0.010840631816235171,1.9095358412653078e+26,2510.2653940139658,0.10356655437357032,60.76156077895686
stage2,1827,51,0.62,74929,27,"{""atr_period"": 21, ""horizon_h"": 6, ""ma_windows"": [6, 18, 72], ""mtf_intervals"": [""4h"", ""1d""], ""ret_windows"": [1, 3, 6, 12, 24], ""rsi_period"": 14, ""target_threshold"": 0.0025, ""vol_windows"": [12, 48]}","{""colsample_bytree"": 0.7, ""gamma"": 0.2, ""learning_rate"": 0.07, ""max_depth"": 5, ""min_child_weight"": 5, ""n_estimators"": 250, ""subsample"": 0.7}",4,5213,0.7820832534049492,0.011406865309317907,2.9730308045352284e+25,2510.2653940139658,0.07573261296471678,58.93326444896086
stage2,1827,51,0.65,74929,27,"{""atr_period"": 21, ""horizon_h"": 6, ""ma_windows"": [6, 18, 72], ""mtf_intervals"": [""4h"", ""1d""], ""ret_windows"": [1, 3, 6, 12, 24], ""rsi_period"": 14, ""target_threshold"": 0.0025, ""vol_windows"": [12, 48]}","{""colsample_bytree"": 0.7, ""gamma"": 0.2, ""learning_rate"": 0.07, ""max_depth"": 5, ""min_child_weight"": 5, ""n_estimators"": 250, ""subsample"": 0.7}",4,4505,0.8048834628190898,0.012325203239223554,6.062247977221082e+23,2510.2653940139658,0.07058429807317679,55.06875407062738
stage2,1827,58,0.52,74929,27,"{""atr_period"": 21, ""horizon_h"": 6, ""ma_windows"": [6, 18, 72], ""mtf_intervals"": [""4h"", ""1d""], ""ret_windows"": [1, 3, 6, 12, 24], ""rsi_period"": 14, ""target_threshold"": 0.0025, ""vol_windows"": [12, 48]}","{""colsample_bytree"": 0.7, ""gamma"": 0.0, ""learning_rate"": 0.07, ""max_depth"": 5, ""min_child_weight"": 5, ""n_estimators"": 250, ""subsample"": 1.0}",4,7618,0.7147545287477028,0.008977549729728636,1.9905923219642973e+29,2510.2653940139658,0.15615487057962218,67.62894652604946
stage2,1827,58,0.55,74929,27,"{""atr_period"": 21, ""horizon_h"": 6, ""ma_windows"": [6, 18, 72], ""mtf_intervals"": [""4h"", ""1d""], ""ret_windows"": [1, 3, 6, 12, 24], ""rsi_period"": 14, ""target_threshold"": 0.0025, ""vol_windows"": [12, 48]}","{""colsample_bytree"": 0.7, ""gamma"": 0.0, ""learning_rate"": 0.07, ""max_depth"": 5, ""min_child_weight"": 5, ""n_estimators"": 250, ""subsample"": 1.0}",4,6774,0.7381163271331562,0.009716266411323081,1.579219865599871e+28,2510.2653940139658,0.15615487057962218,65.11945933069238
stage2,1827,58,0.58,74929,27,"{""atr_period"": 21, ""horizon_h"": 6, ""ma_windows"": [6, 18, 72], ""mtf_intervals"": [""4h"", ""1d""], ""ret_windows"": [1, 3, 6, 12, 24], ""rsi_period"": 14, ""target_threshold"": 0.0025, ""vol_windows"": [12, 48]}","{""colsample_bytree"": 0.7, ""gamma"": 0.0, ""learning_rate"": 0.07, ""max_depth"": 5, ""min_child_weight"": 5, ""n_estimators"": 250, ""subsample"": 1.0}",4,6028,0.7526542800265428,0.010387605112404759,6.663496975412672e+26,2510.2653940139658,0.13045455651552051,61.983853822641734
stage2,1827,58,0.6,74929,27,"{""atr_period"": 21, ""horizon_h"": 6, ""ma_windows"": [6, 18, 72], ""mtf_intervals"": [""4h"", ""1d""], ""ret_windows"": [1, 3, 6, 12, 24], ""rsi_period"": 14, ""target_threshold"": 0.0025, ""vol_windows"": [12, 48]}","{""colsample_bytree"": 0.7, ""gamma"": 0.0, ""learning_rate"": 0.07, ""max_depth"": 5, ""min_child_weight"": 5, ""n_estimators"": 250, ""subsample"": 1.0}",4,5555,0.7663366336633664,0.010913950179133072,9.376877017512966e+25,2510.2653940139658,0.0980704715885482,60.054219764438095
stage2,1827,58,0.62,74929,27,"{""atr_period"": 21, ""horizon_h"": 6, ""ma_windows"": [6, 18, 72], ""mtf_intervals"": [""4h"", ""1d""], ""ret_windows"": [1, 3, 6, 12, 24], ""rsi_period"": 14, ""target_threshold"": 0.0025, ""vol_windows"": [12, 48]}","{""colsample_bytree"": 0.7, ""gamma"": 0.0, ""learning_rate"": 0.07, ""max_depth"": 5, ""min_child_weight"": 5, ""n_estimators"": 250, ""subsample"": 1.0}",4,5105,0.7786483839373164,0.011420542417229607,9.442593589124585e+24,2510.2653940139658,0.08686456212628735,57.778123684314316
stage2,1827,58,0.65,74929,27,"{""atr_period"": 21, ""horizon_h"": 6, ""ma_windows"": [6, 18, 72], ""mtf_intervals"": [""4h"", ""1d""], ""ret_windows"": [1, 3, 6, 12, 24], ""rsi_period"": 14, ""target_threshold"": 0.0025, ""vol_windows"": [12, 48]}","{""colsample_bytree"": 0.7, ""gamma"": 0.0, ""learning_rate"": 0.07, ""max_depth"": 5, ""min_child_weight"": 5, ""n_estimators"": 250, ""subsample"": 1.0}",4,4441,0.800045034902049,0.012242441109292618,1.935770641908576e+23,2510.2653940139658,0.07573261296471678,53.92007190092438
stage2,1827,50,0.52,74929,27,"{""atr_period"": 21, ""horizon_h"": 6, ""ma_windows"": [6, 18, 72], ""mtf_intervals"": [""4h"", ""1d""], ""ret_windows"": [1, 3, 6, 12, 24], ""rsi_period"": 14, ""target_threshold"": 0.0025, ""vol_windows"": [12, 48]}","{""colsample_bytree"": 0.7, ""gamma"": 0.0, ""learning_rate"": 0.07, ""max_depth"": 5, ""min_child_weight"": 5, ""n_estimators"": 250, ""subsample"": 0.7}",4,7692,0.7117784711388455,0.008937586997452363,2.8238286304249615e+29,2510.2653940139658,0.13625336261132848,67.98585812292477
stage2,1827,50,0.55,74929,27,"{""atr_period"": 21, ""horizon_h"": 6, ""ma_windows"": [6, 18, 72], ""mtf_intervals"": [""4h"", ""1d""], ""ret_windows"": [1, 3, 6, 12, 24], ""rsi_period"": 14, ""target_threshold"": 0.0025, ""vol_windows"": [12, 48]}","{""colsample_bytree"": 0.7, ""gamma"": 0.0, ""learning_rate"": 0.07, ""max_depth"": 5, ""min_child_weight"": 5, ""n_estimators"": 250, ""subsample"": 0.7}",4,6868,0.7313628421665695,0.00957988660692923,1.5324686184653873e+28,2510.2653940139658,0.13473140749066181,65.09362617794798
stage2,1827,50,0.58,74929,27,"{""atr_period"": 21, ""horizon_h"": 6, ""ma_windows"": [6, 18, 72], ""mtf_intervals"": [""4h"", ""1d""], ""ret_windows"": [1, 3, 6, 12, 24], ""rsi_period"": 14, ""target_threshold"": 0.0025, ""vol_windows"": [12, 48]}","{""colsample_bytree"": 0.7, ""gamma"": 0.0, ""learning_rate"": 0.07, ""max_depth"": 5, ""min_child_weight"": 5, ""n_estimators"": 250, ""subsample"": 0.7}",4,6112,0.7522905759162304,0.010364953370479182,1.3802845180644154e+27,2510.2653940139658,0.13473140749066181,62.70947354521965
stage2,1827,50,0.6,74929,27,"{""atr_period"": 21, ""horizon_h"": 6, ""ma_windows"": [6, 18, 72], ""mtf_intervals"": [""4h"", ""1d""], ""ret_windows"": [1, 3, 6, 12, 24], ""rsi_period"": 14, ""target_threshold"": 0.0025, ""vol_windows"": [12, 48]}","{""colsample_bytree"": 0.7, ""gamma"": 0.0, ""learning_rate"": 0.07, ""max_depth"": 5, ""min_child_weight"": 5, ""n_estimators"": 250, ""subsample"": 0.7}",4,5620,0.7704626334519573,0.010925522208553947,2.018827630087976e+26,2510.2653940139658,0.07573261296471678,60.835637357575045
stage2,1827,50,0.62,74929,27,"{""atr_period"": 21, ""horizon_h"": 6, ""ma_windows"": [6, 18, 72], ""mtf_intervals"": [""4h"", ""1d""], ""ret_windows"": [1, 3, 6, 12, 24], ""rsi_period"": 14, ""target_threshold"": 0.0025, ""vol_windows"": [12, 48]}","{""colsample_bytree"": 0.7, ""gamma"": 0.0, ""learning_rate"": 0.07, ""max_depth"": 5, ""min_child_weight"": 5, ""n_estimators"": 250, ""subsample"": 0.7}",4,5188,0.7825751734772552,0.011383417260430082,1.989310517749138e+25,2510.2653940139658,0.07573261296471667,58.53167660044173
stage2,1827,50,0.65,74929,27,"{""atr_period"": 21, ""horizon_h"": 6, ""ma_windows"": [6, 18, 72], ""mtf_intervals"": [""4h"", ""1d""], ""ret_windows"": [1, 3, 6, 12, 24], ""rsi_period"": 14, ""target_threshold"": 0.0025, ""vol_windows"": [12, 48]}","{""colsample_bytree"": 0.7, ""gamma"": 0.0, ""learning_rate"": 0.07, ""max_depth"": 5, ""min_child_weight"": 5, ""n_estimators"": 250, ""subsample"": 0.7}",4,4534,0.7970886634318483,0.012208465091152145,5.0881351673109205e+23,2510.2653940139658,0.07058429807317645,54.88641503288842
stage2,1827,48,0.52,74929,27,"{""atr_period"": 21, ""horizon_h"": 6, ""ma_windows"": [6, 18, 72], ""mtf_intervals"": [""4h"", ""1d""], ""ret_windows"": [1, 3, 6, 12, 24], ""rsi_period"": 14, ""target_threshold"": 0.0025, ""vol_windows"": [12, 48]}","{""colsample_bytree"": 0.7, ""gamma"": 0.0, ""learning_rate"": 0.07, ""max_depth"": 5, ""min_child_weight"": 1, ""n_estimators"": 250, ""subsample"": 0.7}",4,7687,0.7125016261220242,0.00895598677765163,3.1234571379835963e+29,2510.2653940139658,0.13625336261132848,68.0874306560658
stage2,1827,48,0.55,74929,27,"{""atr_period"": 21, ""horizon_h"": 6, ""ma_windows"": [6, 18, 72], ""mtf_intervals"": [""4h"", ""1d""], ""ret_windows"": [1, 3, 6, 12, 24], ""rsi_period"": 14, ""target_threshold"": 0.0025, ""vol_windows"": [12, 48]}","{""colsample_bytree"": 0.7, ""gamma"": 0.0, ""learning_rate"": 0.07, ""max_depth"": 5, ""min_child_weight"": 1, ""n_estimators"": 250, ""subsample"": 0.7}",4,6871,0.7310435162276233,0.009608858631283329,1.934745328002115e+28,2510.2653940139658,0.13473140749066181,65.32669828650467
stage2,1827,48,0.58,74929,27,"{""atr_period"": 21, ""horizon_h"": 6, ""ma_windows"": [6, 18, 72], ""mtf_intervals"": [""4h"", ""1d""], ""ret_windows"": [1, 3, 6, 12, 24], ""rsi_period"": 14, ""target_threshold"": 0.0025, ""vol_windows"": [12, 48]}","{""colsample_bytree"": 0.7, ""gamma"": 0.0, ""learning_rate"": 0.07, ""max_depth"": 5, ""min_child_weight"": 1, ""n_estimators"": 250, ""subsample"": 0.7}",4,6090,0.7533661740558292,0.010338884383904694,9.423495495952643e+26,2510.2653940139658,0.09179539245863422,62.349924827447126
stage2,1827,48,0.6,74929,27,"{""atr_period"": 21, ""horizon_h"": 6, ""ma_windows"": [6, 18, 72], ""mtf_intervals"": [""4h"", ""1d""], ""ret_windows"": [1, 3, 6, 12, 24], ""rsi_period"": 14, ""target_threshold"": 0.0025, ""vol_windows"": [12, 48]}","{""colsample_bytree"": 0.7, ""gamma"": 0.0, ""learning_rate"": 0.07, ""max_depth"": 5, ""min_child_weight"": 1, ""n_estimators"": 250, ""subsample"": 0.7}",4,5623,0.7645385025786946,0.010797680769429477,1.0242727887094561e+26,2510.2653940139658,0.07884120533897343,60.14978694975858
stage2,1827,48,0.62,74929,27,"{""atr_period"": 21, ""horizon_h"": 6, ""ma_windows"": [6, 18, 72], ""mtf_intervals"": [""4h"", ""1d""], ""ret_windows"": [1, 3, 6, 12, 24], ""rsi_period"": 14, ""target_threshold"": 0.0025, ""vol_windows"": [12, 48]}","{""colsample_bytree"": 0.7, ""gamma"": 0.0, ""learning_rate"": 0.07, ""max_depth"": 5, ""min_child_weight"": 1, ""n_estimators"": 250, ""subsample"": 0.7}",4,5146,0.7811892732219199,0.011381565011377754,1.2322671904193406e+25,2510.2653940139658,0.07573261296471678,58.05162067397498
stage2,1827,48,0.65,74929,27,"{""atr_period"": 21, ""horizon_h"": 6, ""ma_windows"": [6, 18, 72], ""mtf_intervals"": [""4h"", ""1d""], ""ret_windows"": [1, 3, 6, 12, 24], ""rsi_period"": 14, ""target_threshold"": 0.0025, ""vol_windows"": [12, 48]}","{""colsample_bytree"": 0.7, ""gamma"": 0.0, ""learning_rate"": 0.07, ""max_depth"": 5, ""min_child_weight"": 1, ""n_estimators"": 250, ""subsample"": 0.7}",4,4511,0.8018177787630237,0.012285983105752704,5.4760666976256075e+23,2510.2653940139658,0.07573261296471667,54.96172000757923
stage2,1827,57,0.52,74929,27,"{""atr_period"": 21, ""horizon_h"": 6, ""ma_windows"": [6, 18, 72], ""mtf_intervals"": [""4h"", ""1d""], ""ret_windows"": [1, 3, 6, 12, 24], ""rsi_period"": 14, ""target_threshold"": 0.0025, ""vol_windows"": [12, 48]}","{""colsample_bytree"": 0.7, ""gamma"": 0.2, ""learning_rate"": 0.07, ""max_depth"": 5, ""min_child_weight"": 1, ""n_estimators"": 250, ""subsample"": 1.0}",4,7594,0.7142480905978404,0.009024994006612833,2.3028998906373902e+29,2510.2653940139658,0.1561548705796224,67.77465783685143
stage2,1827,57,0.55,74929,27,"{""atr_period"": 21, ""horizon_h"": 6, ""ma_windows"": [6, 18, 72], ""mtf_intervals"": [""4h"", ""1d""], ""ret_windows"": [1, 3, 6, 12, 24], ""rsi_period"": 14, ""target_threshold"": 0.0025, ""vol_windows"": [12, 48]}","{""colsample_bytree"": 0.7, ""gamma"": 0.2, ""learning_rate"": 0.07, ""max_depth"": 5, ""min_child_weight"": 1, ""n_estimators"": 250, ""subsample"": 1.0}",4,6792,0.734982332155477,0.009687651537489992,1.554866315782689e+28,2510.2653940139658,0.1362533626113287,65.11113257192967
stage2,1827,57,0.58,74929,27,"{""atr_period"": 21, ""horizon_h"": 6, ""ma_windows"": [6, 18, 72], ""mtf_intervals"": [""4h"", ""1d""], ""ret_windows"": [1, 3, 6, 12, 24], ""rsi_period"": 14, ""target_threshold"": 0.0025, ""vol_windows"": [12, 48]}","{""colsample_bytree"": 0.7, ""gamma"": 0.2, ""learning_rate"": 0.07, ""max_depth"": 5, ""min_child_weight"": 1, ""n_estimators"": 250, ""subsample"": 1.0}",4,6070,0.7546952224052719,0.010401964594276997,1.1260214847251286e+27,2510.2653940139658,0.1347314074906616,62.50809431188075
stage2,1827,57,0.6,74929,27,"{""atr_period"": 21, ""horizon_h"": 6, ""ma_windows"": [6, 18, 72], ""mtf_intervals"": [""4h"", ""1d""], ""ret_windows"": [1, 3, 6, 12, 24], ""rsi_period"": 14, ""target_threshold"": 0.0025, ""vol_windows"": [12, 48]}","{""colsample_bytree"": 0.7, ""gamma"": 0.2, ""learning_rate"": 0.07, ""max_depth"": 5, ""min_child_weight"": 1, ""n_estimators"": 250, ""subsample"": 1.0}",4,5574,0.7671331180480804,0.010961788764425787,1.5004929279903031e+26,2510.2653940139658,0.07967673419435806,60.53456852808696
stage2,1827,57,0.62,74929,27,"{""atr_period"": 21, ""horizon_h"": 6, ""ma_windows"": [6, 18, 72], ""mtf_intervals"": [""4h"", ""1d""], ""ret_windows"": [1, 3, 6, 12, 24], ""rsi_period"": 14, ""target_threshold"": 0.0025, ""vol_windows"": [12, 48]}","{""colsample_bytree"": 0.7, ""gamma"": 0.2, ""learning_rate"": 0.07, ""max_depth"": 5, ""min_child_weight"": 1, ""n_estimators"": 250, ""subsample"": 1.0}",4,5104,0.7807601880877743,0.011465761619496709,1.1654801200164984e+25,2510.2653940139658,0.07884120533897343,57.99467408791315
stage2,1827,57,0.65,74929,27,"{""atr_period"": 21, ""horizon_h"": 6, ""ma_windows"": [6, 18, 72], ""mtf_intervals"": [""4h"", ""1d""], ""ret_windows"": [1, 3, 6, 12, 24], ""rsi_period"": 14, ""target_threshold"": 0.0025, ""vol_windows"": [12, 48]}","{""colsample_bytree"": 0.7, ""gamma"": 0.2, ""learning_rate"": 0.07, ""max_depth"": 5, ""min_child_weight"": 1, ""n_estimators"": 250, ""subsample"": 1.0}",4,4454,0.7990570273911091,0.012248836616504435,2.319202792549105e+23,2510.2653940139658,0.07884120533897365,54.09849635376324
stage2,1827,61,0.52,74929,27,"{""atr_period"": 21, ""horizon_h"": 6, ""ma_windows"": [6, 18, 72], ""mtf_intervals"": [""4h"", ""1d""], ""ret_windows"": [1, 3, 6, 12, 24], ""rsi_period"": 14, ""target_threshold"": 0.0025, ""vol_windows"": [12, 48]}","{""colsample_bytree"": 1.0, ""gamma"": 0.2, ""learning_rate"": 0.07, ""max_depth"": 5, ""min_child_weight"": 1, ""n_estimators"": 250, ""subsample"": 1.0}",4,7616,0.7129726890756303,0.008961509091137469,1.7331095577629625e+29,2510.2653940139658,0.15615487057962207,67.4888777128215
stage2,1827,61,0.55,74929,27,"{""atr_period"": 21, ""horizon_h"": 6, ""ma_windows"": [6, 18, 72], ""mtf_intervals"": [""4h"", ""1d""], ""ret_windows"": [1, 3, 6, 12, 24], ""rsi_period"": 14, ""target_threshold"": 0.0025, ""vol_windows"": [12, 48]}","{""colsample_bytree"": 1.0, ""gamma"": 0.2, ""learning_rate"": 0.07, ""max_depth"": 5, ""min_child_weight"": 1, ""n_estimators"": 250, ""subsample"": 1.0}",4,6878,0.7310264611805758,0.009568194641999,1.573516276481132e+28,2510.2653940139658,0.15615487057962196,65.10898467621803
stage2,1827,61,0.58,74929,27,"{""atr_period"": 21, ""horizon_h"": 6, ""ma_windows"": [6, 18, 72], ""mtf_intervals"": [""4h"", ""1d""], ""ret_windows"": [1, 3, 6, 12, 24], ""rsi_period"": 14, ""target_threshold"": 0.0025, ""vol_windows"": [12, 48]}","{""colsample_bytree"": 1.0, ""gamma"": 0.2, ""learning_rate"": 0.07, ""max_depth"": 5, ""min_child_weight"": 1, ""n_estimators"": 250, ""subsample"": 1.0}",4,6100,0.7537704918032787,0.010375804031533112,1.3115648801796312e+27,2510.2653940139658,0.11428192213892663,62.66990036477524
stage2,1827,61,0.6,74929,27,"{""atr_period"": 21, ""horizon_h"": 6, ""ma_windows"": [6, 18, 72], ""mtf_intervals"": [""4h"", ""1d""], ""ret_windows"": [1, 3, 6, 12, 24], ""rsi_period"": 14, ""target_threshold"": 0.0025, ""vol_windows"": [12, 48]}","{""colsample_bytree"": 1.0, ""gamma"": 0.2, ""learning_rate"": 0.07, ""max_depth"": 5, ""min_child_weight"": 1, ""n_estimators"": 250, ""subsample"": 1.0}",4,5638,0.7655196878325647,0.010871452036654072,1.8149046111421024e+26,2510.2653940139658,0.11428192213892663,60.70549173382614
stage2,1827,61,0.62,74929,27,"{""atr_period"": 21, ""horizon_h"": 6, ""ma_windows"": [6, 18, 72], ""mtf_intervals"": [""4h"", ""1d""], ""ret_windows"": [1, 3, 6, 12, 24], ""rsi_period"": 14, ""target_threshold"": 0.0025, ""vol_windows"": [12, 48]}","{""colsample_bytree"": 1.0, ""gamma"": 0.2, ""learning_rate"": 0.07, ""max_depth"": 5, ""min_child_weight"": 1, ""n_estimators"": 250, ""subsample"": 1.0}",4,5176,0.7791731066460588,0.011422875902471472,2.132402614188149e+25,2510.2653940139658,0.07884120533897354,58.597177546621026
stage2,1827,61,0.65,74929,27,"{""atr_period"": 21, ""horizon_h"": 6, ""ma_windows"": [6, 18, 72], ""mtf_intervals"": [""4h"", ""1d""], ""ret_windows"": [1, 3, 6, 12, 24], ""rsi_period"": 14, ""target_threshold"": 0.0025, ""vol_windows"": [12, 48]}","{""colsample_bytree"": 1.0, ""gamma"": 0.2, ""learning_rate"": 0.07, ""max_depth"": 5, ""min_child_weight"": 1, ""n_estimators"": 250, ""subsample"": 1.0}",4,4544,0.7970950704225352,0.012207572710915993,5.735032831040223e+23,2510.2653940139658,0.07573261296471667,55.003520945651076
stage2,1827,38,0.52,74929,27,"{""atr_period"": 21, ""horizon_h"": 6, ""ma_windows"": [6, 18, 72], ""mtf_intervals"": [""4h"", ""1d""], ""ret_windows"": [1, 3, 6, 12, 24], ""rsi_period"": 14, ""target_threshold"": 0.0025, ""vol_windows"": [12, 48]}","{""colsample_bytree"": 1.0, ""gamma"": 0.0, ""learning_rate"": 0.03, ""max_depth"": 5, ""min_child_weight"": 5, ""n_estimators"": 250, ""subsample"": 0.7}",4,7282,0.7208184564680032,0.009283868306979259,9.182982941234506e+28,2510.2653940139658,0.15615487057962218,66.86258297115712
stage2,1827,38,0.55,74929,27,"{""atr_period"": 21, ""horizon_h"": 6, ""ma_windows"": [6, 18, 72], ""mtf_intervals"": [""4h"", ""1d""], ""ret_windows"": [1, 3, 6, 12, 24], ""rsi_period"": 14, ""target_threshold"": 0.0025, ""vol_windows"": [12, 48]}","{""colsample_bytree"": 1.0, ""gamma"": 0.0, ""learning_rate"": 0.03, ""max_depth"": 5, ""min_child_weight"": 5, ""n_estimators"": 250, ""subsample"": 0.7}",4,6428,0.7425326695706285,0.010085055250962089,5.908225259699094e+27,2510.2653940139658,0.14338826691498185,64.14915544689939
stage2,1827,38,0.58,74929,27,"{""atr_period"": 21, ""horizon_h"": 6, ""ma_windows"": [6, 18, 72], ""mtf_intervals"": [""4h"", ""1d""], ""ret_windows"": [1, 3, 6, 12, 24], ""rsi_period"": 14, ""target_threshold"": 0.0025, ""vol_windows"": [12, 48]}","{""colsample_bytree"": 1.0, ""gamma"": 0.0, ""learning_rate"": 0.03, ""max_depth"": 5, ""min_child_weight"": 5, ""n_estimators"": 250, ""subsample"": 0.7}",4,5647,0.7664246502567735,0.010939073153289245,2.90737985640172e+26,2510.2653940139658,0.09648123673097875,61.186876387508484
stage2,1827,38,0.6,74929,27,"{""atr_period"": 21, ""horizon_h"": 6, ""ma_windows"": [6, 18, 72], ""mtf_intervals"": [""4h"", ""1d""], ""ret_windows"": [1, 3, 6, 12, 24], ""rsi_period"": 14, ""target_threshold"": 0.0025, ""vol_windows"": [12, 48]}","{""colsample_bytree"": 1.0, ""gamma"": 0.0, ""learning_rate"": 0.03, ""max_depth"": 5, ""min_child_weight"": 5, ""n_estimators"": 250, ""subsample"": 0.7}",4,5153,0.7783815253250533,0.011503582407731625,2.468411487859021e+25,2510.2653940139658,0.07952236067738583,58.74317484545808
stage2,1827,38,0.62,74929,27,"{""atr_period"": 21, ""horizon_h"": 6, ""ma_windows"": [6, 18, 72], ""mtf_intervals"": [""4h"", ""1d""], ""ret_windows"": [1, 3, 6, 12, 24], ""rsi_period"": 14, ""target_threshold"": 0.0025, ""vol_windows"": [12, 48]}","{""colsample_bytree"": 1.0, ""gamma"": 0.0, ""learning_rate"": 0.03, ""max_depth"": 5, ""min_child_weight"": 5, ""n_estimators"": 250, ""subsample"": 0.7}",4,4661,0.7946792533791032,0.012177568274507364,2.038991162210069e+24,2510.2653940139658,0.08686456212628735,56.26422905690156
stage2,1827,38,0.65,74929,27,"{""atr_period"": 21, ""horizon_h"": 6, ""ma_windows"": [6, 18, 72], ""mtf_intervals"": [""4h"", ""1d""], ""ret_windows"": [1, 3, 6, 12, 24], ""rsi_period"": 14, ""target_threshold"": 0.0025, ""vol_windows"": [12, 48]}","{""colsample_bytree"": 1.0, ""gamma"": 0.0, ""learning_rate"": 0.03, ""max_depth"": 5, ""min_child_weight"": 5, ""n_estimators"": 250, ""subsample"": 0.7}",4,3999,0.813953488372093,0.013143286116529988,3.20522122339478e+22,2510.2653940139658,0.05465259221013519,52.15063594184456
stage2,1827,36,0.52,74929,27,"{""atr_period"": 21, ""horizon_h"": 6, ""ma_windows"": [6, 18, 72], ""mtf_intervals"": [""4h"", ""1d""], ""ret_windows"": [1, 3, 6, 12, 24], ""rsi_period"": 14, ""target_threshold"": 0.0025, ""vol_windows"": [12, 48]}","{""colsample_bytree"": 1.0, ""gamma"": 0.0, ""learning_rate"": 0.03, ""max_depth"": 5, ""min_child_weight"": 1, ""n_estimators"": 250, ""subsample"": 0.7}",4,7255,0.7223983459682978,0.009304699983132917,8.339151323539281e+28,2510.2653940139658,0.1561548705796223,66.76762289660847
stage2,1827,36,0.55,74929,27,"{""atr_period"": 21, ""horizon_h"": 6, ""ma_windows"": [6, 18, 72], ""mtf_intervals"": [""4h"", ""1d""], ""ret_windows"": [1, 3, 6, 12, 24], ""rsi_period"": 14, ""target_threshold"": 0.0025, ""vol_windows"": [12, 48]}","{""colsample_bytree"": 1.0, ""gamma"": 0.0, ""learning_rate"": 0.03, ""max_depth"": 5, ""min_child_weight"": 1, ""n_estimators"": 250, ""subsample"": 0.7}",4,6452,0.7402355858648481,0.010005610169997289,4.5325153958119145e+27,2510.2653940139658,0.11885174808739107,63.893882047247885
stage2,1827,36,0.58,74929,27,"{""atr_period"": 21, ""horizon_h"": 6, ""ma_windows"": [6, 18, 72], ""mtf_intervals"": [""4h"", ""1d""], ""ret_windows"": [1, 3, 6, 12, 24], ""rsi_period"": 14, ""target_threshold"": 0.0025, ""vol_windows"": [12, 48]}","{""colsample_bytree"": 1.0, ""gamma"": 0.0, ""learning_rate"": 0.03, ""max_depth"": 5, ""min_child_weight"": 1, ""n_estimators"": 250, ""subsample"": 0.7}",4,5639,0.7629012236212094,0.010899832816408012,2.140605904097118e+26,2510.2653940139658,0.0709264361473877,60.89035776291463
stage2,1827,36,0.6,74929,27,"{""atr_period"": 21, ""horizon_h"": 6, ""ma_windows"": [6, 18, 72], ""mtf_intervals"": [""4h"", ""1d""], ""ret_windows"": [1, 3, 6, 12, 24], ""rsi_period"": 14, ""target_threshold"": 0.0025, ""vol_windows"": [12, 48]}","{""colsample_bytree"": 1.0, ""gamma"": 0.0, ""learning_rate"": 0.03, ""max_depth"": 5, ""min_child_weight"": 1, ""n_estimators"": 250, ""subsample"": 0.7}",4,5150,0.7790291262135922,0.011502982165774979,2.377051148463952e+25,2510.2653940139658,0.07884120533897343,58.70631458670013
stage2,1827,36,0.62,74929,27,"{""atr_period"": 21, ""horizon_h"": 6, ""ma_windows"": [6, 18, 72], ""mtf_intervals"": [""4h"", ""1d""], ""ret_windows"": [1, 3, 6, 12, 24], ""rsi_period"": 14, ""target_threshold"": 0.0025, ""vol_windows"": [12, 48]}","{""colsample_bytree"": 1.0, ""gamma"": 0.0, ""learning_rate"": 0.03, ""max_depth"": 5, ""min_child_weight"": 1, ""n_estimators"": 250, ""subsample"": 0.7}",4,4667,0.7943004071137776,0.012143815866248183,1.8777495415798732e+24,2510.2653940139658,0.07884120533897343,56.1852864892599
stage2,1827,36,0.65,74929,27,"{""atr_period"": 21, ""horizon_h"": 6, ""ma_windows"": [6, 18, 72], ""mtf_intervals"": [""4h"", ""1d""], ""ret_windows"": [1, 3, 6, 12, 24], ""rsi_period"": 14, ""target_threshold"": 0.0025, ""vol_windows"": [12, 48]}","{""colsample_bytree"": 1.0, ""gamma"": 0.0, ""learning_rate"": 0.03, ""max_depth"": 5, ""min_child_weight"": 1, ""n_estimators"": 250, ""subsample"": 0.7}",4,3990,0.8135338345864662,0.013125634052109612,2.6640328375014733e+22,2510.2653940139658,0.08229236870891221,51.95139908059222
stage2,1827,32,0.52,74929,27,"{""atr_period"": 21, ""horizon_h"": 6, ""ma_windows"": [6, 18, 72], ""mtf_intervals"": [""4h"", ""1d""], ""ret_windows"": [1, 3, 6, 12, 24], ""rsi_period"": 14, ""target_threshold"": 0.0025, ""vol_windows"": [12, 48]}","{""colsample_bytree"": 0.7, ""gamma"": 0.0, ""learning_rate"": 0.03, ""max_depth"": 5, ""min_child_weight"": 1, ""n_estimators"": 250, ""subsample"": 0.7}",4,7275,0.7226116838487973,0.009293240020719266,9.188092477223327e+28,2510.2653940139658,0.15615487057962218,66.86464878556482
stage2,1827,32,0.55,74929,27,"{""atr_period"": 21, ""horizon_h"": 6, ""ma_windows"": [6, 18, 72], ""mtf_intervals"": [""4h"", ""1d""], ""ret_windows"": [1, 3, 6, 12, 24], ""rsi_period"": 14, ""target_threshold"": 0.0025, ""vol_windows"": [12, 48]}","{""colsample_bytree"": 0.7, ""gamma"": 0.0, ""learning_rate"": 0.03, ""max_depth"": 5, ""min_child_weight"": 1, ""n_estimators"": 250, ""subsample"": 0.7}",4,6391,0.745736191519324,0.01007371807897325,3.802686835444504e+27,2510.2653940139658,0.15615487057962207,63.704606652237544
stage2,1827,32,0.58,74929,27,"{""atr_period"": 21, ""horizon_h"": 6, ""ma_windows"": [6, 18, 72], ""mtf_intervals"": [""4h"", ""1d""], ""ret_windows"": [1, 3, 6, 12, 24], ""rsi_period"": 14, ""target_threshold"": 0.0025, ""vol_windows"": [12, 48]}","{""colsample_bytree"": 0.7, ""gamma"": 0.0, ""learning_rate"": 0.03, ""max_depth"": 5, ""min_child_weight"": 1, ""n_estimators"": 250, ""subsample"": 0.7}",4,5591,0.7656948667501341,0.010928364573202233,1.4934926216542362e+26,2510.2653940139658,0.09160496499821613,60.52251016368847
stage2,1827,32,0.6,74929,27,"{""atr_period"": 21, ""horizon_h"": 6, ""ma_windows"": [6, 18, 72], ""mtf_intervals"": [""4h"", ""1d""], ""ret_windows"": [1, 3, 6, 12, 24], ""rsi_period"": 14, ""target_threshold"": 0.0025, ""vol_windows"": [12, 48]}","{""colsample_bytree"": 0.7, ""gamma"": 0.0, ""learning_rate"": 0.03, ""max_depth"": 5, ""min_child_weight"": 1, ""n_estimators"": 250, ""subsample"": 0.7}",4,5063,0.7811574165514517,0.01157563946314341,1.2702966850675292e+25,2510.2653940139658,0.08686456212628746,58.07797657621156
stage2,1827,32,0.62,74929,27,"{""atr_period"": 21, ""horizon_h"": 6, ""ma_windows"": [6, 18, 72], ""mtf_intervals"": [""4h"", ""1d""], ""ret_windows"": [1, 3, 6, 12, 24], ""rsi_period"": 14, ""target_threshold"": 0.0025, ""vol_windows"": [12, 48]}","{""colsample_bytree"": 0.7, ""gamma"": 0.0, ""learning_rate"": 0.03, ""max_depth"": 5, ""min_child_weight"": 1, ""n_estimators"": 250, ""subsample"": 0.7}",4,4593,0.7970825168735032,0.012242313406211238,1.2099858021905772e+24,2510.2653940139658,0.0546525922101353,55.76092908231353
stage2,1827,32,0.65,74929,27,"{""atr_period"": 21, ""horizon_h"": 6, ""ma_windows"": [6, 18, 72], ""mtf_intervals"": [""4h"", ""1d""], ""ret_windows"": [1, 3, 6, 12, 24], ""rsi_period"": 14, ""target_threshold"": 0.0025, ""vol_windows"": [12, 48]}","{""colsample_bytree"": 0.7, ""gamma"": 0.0, ""learning_rate"": 0.03, ""max_depth"": 5, ""min_child_weight"": 1, ""n_estimators"": 250, ""subsample"": 0.7}",4,3912,0.8182515337423313,0.013250569711313463,1.5710122253202045e+22,2510.2653940139658,0.0546525922101353,51.44187167556307
stage2,1827,42,0.52,74929,27,"{""atr_period"": 21, ""horizon_h"": 6, ""ma_windows"": [6, 18, 72], ""mtf_intervals"": [""4h"", ""1d""], ""ret_windows"": [1, 3, 6, 12, 24], ""rsi_period"": 14, ""target_threshold"": 0.0025, ""vol_windows"": [12, 48]}","{""colsample_bytree"": 0.7, ""gamma"": 0.0, ""learning_rate"": 0.03, ""max_depth"": 5, ""min_child_weight"": 5, ""n_estimators"": 250, ""subsample"": 1.0}",4,7259,0.7239289158286265,0.009289552925775681,7.746585962148858e+28,2510.2653940139658,0.1561548705796223,66.69501694990689
stage2,1827,42,0.55,74929,27,"{""atr_period"": 21, ""horizon_h"": 6, ""ma_windows"": [6, 18, 72], ""mtf_intervals"": [""4h"", ""1d""], ""ret_windows"": [1, 3, 6, 12, 24], ""rsi_period"": 14, ""target_threshold"": 0.0025, ""vol_windows"": [12, 48]}","{""colsample_bytree"": 0.7, ""gamma"": 0.0, ""learning_rate"": 0.03, ""max_depth"": 5, ""min_child_weight"": 5, ""n_estimators"": 250, ""subsample"": 1.0}",4,6432,0.7437810945273632,0.010050607399991467,4.9483600619897007e+27,2510.2653940139658,0.15466798268891646,63.96694947539689
stage2,1827,42,0.58,74929,27,"{""atr_period"": 21, ""horizon_h"": 6, ""ma_windows"": [6, 18, 72], ""mtf_intervals"": [""4h"", ""1d""], ""ret_windows"": [1, 3, 6, 12, 24], ""rsi_period"": 14, ""target_threshold"": 0.0025, ""vol_windows"": [12, 48]}","{""colsample_bytree"": 0.7, ""gamma"": 0.0, ""learning_rate"": 0.03, ""max_depth"": 5, ""min_child_weight"": 5, ""n_estimators"": 250, ""subsample"": 1.0}",4,5557,0.7635414792154039,0.010913974293297006,9.563459872665122e+25,2510.2653940139658,0.0720349392247489,60.0847044059133
stage2,1827,42,0.6,74929,27,"{""atr_period"": 21, ""horizon_h"": 6, ""ma_windows"": [6, 18, 72], ""mtf_intervals"": [""4h"", ""1d""], ""ret_windows"": [1, 3, 6, 12, 24], ""rsi_period"": 14, ""target_threshold"": 0.0025, ""vol_windows"": [12, 48]}","{""colsample_bytree"": 0.7, ""gamma"": 0.0, ""learning_rate"": 0.03, ""max_depth"": 5, ""min_child_weight"": 5, ""n_estimators"": 250, ""subsample"": 1.0}",4,5049,0.7769855416914241,0.011524620453378402,8.402472509757416e+24,2510.2653940139658,0.07884120533897354,57.664933035105335
stage2,1827,42,0.62,74929,27,"{""atr_period"": 21, ""horizon_h"": 6, ""ma_windows"": [6, 18, 72], ""mtf_intervals"": [""4h"", ""1d""], ""ret_windows"": [1, 3, 6, 12, 24], ""rsi_period"": 14, ""target_threshold"": 0.0025, ""vol_windows"": [12, 48]}","{""colsample_bytree"": 0.7, ""gamma"": 0.0, ""learning_rate"": 0.03, ""max_depth"": 5, ""min_child_weight"": 5, ""n_estimators"": 250, ""subsample"": 1.0}",4,4565,0.7923329682365827,0.012248752089234856,8.850947261713685e+23,2510.2653940139658,0.07884120533897343,55.43241741601057
stage2,1827,42,0.65,74929,27,"{""atr_period"": 21, ""horizon_h"": 6, ""ma_windows"": [6, 18, 72], ""mtf_intervals"": [""4h"", ""1d""], ""ret_windows"": [1, 3, 6, 12, 24], ""rsi_period"": 14, ""target_threshold"": 0.0025, ""vol_windows"": [12, 48]}","{""colsample_bytree"": 0.7, ""gamma"": 0.0, ""learning_rate"": 0.03, ""max_depth"": 5, ""min_child_weight"": 5, ""n_estimators"": 250, ""subsample"": 1.0}",4,3888,0.8184156378600823,0.013356967512317124,1.7186551969434017e+22,2510.2653940139658,0.07422883788216605,51.52288800008399
stage2,1827,44,0.52,74929,27,"{""atr_period"": 21, ""horizon_h"": 6, ""ma_windows"": [6, 18, 72], ""mtf_intervals"": [""4h"", ""1d""], ""ret_windows"": [1, 3, 6, 12, 24], ""rsi_period"": 14, ""target_threshold"": 0.0025, ""vol_windows"": [12, 48]}","{""colsample_bytree"": 1.0, ""gamma"": 0.0, ""learning_rate"": 0.03, ""max_depth"": 5, ""min_child_weight"": 1, ""n_estimators"": 250, ""subsample"": 1.0}",4,7242,0.7228666114333057,0.009314528832568895,7.931303891058454e+28,2510.2653940139658,0.1561548705796223,66.71793213558304
stage2,1827,44,0.55,74929,27,"{""atr_period"": 21, ""horizon_h"": 6, ""ma_windows"": [6, 18, 72], ""mtf_intervals"": [""4h"", ""1d""], ""ret_windows"": [1, 3, 6, 12, 24], ""rsi_period"": 14, ""target_threshold"": 0.0025, ""vol_windows"": [12, 48]}","{""colsample_bytree"": 1.0, ""gamma"": 0.0, ""learning_rate"": 0.03, ""max_depth"": 5, ""min_child_weight"": 1, ""n_estimators"": 250, ""subsample"": 1.0}",4,6402,0.7457044673539519,0.010101719956129029,5.084238909698931e+27,2510.2653940139658,0.15466798268891624,63.995986197716405
stage2,1827,44,0.58,74929,27,"{""atr_period"": 21, ""horizon_h"": 6, ""ma_windows"": [6, 18, 72], ""mtf_intervals"": [""4h"", ""1d""], ""ret_windows"": [1, 3, 6, 12, 24], ""rsi_period"": 14, ""target_threshold"": 0.0025, ""vol_windows"": [12, 48]}","{""colsample_bytree"": 1.0, ""gamma"": 0.0, ""learning_rate"": 0.03, ""max_depth"": 5, ""min_child_weight"": 1, ""n_estimators"": 250, ""subsample"": 1.0}",4,5593,0.7666726264974075,0.010950307696952695,1.740258816813502e+26,2510.2653940139658,0.078234549423993,60.683069553366806
stage2,1827,44,0.6,74929,27,"{""atr_period"": 21, ""horizon_h"": 6, ""ma_windows"": [6, 18, 72], ""mtf_intervals"": [""4h"", ""1d""], ""ret_windows"": [1, 3, 6, 12, 24], ""rsi_period"": 14, ""target_threshold"": 0.0025, ""vol_windows"": [12, 48]}","{""colsample_bytree"": 1.0, ""gamma"": 0.0, ""learning_rate"": 0.03, ""max_depth"": 5, ""min_child_weight"": 1, ""n_estimators"": 250, ""subsample"": 1.0}",4,5060,0.7843873517786562,0.011631914789020379,1.6398658393818123e+25,2510.2653940139658,0.07884120533897354,58.34038635515162
stage2,1827,44,0.62,74929,27,"{""atr_period"": 21, ""horizon_h"": 6, ""ma_windows"": [6, 18, 72], ""mtf_intervals"": [""4h"", ""1d""], ""ret_windows"": [1, 3, 6, 12, 24], ""rsi_period"": 14, ""target_threshold"": 0.0025, ""vol_windows"": [12, 48]}","{""colsample_bytree"": 1.0, ""gamma"": 0.0, ""learning_rate"": 0.03, ""max_depth"": 5, ""min_child_weight"": 1, ""n_estimators"": 250, ""subsample"": 1.0}",4,4596,0.7976501305483029,0.012240373657690836,1.2467031962441748e+24,2510.2653940139658,0.07884120533897332,55.77916734701696
stage2,1827,44,0.65,74929,27,"{""atr_period"": 21, ""horizon_h"": 6, ""ma_windows"": [6, 18, 72], ""mtf_intervals"": [""4h"", ""1d""], ""ret_windows"": [1, 3, 6, 12, 24], ""rsi_period"": 14, ""target_threshold"": 0.0025, ""vol_windows"": [12, 48]}","{""colsample_bytree"": 1.0, ""gamma"": 0.0, ""learning_rate"": 0.03, ""max_depth"": 5, ""min_child_weight"": 1, ""n_estimators"": 250, ""subsample"": 1.0}",4,3945,0.8141951837769328,0.01319249740072268,1.9190246872773097e+22,2510.2653940139658,0.07573261296471667,51.62771894721406
stage2,1827,23,0.52,74929,27,"{""atr_period"": 21, ""horizon_h"": 6, ""ma_windows"": [6, 18, 72], ""mtf_intervals"": [""4h"", ""1d""], ""ret_windows"": [1, 3, 6, 12, 24], ""rsi_period"": 14, ""target_threshold"": 0.0025, ""vol_windows"": [12, 48]}","{""colsample_bytree"": 1.0, ""gamma"": 0.2, ""learning_rate"": 0.07, ""max_depth"": 3, ""min_child_weight"": 5, ""n_estimators"": 250, ""subsample"": 0.7}",4,7059,0.7182320441988951,0.009393054885277695,2.5109935979021636e+28,2510.2653940139658,0.1392995822619738,65.57314141769504
stage2,1827,23,0.55,74929,27,"{""atr_period"": 21, ""horizon_h"": 6, ""ma_windows"": [6, 18, 72], ""mtf_intervals"": [""4h"", ""1d""], ""ret_windows"": [1, 3, 6, 12, 24], ""rsi_period"": 14, ""target_threshold"": 0.0025, ""vol_windows"": [12, 48]}","{""colsample_bytree"": 1.0, ""gamma"": 0.2, ""learning_rate"": 0.07, ""max_depth"": 3, ""min_child_weight"": 5, ""n_estimators"": 250, ""subsample"": 0.7}",4,6199,0.7391514760445234,0.010173656009027423,1.0277650222751966e+27,2510.2653940139658,0.1347314074906617,62.40252879935357
stage2,1827,23,0.58,74929,27,"{""atr_period"": 21, ""horizon_h"": 6, ""ma_windows"": [6, 18, 72], ""mtf_intervals"": [""4h"", ""1d""], ""ret_windows"": [1, 3, 6, 12, 24], ""rsi_period"": 14, ""target_threshold"": 0.0025, ""vol_windows"": [12, 48]}","{""colsample_bytree"": 1.0, ""gamma"": 0.2, ""learning_rate"": 0.07, ""max_depth"": 3, ""min_child_weight"": 5, ""n_estimators"": 250, ""subsample"": 0.7}",4,5394,0.7625139043381535,0.011038737702531578,3.1756044498908333e+25,2510.2653940139658,0.11845351888202849,58.959219582644344
stage2,1827,23,0.6,74929,27,"{""atr_period"": 21, ""horizon_h"": 6, ""ma_windows"": [6, 18, 72], ""mtf_intervals"": [""4h"", ""1d""], ""ret_windows"": [1, 3, 6, 12, 24], ""rsi_period"": 14, ""target_threshold"": 0.0025, ""vol_windows"": [12, 48]}","{""colsample_bytree"": 1.0, ""gamma"": 0.2, ""learning_rate"": 0.07, ""max_depth"": 3, ""min_child_weight"": 5, ""n_estimators"": 250, ""subsample"": 0.7}",4,4917,0.7760829774252593,0.011563560714825403,2.2325436920176771e+24,2510.2653940139658,0.11845351888202849,56.31933194454447
stage2,1827,23,0.62,74929,27,"{""atr_period"": 21, ""horizon_h"": 6, ""ma_windows"": [6, 18, 72], ""mtf_intervals"": [""4h"", ""1d""], ""ret_windows"": [1, 3, 6, 12, 24], ""rsi_period"": 14, ""target_threshold"": 0.0025, ""vol_windows"": [12, 48]}","{""colsample_bytree"": 1.0, ""gamma"": 0.2, ""learning_rate"": 0.07, ""max_depth"": 3, ""min_child_weight"": 5, ""n_estimators"": 250, ""subsample"": 0.7}",4,4440,0.7885135135135135,0.012175199395283682,1.4052526921939859e+23,2510.2653940139658,0.09243897664199885,53.58166719522475
stage2,1827,23,0.65,74929,27,"{""atr_period"": 21, ""horizon_h"": 6, ""ma_windows"": [6, 18, 72], ""mtf_intervals"": [""4h"", ""1d""], ""ret_windows"": [1, 3, 6, 12, 24], ""rsi_period"": 14, ""target_threshold"": 0.0025, ""vol_windows"": [12, 48]}","{""colsample_bytree"": 1.0, ""gamma"": 0.2, ""learning_rate"": 0.07, ""max_depth"": 3, ""min_child_weight"": 5, ""n_estimators"": 250, ""subsample"": 0.7}",4,3707,0.809009981116806,0.013251691212122618,1.0708413765997585e+21,2510.2653940139658,0.060566013874518876,48.74567013327471
stage2,711,51,0.52,74014,27,"{""atr_period"": 14, ""horizon_h"": 6, ""ma_windows"": [6, 18, 72], ""mtf_intervals"": [""4h"", ""1d""], ""ret_windows"": [1, 3, 6, 12, 24], ""rsi_period"": 7, ""target_threshold"": 0.0025, ""vol_windows"": [24, 72]}","{""colsample_bytree"": 0.7, ""gamma"": 0.2, ""learning_rate"": 0.07, ""max_depth"": 5, ""min_child_weight"": 5, ""n_estimators"": 250, ""subsample"": 0.7}",4,7425,0.7169023569023569,0.008927034787466818,2.4823071935168113e+28,352.6384297310968,0.1858945942101402,65.53356191821376
stage2,711,51,0.55,74014,27,"{""atr_period"": 14, ""horizon_h"": 6, ""ma_windows"": [6, 18, 72], ""mtf_intervals"": [""4h"", ""1d""], ""ret_windows"": [1, 3, 6, 12, 24], ""rsi_period"": 7, ""target_threshold"": 0.0025, ""vol_windows"": [24, 72]}","{""colsample_bytree"": 0.7, ""gamma"": 0.2, ""learning_rate"": 0.07, ""max_depth"": 5, ""min_child_weight"": 5, ""n_estimators"": 250, ""subsample"": 0.7}",4,6662,0.7383668567997599,0.009562853035128095,1.9708887108554528e+27,352.6384297310968,0.1815008844842022,63.02472794160445
stage2,711,51,0.58,74014,27,"{""atr_period"": 14, ""horizon_h"": 6, ""ma_windows"": [6, 18, 72], ""mtf_intervals"": [""4h"", ""1d""], ""ret_windows"": [1, 3, 6, 12, 24], ""rsi_period"": 7, ""target_threshold"": 0.0025, ""vol_windows"": [24, 72]}","{""colsample_bytree"": 0.7, ""gamma"": 0.2, ""learning_rate"": 0.07, ""max_depth"": 5, ""min_child_weight"": 5, ""n_estimators"": 250, ""subsample"": 0.7}",4,5901,0.755465175394001,0.010346666083723536,1.4446179401498996e+26,352.6384297310968,0.10793262777701251,60.46823645826554
stage2,711,51,0.6,74014,27,"{""atr_period"": 14, ""horizon_h"": 6, ""ma_windows"": [6, 18, 72], ""mtf_intervals"": [""4h"", ""1d""], ""ret_windows"": [1, 3, 6, 12, 24], ""rsi_period"": 7, ""target_threshold"": 0.0025, ""vol_windows"": [24, 72]}","{""colsample_bytree"": 0.7, ""gamma"": 0.2, ""learning_rate"": 0.07, ""max_depth"": 5, ""min_child_weight"": 5, ""n_estimators"": 250, ""subsample"": 0.7}",4,5438,0.7695844060316293,0.0108435079434,1.8271085131318023e+25,352.6384297310968,0.08689383132304085,58.426330667355046
stage2,711,51,0.62,74014,27,"{""atr_period"": 14, ""horizon_h"": 6, ""ma_windows"": [6, 18, 72], ""mtf_intervals"": [""4h"", ""1d""], ""ret_windows"": [1, 3, 6, 12, 24], ""rsi_period"": 7, ""target_threshold"": 0.0025, ""vol_windows"": [24, 72]}","{""colsample_bytree"": 0.7, ""gamma"": 0.2, ""learning_rate"": 0.07, ""max_depth"": 5, ""min_child_weight"": 5, ""n_estimators"": 250, ""subsample"": 0.7}",4,4956,0.784503631961259,0.011457631069478018,2.111169649452844e+24,352.6384297310968,0.07555929230209912,56.29076866996485
stage2,711,51,0.65,74014,27,"{""atr_period"": 14, ""horizon_h"": 6, ""ma_windows"": [6, 18, 72], ""mtf_intervals"": [""4h"", ""1d""], ""ret_windows"": [1, 3, 6, 12, 24], ""rsi_period"": 7, ""target_threshold"": 0.0025, ""vol_windows"": [24, 72]}","{""colsample_bytree"": 0.7, ""gamma"": 0.2, ""learning_rate"": 0.07, ""max_depth"": 5, ""min_child_weight"": 5, ""n_estimators"": 250, ""subsample"": 0.7}",4,4339,0.8020281170776676,0.012240223285658396,5.598338715220205e+22,352.6384297310968,0.07027724800172952,52.68374759754857
stage2,711,58,0.52,74014,27,"{""atr_period"": 14, ""horizon_h"": 6, ""ma_windows"": [6, 18, 72], ""mtf_intervals"": [""4h"", ""1d""], ""ret_windows"": [1, 3, 6, 12, 24], ""rsi_period"": 7, ""target_threshold"": 0.0025, ""vol_windows"": [24, 72]}","{""colsample_bytree"": 0.7, ""gamma"": 0.0, ""learning_rate"": 0.07, ""max_depth"": 5, ""min_child_weight"": 5, ""n_estimators"": 250, ""subsample"": 1.0}",4,7408,0.7115280777537797,0.008866924686949905,1.378153216258182e+28,352.6384297310968,0.15615487057962196,64.95520738206793
stage2,711,58,0.55,74014,27,"{""atr_period"": 14, ""horizon_h"": 6, ""ma_windows"": [6, 18, 72], ""mtf_intervals"": [""4h"", ""1d""], ""ret_windows"": [1, 3, 6, 12, 24], ""rsi_period"": 7, ""target_threshold"": 0.0025, ""vol_windows"": [24, 72]}","{""colsample_bytree"": 0.7, ""gamma"": 0.0, ""learning_rate"": 0.07, ""max_depth"": 5, ""min_child_weight"": 5, ""n_estimators"": 250, ""subsample"": 1.0}",4,6601,0.7344341766399031,0.009655184629778919,2.0258765207969901e+27,352.6384297310968,0.15615487057962207,63.06251135058192
stage2,711,58,0.58,74014,27,"{""atr_period"": 14, ""horizon_h"": 6, ""ma_windows"": [6, 18, 72], ""mtf_intervals"": [""4h"", ""1d""], ""ret_windows"": [1, 3, 6, 12, 24], ""rsi_period"": 7, ""target_threshold"": 0.0025, ""vol_windows"": [24, 72]}","{""colsample_bytree"": 0.7, ""gamma"": 0.0, ""learning_rate"": 0.07, ""max_depth"": 5, ""min_child_weight"": 5, ""n_estimators"": 250, ""subsample"": 1.0}",4,5871,0.7542156361778232,0.01039253599930266,1.383417758917074e+26,352.6384297310968,0.08085147947961169,60.43785654929673
stage2,711,58,0.6,74014,27,"{""atr_period"": 14, ""horizon_h"": 6, ""ma_windows"": [6, 18, 72], ""mtf_intervals"": [""4h"", ""1d""], ""ret_windows"": [1, 3, 6, 12, 24], ""rsi_period"": 7, ""target_threshold"": 0.0025, ""vol_windows"": [24, 72]}","{""colsample_bytree"": 0.7, ""gamma"": 0.0, ""learning_rate"": 0.07, ""max_depth"": 5, ""min_child_weight"": 5, ""n_estimators"": 250, ""subsample"": 1.0}",4,5409,0.7690885561101867,0.010913899901171599,1.957618009232513e+25,352.6384297310968,0.07523378998980146,58.50132090670659
stage2,711,58,0.62,74014,27,"{""atr_period"": 14, ""horizon_h"": 6, ""ma_windows"": [6, 18, 72], ""mtf_intervals"": [""4h"", ""1d""], ""ret_windows"": [1, 3, 6, 12, 24], ""rsi_period"": 7, ""target_threshold"": 0.0025, ""vol_windows"": [24, 72]}","{""colsample_bytree"": 0.7, ""gamma"": 0.0, ""learning_rate"": 0.07, ""max_depth"": 5, ""min_child_weight"": 5, ""n_estimators"": 250, ""subsample"": 1.0}",4,4961,0.7818988107236444,0.011430724892835128,1.963331659621782e+24,352.6384297310968,0.07523378998980113,56.21603304109416
stage2,711,58,0.65,74014,27,"{""atr_period"": 14, ""horizon_h"": 6, ""ma_windows"": [6, 18, 72], ""mtf_intervals"": [""4h"", ""1d""], ""ret_windows"": [1, 3, 6, 12, 24], ""rsi_period"": 7, ""target_threshold"": 0.0025, ""vol_windows"": [24, 72]}","{""colsample_bytree"": 0.7, ""gamma"": 0.0, ""learning_rate"": 0.07, ""max_depth"": 5, ""min_child_weight"": 5, ""n_estimators"": 250, ""subsample"": 1.0}",4,4320,0.8011574074074074,0.012318503457245007,6.201493266721811e+22,352.6384297310968,0.075732612964717,52.78326980549327
stage2,711,50,0.52,74014,27,"{""atr_period"": 14, ""horizon_h"": 6, ""ma_windows"": [6, 18, 72], ""mtf_intervals"": [""4h"", ""1d""], ""ret_windows"": [1, 3, 6, 12, 24], ""rsi_period"": 7, ""target_threshold"": 0.0025, ""vol_windows"": [24, 72]}","{""colsample_bytree"": 0.7, ""gamma"": 0.0, ""learning_rate"": 0.07, ""max_depth"": 5, ""min_child_weight"": 5, ""n_estimators"": 250, ""subsample"": 0.7}",4,7432,0.7171689989235738,0.008917276941835285,2.467161051608497e+28,352.6384297310968,0.18589459421013999,65.52757683918887
stage2,711,50,0.55,74014,27,"{""atr_period"": 14, ""horizon_h"": 6, ""ma_windows"": [6, 18, 72], ""mtf_intervals"": [""4h"", ""1d""], ""ret_windows"": [1, 3, 6, 12, 24], ""rsi_period"": 7, ""target_threshold"": 0.0025, ""vol_windows"": [24, 72]}","{""colsample_bytree"": 0.7, ""gamma"": 0.0, ""learning_rate"": 0.07, ""max_depth"": 5, ""min_child_weight"": 5, ""n_estimators"": 250, ""subsample"": 0.7}",4,6671,0.7351221705891171,0.009541333099548943,1.8525159514122264e+27,352.6384297310968,0.17096467509418323,62.9652882634597
stage2,711,50,0.58,74014,27,"{""atr_period"": 14, ""horizon_h"": 6, ""ma_windows"": [6, 18, 72], ""mtf_intervals"": [""4h"", ""1d""], ""ret_windows"": [1, 3, 6, 12, 24], ""rsi_period"": 7, ""target_threshold"": 0.0025, ""vol_windows"": [24, 72]}","{""colsample_bytree"": 0.7, ""gamma"": 0.0, ""learning_rate"": 0.07, ""max_depth"": 5, ""min_child_weight"": 5, ""n_estimators"": 250, ""subsample"": 0.7}",4,5904,0.7545731707317073,0.010320897575899168,1.2682993312144553e+26,352.6384297310968,0.13803269267428397,60.32209868248307
stage2,711,50,0.6,74014,27,"{""atr_period"": 14, ""horizon_h"": 6, ""ma_windows"": [6, 18, 72], ""mtf_intervals"": [""4h"", ""1d""], ""ret_windows"": [1, 3, 6, 12, 24], ""rsi_period"": 7, ""target_threshold"": 0.0025, ""vol_windows"": [24, 72]}","{""colsample_bytree"": 0.7, ""gamma"": 0.0, ""learning_rate"": 0.07, ""max_depth"": 5, ""min_child_weight"": 5, ""n_estimators"": 250, ""subsample"": 0.7}",4,5447,0.7653754360198274,0.010785473613393258,1.4617437261902398e+25,352.6384297310968,0.1256789786432766,58.18000202933147
stage2,711,50,0.62,74014,27,"{""atr_period"": 14, ""horizon_h"": 6, ""ma_windows"": [6, 18, 72], ""mtf_intervals"": [""4h"", ""1d""], ""ret_windows"": [1, 3, 6, 12, 24], ""rsi_period"": 7, ""target_threshold"": 0.0025, ""vol_windows"": [24, 72]}","{""colsample_bytree"": 0.7, ""gamma"": 0.0, ""learning_rate"": 0.07, ""max_depth"": 5, ""min_child_weight"": 5, ""n_estimators"": 250, ""subsample"": 0.7}",4,4993,0.7814940917284198,0.011353391545136173,1.9166569007810833e+24,352.6384297310968,0.09685924684210845,56.18021748506339
stage2,711,50,0.65,74014,27,"{""atr_period"": 14, ""horizon_h"": 6, ""ma_windows"": [6, 18, 72], ""mtf_intervals"": [""4h"", ""1d""], ""ret_windows"": [1, 3, 6, 12, 24], ""rsi_period"": 7, ""target_threshold"": 0.0025, ""vol_windows"": [24, 72]}","{""colsample_bytree"": 0.7, ""gamma"": 0.0, ""learning_rate"": 0.07, ""max_depth"": 5, ""min_child_weight"": 5, ""n_estimators"": 250, ""subsample"": 0.7}",4,4337,0.7989393590039198,0.01222059359840083,4.993845844156438e+22,352.6384297310968,0.0757326129647169,52.56412829854757
stage2,711,48,0.52,74014,27,"{""atr_period"": 14, ""horizon_h"": 6, ""ma_windows"": [6, 18, 72], ""mtf_intervals"": [""4h"", ""1d""], ""ret_windows"": [1, 3, 6, 12, 24], ""rsi_period"": 7, ""target_threshold"": 0.0025, ""vol_windows"": [24, 72]}","{""colsample_bytree"": 0.7, ""gamma"": 0.0, ""learning_rate"": 0.07, ""max_depth"": 5, ""min_child_weight"": 1, ""n_estimators"": 250, ""subsample"": 0.7}",4,7471,0.7152991567393924,0.008916274065749723,3.440345371407635e+28,352.6384297310968,0.15794009483372573,65.87255393934464
stage2,711,48,0.55,74014,27,"{""atr_period"": 14, ""horizon_h"": 6, ""ma_windows"": [6, 18, 72], ""mtf_intervals"": [""4h"", ""1d""], ""ret_windows"": [1, 3, 6, 12, 24], ""rsi_period"": 7, ""target_threshold"": 0.0025, ""vol_windows"": [24, 72]}","{""colsample_bytree"": 0.7, ""gamma"": 0.0, ""learning_rate"": 0.07, ""max_depth"": 5, ""min_child_weight"": 1, ""n_estimators"": 250, ""subsample"": 0.7}",4,6713,0.7348428422463876,0.00958361105191028,3.6540291232191255e+27,352.6384297310968,0.15010574359838624,63.65511822940613
stage2,711,48,0.58,74014,27,"{""atr_period"": 14, ""horizon_h"": 6, ""ma_windows"": [6, 18, 72], ""mtf_intervals"": [""4h"", ""1d""], ""ret_windows"": [1, 3, 6, 12, 24], ""rsi_period"": 7, ""target_threshold"": 0.0025, ""vol_windows"": [24, 72]}","{""colsample_bytree"": 0.7, ""gamma"": 0.0, ""learning_rate"": 0.07, ""max_depth"": 5, ""min_child_weight"": 1, ""n_estimators"": 250, ""subsample"": 0.7}",4,5947,0.7518076341012275,0.010279437567215822,1.5466435575075966e+26,352.6384297310968,0.12960750580525848,60.52217740895306
stage2,711,48,0.6,74014,27,"{""atr_period"": 14, ""horizon_h"": 6, ""ma_windows"": [6, 18, 72], ""mtf_intervals"": [""4h"", ""1d""], ""ret_windows"": [1, 3, 6, 12, 24], ""rsi_period"": 7, ""target_threshold"": 0.0025, ""vol_windows"": [24, 72]}","{""colsample_bytree"": 0.7, ""gamma"": 0.0, ""learning_rate"": 0.07, ""max_depth"": 5, ""min_child_weight"": 1, ""n_estimators"": 250, ""subsample"": 0.7}",4,5471,0.7658563333942606,0.01080874835196082,2.1463126641318765e+25,352.6384297310968,0.094078122435578,58.58049464700068
stage2,711,48,0.62,74014,27,"{""atr_period"": 14, ""horizon_h"": 6, ""ma_windows"": [6, 18, 72], ""mtf_intervals"": [""4h"", ""1d""], ""ret_windows"": [1, 3, 6, 12, 24], ""rsi_period"": 7, ""target_threshold"": 0.0025, ""vol_windows"": [24, 72]}","{""colsample_bytree"": 0.7, ""gamma"": 0.0, ""learning_rate"": 0.07, ""max_depth"": 5, ""min_child_weight"": 1, ""n_estimators"": 250, ""subsample"": 0.7}",4,5035,0.7779543197616683,0.011330617056663507,2.7448006541160047e+24,352.6384297310968,0.08241623092925476,56.543550959528176
stage2,711,48,0.65,74014,27,"{""atr_period"": 14, ""horizon_h"": 6, ""ma_windows"": [6, 18, 72], ""mtf_intervals"": [""4h"", ""1d""], ""ret_windows"": [1, 3, 6, 12, 24], ""rsi_period"": 7, ""target_threshold"": 0.0025, ""vol_windows"": [24, 72]}","{""colsample_bytree"": 0.7, ""gamma"": 0.0, ""learning_rate"": 0.07, ""max_depth"": 5, ""min_child_weight"": 1, ""n_estimators"": 250, ""subsample"": 0.7}",4,4363,0.799679119871648,0.012206341927876167,6.414087922833851e+22,352.6384297310968,0.07573261296471678,52.81489657984062
stage2,711,57,0.52,74014,27,"{""atr_period"": 14, ""horizon_h"": 6, ""ma_windows"": [6, 18, 72], ""mtf_intervals"": [""4h"", ""1d""], ""ret_windows"": [1, 3, 6, 12, 24], ""rsi_period"": 7, ""target_threshold"": 0.0025, ""vol_windows"": [24, 72]}","{""colsample_bytree"": 0.7, ""gamma"": 0.2, ""learning_rate"": 0.07, ""max_depth"": 5, ""min_child_weight"": 1, ""n_estimators"": 250, ""subsample"": 1.0}",4,7375,0.7145762711864406,0.00892782981758674,1.6092822855173527e+28,352.6384297310968,0.18188126947447614,65.10031391879747
stage2,711,57,0.55,74014,27,"{""atr_period"": 14, ""horizon_h"": 6, ""ma_windows"": [6, 18, 72], ""mtf_intervals"": [""4h"", ""1d""], ""ret_windows"": [1, 3, 6, 12, 24], ""rsi_period"": 7, ""target_threshold"": 0.0025, ""vol_windows"": [24, 72]}","{""colsample_bytree"": 0.7, ""gamma"": 0.2, ""learning_rate"": 0.07, ""max_depth"": 5, ""min_child_weight"": 1, ""n_estimators"": 250, ""subsample"": 1.0}",4,6603,0.7323943661971831,0.00963751716187608,1.8451549509623942e+27,352.6384297310968,0.13272490366232592,62.9790139474883
stage2,711,57,0.58,74014,27,"{""atr_period"": 14, ""horizon_h"": 6, ""ma_windows"": [6, 18, 72], ""mtf_intervals"": [""4h"", ""1d""], ""ret_windows"": [1, 3, 6, 12, 24], ""rsi_period"": 7, ""target_threshold"": 0.0025, ""vol_windows"": [24, 72]}","{""colsample_bytree"": 0.7, ""gamma"": 0.2, ""learning_rate"": 0.07, ""max_depth"": 5, ""min_child_weight"": 1, ""n_estimators"": 250, ""subsample"": 1.0}",4,5817,0.7588103833591198,0.010500788835918158,1.4815743274089067e+26,352.6384297310968,0.10631100189440013,60.4982167914195
stage2,711,57,0.6,74014,27,"{""atr_period"": 14, ""horizon_h"": 6, ""ma_windows"": [6, 18, 72], ""mtf_intervals"": [""4h"", ""1d""], ""ret_windows"": [1, 3, 6, 12, 24], ""rsi_period"": 7, ""target_threshold"": 0.0025, ""vol_windows"": [24, 72]}","{""colsample_bytree"": 0.7, ""gamma"": 0.2, ""learning_rate"": 0.07, ""max_depth"": 5, ""min_child_weight"": 1, ""n_estimators"": 250, ""subsample"": 1.0}",4,5372,0.7689873417721519,0.010984016758269663,1.8949859125159892e+25,352.6384297310968,0.0738657382691369,58.46996786767871
stage2,711,57,0.62,74014,27,"{""atr_period"": 14, ""horizon_h"": 6, ""ma_windows"": [6, 18, 72], ""mtf_intervals"": [""4h"", ""1d""], ""ret_windows"": [1, 3, 6, 12, 24], ""rsi_period"": 7, ""target_threshold"": 0.0025, ""vol_windows"": [24, 72]}","{""colsample_bytree"": 0.7, ""gamma"": 0.2, ""learning_rate"": 0.07, ""max_depth"": 5, ""min_child_weight"": 1, ""n_estimators"": 250, ""subsample"": 1.0}",4,4943,0.7815092049362735,0.011493504370151456,2.1699706357414866e+24,352.6384297310968,0.07092643614738747,56.318448048238075
stage2,711,57,0.65,74014,27,"{""atr_period"": 14, ""horizon_h"": 6, ""ma_windows"": [6, 18, 72], ""mtf_intervals"": [""4h"", ""1d""], ""ret_windows"": [1, 3, 6, 12, 24], ""rsi_period"": 7, ""target_threshold"": 0.0025, ""vol_windows"": [24, 72]}","{""colsample_bytree"": 0.7, ""gamma"": 0.2, ""learning_rate"": 0.07, ""max_depth"": 5, ""min_child_weight"": 1, ""n_estimators"": 250, ""subsample"": 1.0}",4,4326,0.8025889967637541,0.012309931109616581,6.429067690080835e+22,352.6384297310968,0.07092643614738758,52.82278900805357
stage2,711,61,0.52,74014,27,"{""atr_period"": 14, ""horizon_h"": 6, ""ma_windows"": [6, 18, 72], ""mtf_intervals"": [""4h"", ""1d""], ""ret_windows"": [1, 3, 6, 12, 24], ""rsi_period"": 7, ""target_threshold"": 0.0025, ""vol_windows"": [24, 72]}","{""colsample_bytree"": 1.0, ""gamma"": 0.2, ""learning_rate"": 0.07, ""max_depth"": 5, ""min_child_weight"": 1, ""n_estimators"": 250, ""subsample"": 1.0}",4,7358,0.7136450122315847,0.008954973201624387,1.6858532896078243e+28,352.6384297310968,0.1561548705796223,65.15913280289526
stage2,711,61,0.55,74014,27,"{""atr_period"": 14, ""horizon_h"": 6, ""ma_windows"": [6, 18, 72], ""mtf_intervals"": [""4h"", ""1d""], ""ret_windows"": [1, 3, 6, 12, 24], ""rsi_period"": 7, ""target_threshold"": 0.0025, ""vol_windows"": [24, 72]}","{""colsample_bytree"": 1.0, ""gamma"": 0.2, ""learning_rate"": 0.07, ""max_depth"": 5, ""min_child_weight"": 1, ""n_estimators"": 250, ""subsample"": 1.0}",4,6618,0.734209731036567,0.009624783457749291,1.952048960908359e+27,352.6384297310968,0.15615487057962218,63.02496569814957
stage2,711,61,0.58,74014,27,"{""atr_period"": 14, ""horizon_h"": 6, ""ma_windows"": [6, 18, 72], ""mtf_intervals"": [""4h"", ""1d""], ""ret_windows"": [1, 3, 6, 12, 24], ""rsi_period"": 7, ""target_threshold"": 0.0025, ""vol_windows"": [24, 72]}","{""colsample_bytree"": 1.0, ""gamma"": 0.2, ""learning_rate"": 0.07, ""max_depth"": 5, ""min_child_weight"": 1, ""n_estimators"": 250, ""subsample"": 1.0}",4,5892,0.7561099796334012,0.010364968851595031,1.4615514483046015e+26,352.6384297310968,0.13803269267428409,60.46550231337505
stage2,711,61,0.6,74014,27,"{""atr_period"": 14, ""horizon_h"": 6, ""ma_windows"": [6, 18, 72], ""mtf_intervals"": [""4h"", ""1d""], ""ret_windows"": [1, 3, 6, 12, 24], ""rsi_period"": 7, ""target_threshold"": 0.0025, ""vol_windows"": [24, 72]}","{""colsample_bytree"": 1.0, ""gamma"": 0.2, ""learning_rate"": 0.07, ""max_depth"": 5, ""min_child_weight"": 1, ""n_estimators"": 250, ""subsample"": 1.0}",4,5426,0.7668632510136381,0.010850258250750842,1.6685734147643902e+25,352.6384297310968,0.11622229849103682,58.318777861121966
stage2,711,61,0.62,74014,27,"{""atr_period"": 14, ""horizon_h"": 6, ""ma_windows"": [6, 18, 72], ""mtf_intervals"": [""4h"", ""1d""], ""ret_windows"": [1, 3, 6, 12, 24], ""rsi_period"": 7, ""target_threshold"": 0.0025, ""vol_windows"": [24, 72]}","{""colsample_bytree"": 1.0, ""gamma"": 0.2, ""learning_rate"": 0.07, ""max_depth"": 5, ""min_child_weight"": 1, ""n_estimators"": 250, ""subsample"": 1.0}",4,4990,0.7773547094188377,0.011329982380333338,1.6580581592368396e+24,352.6384297310968,0.0650782298642073,56.04767387754804
stage2,711,61,0.65,74014,27,"{""atr_period"": 14, ""horizon_h"": 6, ""ma_windows"": [6, 18, 72], ""mtf_intervals"": [""4h"", ""1d""], ""ret_windows"": [1, 3, 6, 12, 24], ""rsi_period"": 7, ""target_threshold"": 0.0025, ""vol_windows"": [24, 72]}","{""colsample_bytree"": 1.0, ""gamma"": 0.2, ""learning_rate"": 0.07, ""max_depth"": 5, ""min_child_weight"": 1, ""n_estimators"": 250, ""subsample"": 1.0}",4,4370,0.7995423340961099,0.01216463301716048,5.9026046005925416e+22,352.6384297310968,0.0757326129647169,52.73135038202625
stage2,711,38,0.52,74014,27,"{""atr_period"": 14, ""horizon_h"": 6, ""ma_windows"": [6, 18, 72], ""mtf_intervals"": [""4h"", ""1d""], ""ret_windows"": [1, 3, 6, 12, 24], ""rsi_period"": 7, ""target_threshold"": 0.0025, ""vol_windows"": [24, 72]}","{""colsample_bytree"": 1.0, ""gamma"": 0.0, ""learning_rate"": 0.03, ""max_depth"": 5, ""min_child_weight"": 5, ""n_estimators"": 250, ""subsample"": 0.7}",4,7089,0.7216814783467344,0.009219956703438774,1.0105422427562176e+28,352.6384297310968,0.16029439752676455,64.65382730217871
stage2,711,38,0.55,74014,27,"{""atr_period"": 14, ""horizon_h"": 6, ""ma_windows"": [6, 18, 72], ""mtf_intervals"": [""4h"", ""1d""], ""ret_windows"": [1, 3, 6, 12, 24], ""rsi_period"": 7, ""target_threshold"": 0.0025, ""vol_windows"": [24, 72]}","{""colsample_bytree"": 1.0, ""gamma"": 0.0, ""learning_rate"": 0.03, ""max_depth"": 5, ""min_child_weight"": 5, ""n_estimators"": 250, ""subsample"": 0.7}",4,6234,0.7433429579724093,0.010010427479645931,5.458420258412213e+26,352.6384297310968,0.13045455651552051,61.773902343734214
stage2,711,38,0.58,74014,27,"{""atr_period"": 14, ""horizon_h"": 6, ""ma_windows"": [6, 18, 72], ""mtf_intervals"": [""4h"", ""1d""], ""ret_windows"": [1, 3, 6, 12, 24], ""rsi_period"": 7, ""target_threshold"": 0.0025, ""vol_windows"": [24, 72]}","{""colsample_bytree"": 1.0, ""gamma"": 0.0, ""learning_rate"": 0.03, ""max_depth"": 5, ""min_child_weight"": 5, ""n_estimators"": 250, ""subsample"": 0.7}",4,5466,0.7661909989023051,0.010878780185088425,2.9885634380916705e+25,352.6384297310968,0.10514332658594339,58.90683151861985
stage2,711,38,0.6,74014,27,"{""atr_period"": 14, ""horizon_h"": 6, ""ma_windows"": [6, 18, 72], ""mtf_intervals"": [""4h"", ""1d""], ""ret_windows"": [1, 3, 6, 12, 24], ""rsi_period"": 7, ""target_threshold"": 0.0025, ""vol_windows"": [24, 72]}","{""colsample_bytree"": 1.0, ""gamma"": 0.0, ""learning_rate"": 0.03, ""max_depth"": 5, ""min_child_weight"": 5, ""n_estimators"": 250, ""subsample"": 0.7}",4,4999,0.7811562312462492,0.011439139465203278,3.135717084521332e+24,352.6384297310968,0.09320277692283452,56.67473682713783
stage2,711,38,0.62,74014,27,"{""atr_period"": 14, ""horizon_h"": 6, ""ma_windows"": [6, 18, 72], ""mtf_intervals"": [""4h"", ""1d""], ""ret_windows"": [1, 3, 6, 12, 24], ""rsi_period"": 7, ""target_threshold"": 0.0025, ""vol_windows"": [24, 72]}","{""colsample_bytree"": 1.0, ""gamma"": 0.0, ""learning_rate"": 0.03, ""max_depth"": 5, ""min_child_weight"": 5, ""n_estimators"": 250, ""subsample"": 0.7}",4,4511,0.7940589669696297,0.012104888768958473,2.4517796016350595e+23,352.6384297310968,0.0757326129647169,54.15049124500144
stage2,711,38,0.65,74014,27,"{""atr_period"": 14, ""horizon_h"": 6, ""ma_windows"": [6, 18, 72], ""mtf_intervals"": [""4h"", ""1d""], ""ret_windows"": [1, 3, 6, 12, 24], ""rsi_period"": 7, ""target_threshold"": 0.0025, ""vol_windows"": [24, 72]}","{""colsample_bytree"": 1.0, ""gamma"": 0.0, ""learning_rate"": 0.03, ""max_depth"": 5, ""min_child_weight"": 5, ""n_estimators"": 250, ""subsample"": 0.7}",4,3857,0.8172154524241638,0.013087206316490643,4.114836653130406e+21,352.6384297310968,0.07092643614738758,50.09189288514111
stage2,711,36,0.52,74014,27,"{""atr_period"": 14, ""horizon_h"": 6, ""ma_windows"": [6, 18, 72], ""mtf_intervals"": [""4h"", ""1d""], ""ret_windows"": [1, 3, 6, 12, 24], ""rsi_period"": 7, ""target_threshold"": 0.0025, ""vol_windows"": [24, 72]}","{""colsample_bytree"": 1.0, ""gamma"": 0.0, ""learning_rate"": 0.03, ""max_depth"": 5, ""min_child_weight"": 1, ""n_estimators"": 250, ""subsample"": 0.7}",4,7102,0.722894959166432,0.009203475292205585,1.0126103415610898e+28,352.6384297310968,0.18589459421013976,64.64391056977934
stage2,711,36,0.55,74014,27,"{""atr_period"": 14, ""horizon_h"": 6, ""ma_windows"": [6, 18, 72], ""mtf_intervals"": [""4h"", ""1d""], ""ret_windows"": [1, 3, 6, 12, 24], ""rsi_period"": 7, ""target_threshold"": 0.0025, ""vol_windows"": [24, 72]}","{""colsample_bytree"": 1.0, ""gamma"": 0.0, ""learning_rate"": 0.03, ""max_depth"": 5, ""min_child_weight"": 1, ""n_estimators"": 250, ""subsample"": 0.7}",4,6255,0.7448441247002399,0.010002952692983916,6.407649439981393e+26,352.6384297310968,0.1561548705796224,61.9225264055094
stage2,711,36,0.58,74014,27,"{""atr_period"": 14, ""horizon_h"": 6, ""ma_windows"": [6, 18, 72], ""mtf_intervals"": [""4h"", ""1d""], ""ret_windows"": [1, 3, 6, 12, 24], ""rsi_period"": 7, ""target_threshold"": 0.0025, ""vol_windows"": [24, 72]}","{""colsample_bytree"": 1.0, ""gamma"": 0.0, ""learning_rate"": 0.03, ""max_depth"": 5, ""min_child_weight"": 1, ""n_estimators"": 250, ""subsample"": 0.7}",4,5477,0.7659302537885704,0.010873791005953596,3.270043221076658e+25,352.6384297310968,0.1035665543735701,58.997381781019286
stage2,711,36,0.6,74014,27,"{""atr_period"": 14, ""horizon_h"": 6, ""ma_windows"": [6, 18, 72], ""mtf_intervals"": [""4h"", ""1d""], ""ret_windows"": [1, 3, 6, 12, 24], ""rsi_period"": 7, ""target_threshold"": 0.0025, ""vol_windows"": [24, 72]}","{""colsample_bytree"": 1.0, ""gamma"": 0.0, ""learning_rate"": 0.03, ""max_depth"": 5, ""min_child_weight"": 1, ""n_estimators"": 250, ""subsample"": 0.7}",4,4989,0.7811184606133493,0.011478472834394151,3.4056621622101276e+24,352.6384297310968,0.07092643614738758,56.76874095325377
stage2,711,36,0.62,74014,27,"{""atr_period"": 14, ""horizon_h"": 6, ""ma_windows"": [6, 18, 72], ""mtf_intervals"": [""4h"", ""1d""], ""ret_windows"": [1, 3, 6, 12, 24], ""rsi_period"": 7, ""target_threshold"": 0.0025, ""vol_windows"": [24, 72]}","{""colsample_bytree"": 1.0, ""gamma"": 0.0, ""learning_rate"": 0.03, ""max_depth"": 5, ""min_child_weight"": 1, ""n_estimators"": 250, ""subsample"": 0.7}",4,4523,0.7963740879946938,0.012127172184694578,3.117875549902572e+23,352.6384297310968,0.07573261296471678,54.39285933665575
stage2,711,36,0.65,74014,27,"{""atr_period"": 14, ""horizon_h"": 6, ""ma_windows"": [6, 18, 72], ""mtf_intervals"": [""4h"", ""1d""], ""ret_windows"": [1, 3, 6, 12, 24], ""rsi_period"": 7, ""target_threshold"": 0.0025, ""vol_windows"": [24, 72]}","{""colsample_bytree"": 1.0, ""gamma"": 0.0, ""learning_rate"": 0.03, ""max_depth"": 5, ""min_child_weight"": 1, ""n_estimators"": 250, ""subsample"": 0.7}",4,3899,0.8122595537317261,0.012977684953599997,4.6441323612660595e+21,352.6384297310968,0.07573261296471678,50.205654334000876
stage2,711,32,0.52,74014,27,"{""atr_period"": 14, ""horizon_h"": 6, ""ma_windows"": [6, 18, 72], ""mtf_intervals"": [""4h"", ""1d""], ""ret_windows"": [1, 3, 6, 12, 24], ""rsi_period"": 7, ""target_threshold"": 0.0025, ""vol_windows"": [24, 72]}","{""colsample_bytree"": 0.7, ""gamma"": 0.0, ""learning_rate"": 0.03, ""max_depth"": 5, ""min_child_weight"": 1, ""n_estimators"": 250, ""subsample"": 0.7}",4,7050,0.7238297872340426,0.009283043439901233,1.090416864480249e+28,352.6384297310968,0.15615487057962207,64.734193413455
stage2,711,32,0.55,74014,27,"{""atr_period"": 14, ""horizon_h"": 6, ""ma_windows"": [6, 18, 72], ""mtf_intervals"": [""4h"", ""1d""], ""ret_windows"": [1, 3, 6, 12, 24], ""rsi_period"": 7, ""target_threshold"": 0.0025, ""vol_windows"": [24, 72]}","{""colsample_bytree"": 0.7, ""gamma"": 0.0, ""learning_rate"": 0.03, ""max_depth"": 5, ""min_child_weight"": 1, ""n_estimators"": 250, ""subsample"": 0.7}",4,6198,0.7434656340755083,0.010014123662031424,3.8868621482240934e+26,352.6384297310968,0.15615487057962218,61.42162266552794
stage2,711,32,0.58,74014,27,"{""atr_period"": 14, ""horizon_h"": 6, ""ma_windows"": [6, 18, 72], ""mtf_intervals"": [""4h"", ""1d""], ""ret_windows"": [1, 3, 6, 12, 24], ""rsi_period"": 7, ""target_threshold"": 0.0025, ""vol_windows"": [24, 72]}","{""colsample_bytree"": 0.7, ""gamma"": 0.0, ""learning_rate"": 0.03, ""max_depth"": 5, ""min_child_weight"": 1, ""n_estimators"": 250, ""subsample"": 0.7}",4,5390,0.7645640074211503,0.0108371789458762,1.047184922085448e+25,352.6384297310968,0.11885174808739107,57.84965562550715
stage2,711,32,0.6,74014,27,"{""atr_period"": 14, ""horizon_h"": 6, ""ma_windows"": [6, 18, 72], ""mtf_intervals"": [""4h"", ""1d""], ""ret_windows"": [1, 3, 6, 12, 24], ""rsi_period"": 7, ""target_threshold"": 0.0025, ""vol_windows"": [24, 72]}","{""colsample_bytree"": 0.7, ""gamma"": 0.0, ""learning_rate"": 0.03, ""max_depth"": 5, ""min_child_weight"": 1, ""n_estimators"": 250, ""subsample"": 0.7}",4,4903,0.7799306547012034,0.0115255654375505,1.6048149038002038e+24,352.6384297310968,0.11409620953318467,55.99415159954837
stage2,711,32,0.62,74014,27,"{""atr_period"": 14, ""horizon_h"": 6, ""ma_windows"": [6, 18, 72], ""mtf_intervals"": [""4h"", ""1d""], ""ret_windows"": [1, 3, 6, 12, 24], ""rsi_period"": 7, ""target_threshold"": 0.0025, ""vol_windows"": [24, 72]}","{""colsample_bytree"": 0.7, ""gamma"": 0.0, ""learning_rate"": 0.03, ""max_depth"": 5, ""min_child_weight"": 1, ""n_estimators"": 250, ""subsample"": 0.7}",4,4444,0.7927542754275427,0.01210755484773232,1.1083686808655459e+23,352.6384297310968,0.07573261296471678,53.35554396894601
stage2,711,32,0.65,74014,27,"{""atr_period"": 14, ""horizon_h"": 6, ""ma_windows"": [6, 18, 72], ""mtf_intervals"": [""4h"", ""1d""], ""ret_windows"": [1, 3, 6, 12, 24], ""rsi_period"": 7, ""target_threshold"": 0.0025, ""vol_windows"": [24, 72]}","{""colsample_bytree"": 0.7, ""gamma"": 0.0, ""learning_rate"": 0.03, ""max_depth"": 5, ""min_child_weight"": 1, ""n_estimators"": 250, ""subsample"": 0.7}",4,3780,0.8153439153439154,0.013099941466296939,1.5940430671147754e+21,352.6384297310968,0.05465259221013519,49.15030891904367
stage2,711,42,0.52,74014,27,"{""atr_period"": 14, ""horizon_h"": 6, ""ma_windows"": [6, 18, 72], ""mtf_intervals"": [""4h"", ""1d""], ""ret_windows"": [1, 3, 6, 12, 24], ""rsi_period"": 7, ""target_threshold"": 0.0025, ""vol_windows"": [24, 72]}","{""colsample_bytree"": 0.7, ""gamma"": 0.0, ""learning_rate"": 0.03, ""max_depth"": 5, ""min_child_weight"": 5, ""n_estimators"": 250, ""subsample"": 1.0}",4,7039,0.7224037505327461,0.009253727803717386,8.059869605695126e+27,352.6384297310968,0.15615487057962218,64.43057027683956
stage2,711,42,0.55,74014,27,"{""atr_period"": 14, ""horizon_h"": 6, ""ma_windows"": [6, 18, 72], ""mtf_intervals"": [""4h"", ""1d""], ""ret_windows"": [1, 3, 6, 12, 24], ""rsi_period"": 7, ""target_threshold"": 0.0025, ""vol_windows"": [24, 72]}","{""colsample_bytree"": 0.7, ""gamma"": 0.0, ""learning_rate"": 0.03, ""max_depth"": 5, ""min_child_weight"": 5, ""n_estimators"": 250, ""subsample"": 1.0}",4,6164,0.7430240103828682,0.010057937303005315,3.629482266943346e+26,352.6384297310968,0.12472793074441946,61.36882117112159
stage2,711,42,0.58,74014,27,"{""atr_period"": 14, ""horizon_h"": 6, ""ma_windows"": [6, 18, 72], ""mtf_intervals"": [""4h"", ""1d""], ""ret_windows"": [1, 3, 6, 12, 24], ""rsi_period"": 7, ""target_threshold"": 0.0025, ""vol_windows"": [24, 72]}","{""colsample_bytree"": 0.7, ""gamma"": 0.0, ""learning_rate"": 0.03, ""max_depth"": 5, ""min_child_weight"": 5, ""n_estimators"": 250, ""subsample"": 1.0}",4,5389,0.7632213768788273,0.010876046267484486,1.2803426644888532e+25,352.6384297310968,0.09648123673097853,58.061099926865005
stage2,711,42,0.6,74014,27,"{""atr_period"": 14, ""horizon_h"": 6, ""ma_windows"": [6, 18, 72], ""mtf_intervals"": [""4h"", ""1d""], ""ret_windows"": [1, 3, 6, 12, 24], ""rsi_period"": 7, ""target_threshold"": 0.0025, ""vol_windows"": [24, 72]}","{""colsample_bytree"": 0.7, ""gamma"": 0.0, ""learning_rate"": 0.03, ""max_depth"": 5, ""min_child_weight"": 5, ""n_estimators"": 250, ""subsample"": 1.0}",4,4907,0.778683513348278,0.011493231874399885,1.441436565423411e+24,352.6384297310968,0.0757326129647169,55.90470882222682
stage2,711,42,0.62,74014,27,"{""atr_period"": 14, ""horizon_h"": 6, ""ma_windows"": [6, 18, 72], ""mtf_intervals"": [""4h"", ""1d""], ""ret_windows"": [1, 3, 6, 12, 24], ""rsi_period"": 7, ""target_threshold"": 0.0025, ""vol_windows"": [24, 72]}","{""colsample_bytree"": 0.7, ""gamma"": 0.0, ""learning_rate"": 0.03, ""max_depth"": 5, ""min_child_weight"": 5, ""n_estimators"": 250, ""subsample"": 1.0}",4,4403,0.7930956166250284,0.012151395717711542,8.195299364592949e+22,352.6384297310968,0.07573261296471656,53.05425414010862
stage2,711,42,0.65,74014,27,"{""atr_period"": 14, ""horizon_h"": 6, ""ma_windows"": [6, 18, 72], ""mtf_intervals"": [""4h"", ""1d""], ""ret_windows"": [1, 3, 6, 12, 24], ""rsi_period"": 7, ""target_threshold"": 0.0025, ""vol_windows"": [24, 72]}","{""colsample_bytree"": 0.7, ""gamma"": 0.0, ""learning_rate"": 0.03, ""max_depth"": 5, ""min_child_weight"": 5, ""n_estimators"": 250, ""subsample"": 1.0}",4,3771,0.8143728453990984,0.013200570120324044,2.058390164564951e+21,352.6384297310968,0.060566013874518876,49.4030309869993
stage2,711,44,0.52,74014,27,"{""atr_period"": 14, ""horizon_h"": 6, ""ma_windows"": [6, 18, 72], ""mtf_intervals"": [""4h"", ""1d""], ""ret_windows"": [1, 3, 6, 12, 24], ""rsi_period"": 7, ""target_threshold"": 0.0025, ""vol_windows"": [24, 72]}","{""colsample_bytree"": 1.0, ""gamma"": 0.0, ""learning_rate"": 0.03, ""max_depth"": 5, ""min_child_weight"": 1, ""n_estimators"": 250, ""subsample"": 1.0}",4,7003,0.7248322147651006,0.009347437731890599,1.1134487098226918e+28,352.6384297310968,0.1561548705796223,64.75641258673905
stage2,711,44,0.55,74014,27,"{""atr_period"": 14, ""horizon_h"": 6, ""ma_windows"": [6, 18, 72], ""mtf_intervals"": [""4h"", ""1d""], ""ret_windows"": [1, 3, 6, 12, 24], ""rsi_period"": 7, ""target_threshold"": 0.0025, ""vol_windows"": [24, 72]}","{""colsample_bytree"": 1.0, ""gamma"": 0.0, ""learning_rate"": 0.03, ""max_depth"": 5, ""min_child_weight"": 1, ""n_estimators"": 250, ""subsample"": 1.0}",4,6194,0.7457216661285114,0.010090872199504492,6.001513188007198e+26,352.6384297310968,0.1304545565155204,61.871301085518965
stage2,711,44,0.58,74014,27,"{""atr_period"": 14, ""horizon_h"": 6, ""ma_windows"": [6, 18, 72], ""mtf_intervals"": [""4h"", ""1d""], ""ret_windows"": [1, 3, 6, 12, 24], ""rsi_period"": 7, ""target_threshold"": 0.0025, ""vol_windows"": [24, 72]}","{""colsample_bytree"": 1.0, ""gamma"": 0.0, ""learning_rate"": 0.03, ""max_depth"": 5, ""min_child_weight"": 1, ""n_estimators"": 250, ""subsample"": 1.0}",4,5409,0.7690885561101867,0.01094402724083264,2.294751555862158e+25,352.6384297310968,0.07092643614738758,58.66261175271853
stage2,711,44,0.6,74014,27,"{""atr_period"": 14, ""horizon_h"": 6, ""ma_windows"": [6, 18, 72], ""mtf_intervals"": [""4h"", ""1d""], ""ret_windows"": [1, 3, 6, 12, 24], ""rsi_period"": 7, ""target_threshold"": 0.0025, ""vol_windows"": [24, 72]}","{""colsample_bytree"": 1.0, ""gamma"": 0.0, ""learning_rate"": 0.03, ""max_depth"": 5, ""min_child_weight"": 1, ""n_estimators"": 250, ""subsample"": 1.0}",4,4906,0.7855686913982878,0.01159554890532925,2.3459817775224456e+24,352.6384297310968,0.07884120533897343,56.396544956282995
stage2,711,44,0.62,74014,27,"{""atr_period"": 14, ""horizon_h"": 6, ""ma_windows"": [6, 18, 72], ""mtf_intervals"": [""4h"", ""1d""], ""ret_windows"": [1, 3, 6, 12, 24], ""rsi_period"": 7, ""target_threshold"": 0.0025, ""vol_windows"": [24, 72]}","{""colsample_bytree"": 1.0, ""gamma"": 0.0, ""learning_rate"": 0.03, ""max_depth"": 5, ""min_child_weight"": 1, ""n_estimators"": 250, ""subsample"": 1.0}",4,4441,0.7993695113713127,0.012169545211222313,1.406532217090966e+23,352.6384297310968,0.0757326129647169,53.59957005771216
stage2,711,44,0.65,74014,27,"{""atr_period"": 14, ""horizon_h"": 6, ""ma_windows"": [6, 18, 72], ""mtf_intervals"": [""4h"", ""1d""], ""ret_windows"": [1, 3, 6, 12, 24], ""rsi_period"": 7, ""target_threshold"": 0.0025, ""vol_windows"": [24, 72]}","{""colsample_bytree"": 1.0, ""gamma"": 0.0, ""learning_rate"": 0.03, ""max_depth"": 5, ""min_child_weight"": 1, ""n_estimators"": 250, ""subsample"": 1.0}",4,3782,0.8207297726070862,0.013194922125052676,2.3320042589364712e+21,352.6384297310968,0.07573261296471678,49.52529193626735
stage2,711,23,0.52,74014,27,"{""atr_period"": 14, ""horizon_h"": 6, ""ma_windows"": [6, 18, 72], ""mtf_intervals"": [""4h"", ""1d""], ""ret_windows"": [1, 3, 6, 12, 24], ""rsi_period"": 7, ""target_threshold"": 0.0025, ""vol_windows"": [24, 72]}","{""colsample_bytree"": 1.0, ""gamma"": 0.2, ""learning_rate"": 0.07, ""max_depth"": 3, ""min_child_weight"": 5, ""n_estimators"": 250, ""subsample"": 0.7}",4,6862,0.720343923054503,0.00927835135632184,1.860567644853694e+27,352.6384297310968,0.1561548705796223,62.96310365141432
stage2,711,23,0.55,74014,27,"{""atr_period"": 14, ""horizon_h"": 6, ""ma_windows"": [6, 18, 72], ""mtf_intervals"": [""4h"", ""1d""], ""ret_windows"": [1, 3, 6, 12, 24], ""rsi_period"": 7, ""target_threshold"": 0.0025, ""vol_windows"": [24, 72]}","{""colsample_bytree"": 1.0, ""gamma"": 0.2, ""learning_rate"": 0.07, ""max_depth"": 3, ""min_child_weight"": 5, ""n_estimators"": 250, ""subsample"": 0.7}",4,6047,0.7380519265751613,0.010006449945347537,8.209666739372521e+25,352.6384297310968,0.15160065619171714,59.8646324681812
stage2,711,23,0.58,74014,27,"{""atr_period"": 14, ""horizon_h"": 6, ""ma_windows"": [6, 18, 72], ""mtf_intervals"": [""4h"", ""1d""], ""ret_windows"": [1, 3, 6, 12, 24], ""rsi_period"": 7, ""target_threshold"": 0.0025, ""vol_windows"": [24, 72]}","{""colsample_bytree"": 1.0, ""gamma"": 0.2, ""learning_rate"": 0.07, ""max_depth"": 3, ""min_child_weight"": 5, ""n_estimators"": 250, ""subsample"": 0.7}",4,5243,0.7610146862483311,0.0109391406893752,3.6615688186919885e+24,352.6384297310968,0.1051433265859435,56.8036871376385
stage2,711,23,0.6,74014,27,"{""atr_period"": 14, ""horizon_h"": 6, ""ma_windows"": [6, 18, 72], ""mtf_intervals"": [""4h"", ""1d""], ""ret_windows"": [1, 3, 6, 12, 24], ""rsi_period"": 7, ""target_threshold"": 0.0025, ""vol_windows"": [24, 72]}","{""colsample_bytree"": 1.0, ""gamma"": 0.2, ""learning_rate"": 0.07, ""max_depth"": 3, ""min_child_weight"": 5, ""n_estimators"": 250, ""subsample"": 0.7}",4,4738,0.7790206838328408,0.011610728403238802,3.641629184397497e+23,352.6384297310968,0.09160496499821602,54.52218819030274
stage2,711,23,0.62,74014,27,"{""atr_period"": 14, ""horizon_h"": 6, ""ma_windows"": [6, 18, 72], ""mtf_intervals"": [""4h"", ""1d""], ""ret_windows"": [1, 3, 6, 12, 24], ""rsi_period"": 7, ""target_threshold"": 0.0025, ""vol_windows"": [24, 72]}","{""colsample_bytree"": 1.0, ""gamma"": 0.2, ""learning_rate"": 0.07, ""max_depth"": 3, ""min_child_weight"": 5, ""n_estimators"": 250, ""subsample"": 0.7}",4,4232,0.7953686200378072,0.01227618462137256,1.7697435692920625e+22,352.6384297310968,0.07573261296471678,51.524344772371876
stage2,711,23,0.65,74014,27,"{""atr_period"": 14, ""horizon_h"": 6, ""ma_windows"": [6, 18, 72], ""mtf_intervals"": [""4h"", ""1d""], ""ret_windows"": [1, 3, 6, 12, 24], ""rsi_period"": 7, ""target_threshold"": 0.0025, ""vol_windows"": [24, 72]}","{""colsample_bytree"": 1.0, ""gamma"": 0.2, ""learning_rate"": 0.07, ""max_depth"": 3, ""min_child_weight"": 5, ""n_estimators"": 250, ""subsample"": 0.7}",4,3597,0.8109535724214624,0.013090115153030423,1.4465891394392929e+20,352.6384297310968,0.07092643614738758,46.738930888727495
stage2,6543,51,0.52,74014,27,"{""atr_period"": 14, ""horizon_h"": 6, ""ma_windows"": [6, 18, 72], ""mtf_intervals"": [""4h"", ""1d""], ""ret_windows"": [1, 6, 12, 24, 48], ""rsi_period"": 7, ""target_threshold"": 0.0025, ""vol_windows"": [24, 72]}","{""colsample_bytree"": 0.7, ""gamma"": 0.2, ""learning_rate"": 0.07, ""max_depth"": 5, ""min_child_weight"": 5, ""n_estimators"": 250, ""subsample"": 0.7}",4,7416,0.7168284789644013,0.008947367514243397,2.6579926313317773e+28,352.6384297310968,0.2134175941631007,65.58828671806397
stage2,6543,51,0.55,74014,27,"{""atr_period"": 14, ""horizon_h"": 6, ""ma_windows"": [6, 18, 72], ""mtf_intervals"": [""4h"", ""1d""], ""ret_windows"": [1, 6, 12, 24, 48], ""rsi_period"": 7, ""target_threshold"": 0.0025, ""vol_windows"": [24, 72]}","{""colsample_bytree"": 0.7, ""gamma"": 0.2, ""learning_rate"": 0.07, ""max_depth"": 5, ""min_child_weight"": 5, ""n_estimators"": 250, ""subsample"": 0.7}",4,6632,0.7373341375150784,0.009625503457538577,2.22683707796618e+27,352.6384297310968,0.14888265385233457,63.16280974955819
stage2,6543,51,0.58,74014,27,"{""atr_period"": 14, ""horizon_h"": 6, ""ma_windows"": [6, 18, 72], ""mtf_intervals"": [""4h"", ""1d""], ""ret_windows"": [1, 6, 12, 24, 48], ""rsi_period"": 7, ""target_threshold"": 0.0025, ""vol_windows"": [24, 72]}","{""colsample_bytree"": 0.7, ""gamma"": 0.2, ""learning_rate"": 0.07, ""max_depth"": 5, ""min_child_weight"": 5, ""n_estimators"": 250, ""subsample"": 0.7}",4,5901,0.751228605321132,0.010301627069489422,1.1005347524937105e+26,352.6384297310968,0.12513030546126214,60.18383936623524
stage2,6543,51,0.6,74014,27,"{""atr_period"": 14, ""horizon_h"": 6, ""ma_windows"": [6, 18, 72], ""mtf_intervals"": [""4h"", ""1d""], ""ret_windows"": [1, 6, 12, 24, 48], ""rsi_period"": 7, ""target_threshold"": 0.0025, ""vol_windows"": [24, 72]}","{""colsample_bytree"": 0.7, ""gamma"": 0.2, ""learning_rate"": 0.07, ""max_depth"": 5, ""min_child_weight"": 5, ""n_estimators"": 250, ""subsample"": 0.7}",4,5421,0.7624054602471869,0.0107732279800113,1.0336271063338773e+25,352.6384297310968,0.12513030546126225,57.831246443028895
stage2,6543,51,0.62,74014,27,"{""atr_period"": 14, ""horizon_h"": 6, ""ma_windows"": [6, 18, 72], ""mtf_intervals"": [""4h"", ""1d""], ""ret_windows"": [1, 6, 12, 24, 48], ""rsi_period"": 7, ""target_threshold"": 0.0025, ""vol_windows"": [24, 72]}","{""colsample_bytree"": 0.7, ""gamma"": 0.2, ""learning_rate"": 0.07, ""max_depth"": 5, ""min_child_weight"": 5, ""n_estimators"": 250, ""subsample"": 0.7}",4,4964,0.773771152296535,0.011292293229014892,1.0138293568889652e+24,352.6384297310968,0.09761932703852771,55.53632243992256
stage2,6543,51,0.65,74014,27,"{""atr_period"": 14, ""horizon_h"": 6, ""ma_windows"": [6, 18, 72], ""mtf_intervals"": [""4h"", ""1d""], ""ret_windows"": [1, 6, 12, 24, 48], ""rsi_period"": 7, ""target_threshold"": 0.0025, ""vol_windows"": [24, 72]}","{""colsample_bytree"": 0.7, ""gamma"": 0.2, ""learning_rate"": 0.07, ""max_depth"": 5, ""min_child_weight"": 5, ""n_estimators"": 250, ""subsample"": 0.7}",4,4331,0.7984299238051258,0.012222557255833499,4.657689373592122e+22,352.6384297310968,0.07573261296471678,52.494049619067596
stage2,6543,58,0.52,74014,27,"{""atr_period"": 14, ""horizon_h"": 6, ""ma_windows"": [6, 18, 72], ""mtf_intervals"": [""4h"", ""1d""], ""ret_windows"": [1, 6, 12, 24, 48], ""rsi_period"": 7, ""target_threshold"": 0.0025, ""vol_windows"": [24, 72]}","{""colsample_bytree"": 0.7, ""gamma"": 0.0, ""learning_rate"": 0.07, ""max_depth"": 5, ""min_child_weight"": 5, ""n_estimators"": 250, ""subsample"": 1.0}",4,7398,0.7123546904568803,0.008895474564784083,1.5621791087901864e+28,352.6384297310968,0.1561548705796223,65.08143442859
stage2,6543,58,0.55,74014,27,"{""atr_period"": 14, ""horizon_h"": 6, ""ma_windows"": [6, 18, 72], ""mtf_intervals"": [""4h"", ""1d""], ""ret_windows"": [1, 6, 12, 24, 48], ""rsi_period"": 7, ""target_threshold"": 0.0025, ""vol_windows"": [24, 72]}","{""colsample_bytree"": 0.7, ""gamma"": 0.0, ""learning_rate"": 0.07, ""max_depth"": 5, ""min_child_weight"": 5, ""n_estimators"": 250, ""subsample"": 1.0}",4,6579,0.7350661194710443,0.009666205643811227,1.7624024983312938e+27,352.6384297310968,0.12370591622487725,62.94000502753248
stage2,6543,58,0.58,74014,27,"{""atr_period"": 14, ""horizon_h"": 6, ""ma_windows"": [6, 18, 72], ""mtf_intervals"": [""4h"", ""1d""], ""ret_windows"": [1, 6, 12, 24, 48], ""rsi_period"": 7, ""target_threshold"": 0.0025, ""vol_windows"": [24, 72]}","{""colsample_bytree"": 0.7, ""gamma"": 0.0, ""learning_rate"": 0.07, ""max_depth"": 5, ""min_child_weight"": 5, ""n_estimators"": 250, ""subsample"": 1.0}",4,5837,0.7548398149734452,0.010407963797351592,1.067853285748141e+26,352.6384297310968,0.07633729846805681,60.18182968917521
stage2,6543,58,0.6,74014,27,"{""atr_period"": 14, ""horizon_h"": 6, ""ma_windows"": [6, 18, 72], ""mtf_intervals"": [""4h"", ""1d""], ""ret_windows"": [1, 6, 12, 24, 48], ""rsi_period"": 7, ""target_threshold"": 0.0025, ""vol_windows"": [24, 72]}","{""colsample_bytree"": 0.7, ""gamma"": 0.0, ""learning_rate"": 0.07, ""max_depth"": 5, ""min_child_weight"": 5, ""n_estimators"": 250, ""subsample"": 1.0}",4,5397,0.7680192699647953,0.010909558137072709,1.6768720213884682e+25,352.6384297310968,0.07633729846805715,58.34508072259454
stage2,6543,58,0.62,74014,27,"{""atr_period"": 14, ""horizon_h"": 6, ""ma_windows"": [6, 18, 72], ""mtf_intervals"": [""4h"", ""1d""], ""ret_windows"": [1, 6, 12, 24, 48], ""rsi_period"": 7, ""target_threshold"": 0.0025, ""vol_windows"": [24, 72]}","{""colsample_bytree"": 0.7, ""gamma"": 0.0, ""learning_rate"": 0.07, ""max_depth"": 5, ""min_child_weight"": 5, ""n_estimators"": 250, ""subsample"": 1.0}",4,4924,0.7818846466287571,0.011512149945209334,1.9132266049011361e+24,352.6384297310968,0.07884120533897354,56.18901768474926
stage2,6543,58,0.65,74014,27,"{""atr_period"": 14, ""horizon_h"": 6, ""ma_windows"": [6, 18, 72], ""mtf_intervals"": [""4h"", ""1d""], ""ret_windows"": [1, 6, 12, 24, 48], ""rsi_period"": 7, ""target_threshold"": 0.0025, ""vol_windows"": [24, 72]}","{""colsample_bytree"": 0.7, ""gamma"": 0.0, ""learning_rate"": 0.07, ""max_depth"": 5, ""min_child_weight"": 5, ""n_estimators"": 250, ""subsample"": 1.0}",4,4257,0.8054968287526427,0.01243537272801643,4.687539547469242e+22,352.6384297310968,0.07884120533897365,52.506239716080145
stage2,6543,50,0.52,74014,27,"{""atr_period"": 14, ""horizon_h"": 6, ""ma_windows"": [6, 18, 72], ""mtf_intervals"": [""4h"", ""1d""], ""ret_windows"": [1, 6, 12, 24, 48], ""rsi_period"": 7, ""target_threshold"": 0.0025, ""vol_windows"": [24, 72]}","{""colsample_bytree"": 0.7, ""gamma"": 0.0, ""learning_rate"": 0.07, ""max_depth"": 5, ""min_child_weight"": 5, ""n_estimators"": 250, ""subsample"": 0.7}",4,7428,0.7159396876682822,0.008919118008821314,2.4189863785454015e+28,352.6384297310968,0.1609085116829312,65.51938164278192
stage2,6543,50,0.55,74014,27,"{""atr_period"": 14, ""horizon_h"": 6, ""ma_windows"": [6, 18, 72], ""mtf_intervals"": [""4h"", ""1d""], ""ret_windows"": [1, 6, 12, 24, 48], ""rsi_period"": 7, ""target_threshold"": 0.0025, ""vol_windows"": [24, 72]}","{""colsample_bytree"": 0.7, ""gamma"": 0.0, ""learning_rate"": 0.07, ""max_depth"": 5, ""min_child_weight"": 5, ""n_estimators"": 250, ""subsample"": 0.7}",4,6629,0.7366118569920048,0.00960883832045017,1.9547972464902844e+27,352.6384297310968,0.10681344934978809,63.052837456145454
stage2,6543,50,0.58,74014,27,"{""atr_period"": 14, ""horizon_h"": 6, ""ma_windows"": [6, 18, 72], ""mtf_intervals"": [""4h"", ""1d""], ""ret_windows"": [1, 6, 12, 24, 48], ""rsi_period"": 7, ""target_threshold"": 0.0025, ""vol_windows"": [24, 72]}","{""colsample_bytree"": 0.7, ""gamma"": 0.0, ""learning_rate"": 0.07, ""max_depth"": 5, ""min_child_weight"": 5, ""n_estimators"": 250, ""subsample"": 0.7}",4,5891,0.7536920726531998,0.010337391104192776,1.2276906306678905e+26,352.6384297310968,0.0976193270385276,60.309190409843886
stage2,6543,50,0.6,74014,27,"{""atr_period"": 14, ""horizon_h"": 6, ""ma_windows"": [6, 18, 72], ""mtf_intervals"": [""4h"", ""1d""], ""ret_windows"": [1, 6, 12, 24, 48], ""rsi_period"": 7, ""target_threshold"": 0.0025, ""vol_windows"": [24, 72]}","{""colsample_bytree"": 0.7, ""gamma"": 0.0, ""learning_rate"": 0.07, ""max_depth"": 5, ""min_child_weight"": 5, ""n_estimators"": 250, ""subsample"": 0.7}",4,5428,0.765659543109801,0.010824838713512246,1.4723732945534696e+25,352.6384297310968,0.0976193270385276,58.20181959052765
stage2,6543,50,0.62,74014,27,"{""atr_period"": 14, ""horizon_h"": 6, ""ma_windows"": [6, 18, 72], ""mtf_intervals"": [""4h"", ""1d""], ""ret_windows"": [1, 6, 12, 24, 48], ""rsi_period"": 7, ""target_threshold"": 0.0025, ""vol_windows"": [24, 72]}","{""colsample_bytree"": 0.7, ""gamma"": 0.0, ""learning_rate"": 0.07, ""max_depth"": 5, ""min_child_weight"": 5, ""n_estimators"": 250, ""subsample"": 0.7}",4,4997,0.775865519311587,0.01128930931066178,1.446272513071569e+24,352.6384297310968,0.08993571436930103,55.89707083052608
stage2,6543,50,0.65,74014,27,"{""atr_period"": 14, ""horizon_h"": 6, ""ma_windows"": [6, 18, 72], ""mtf_intervals"": [""4h"", ""1d""], ""ret_windows"": [1, 6, 12, 24, 48], ""rsi_period"": 7, ""target_threshold"": 0.0025, ""vol_windows"": [24, 72]}","{""colsample_bytree"": 0.7, ""gamma"": 0.0, ""learning_rate"": 0.07, ""max_depth"": 5, ""min_child_weight"": 5, ""n_estimators"": 250, ""subsample"": 0.7}",4,4357,0.7973376176268074,0.01215102605127864,4.7079858494972726e+22,352.6384297310968,0.08686456212628746,52.49777825108175
stage2,6543,48,0.52,74014,27,"{""atr_period"": 14, ""horizon_h"": 6, ""ma_windows"": [6, 18, 72], ""mtf_intervals"": [""4h"", ""1d""], ""ret_windows"": [1, 6, 12, 24, 48], ""rsi_period"": 7, ""target_threshold"": 0.0025, ""vol_windows"": [24, 72]}","{""colsample_bytree"": 0.7, ""gamma"": 0.0, ""learning_rate"": 0.07, ""max_depth"": 5, ""min_child_weight"": 1, ""n_estimators"": 250, ""subsample"": 0.7}",4,7454,0.7149181647437617,0.008895965963417341,2.5505226111331737e+28,352.6384297310968,0.2134175941631007,65.54507434996835
stage2,6543,48,0.55,74014,27,"{""atr_period"": 14, ""horizon_h"": 6, ""ma_windows"": [6, 18, 72], ""mtf_intervals"": [""4h"", ""1d""], ""ret_windows"": [1, 6, 12, 24, 48], ""rsi_period"": 7, ""target_threshold"": 0.0025, ""vol_windows"": [24, 72]}","{""colsample_bytree"": 0.7, ""gamma"": 0.0, ""learning_rate"": 0.07, ""max_depth"": 5, ""min_child_weight"": 1, ""n_estimators"": 250, ""subsample"": 0.7}",4,6683,0.7345503516384857,0.009570558722058987,2.535234988998333e+27,352.6384297310968,0.13182182650746788,63.29837767924945
stage2,6543,48,0.58,74014,27,"{""atr_period"": 14, ""horizon_h"": 6, ""ma_windows"": [6, 18, 72], ""mtf_intervals"": [""4h"", ""1d""], ""ret_windows"": [1, 6, 12, 24, 48], ""rsi_period"": 7, ""target_threshold"": 0.0025, ""vol_windows"": [24, 72]}","{""colsample_bytree"": 0.7, ""gamma"": 0.0, ""learning_rate"": 0.07, ""max_depth"": 5, ""min_child_weight"": 1, ""n_estimators"": 250, ""subsample"": 0.7}",4,5980,0.7536789297658862,0.010274524556547045,2.103190859283588e+26,352.6384297310968,0.131821826507468,60.82989649318117
stage2,6543,48,0.6,74014,27,"{""atr_period"": 14, ""horizon_h"": 6, ""ma_windows"": [6, 18, 72], ""mtf_intervals"": [""4h"", ""1d""], ""ret_windows"": [1, 6, 12, 24, 48], ""rsi_period"": 7, ""target_threshold"": 0.0025, ""vol_windows"": [24, 72]}","{""colsample_bytree"": 0.7, ""gamma"": 0.0, ""learning_rate"": 0.07, ""max_depth"": 5, ""min_child_weight"": 1, ""n_estimators"": 250, ""subsample"": 0.7}",4,5527,0.7656956757734756,0.010725718513412355,2.4878803324713724e+25,352.6384297310968,0.09856006358868385,58.72514065762179
stage2,6543,48,0.62,74014,27,"{""atr_period"": 14, ""horizon_h"": 6, ""ma_windows"": [6, 18, 72], ""mtf_intervals"": [""4h"", ""1d""], ""ret_windows"": [1, 6, 12, 24, 48], ""rsi_period"": 7, ""target_threshold"": 0.0025, ""vol_windows"": [24, 72]}","{""colsample_bytree"": 0.7, ""gamma"": 0.0, ""learning_rate"": 0.07, ""max_depth"": 5, ""min_child_weight"": 1, ""n_estimators"": 250, ""subsample"": 0.7}",4,5057,0.7785248170852284,0.01128680085897703,2.8113990456431246e+24,352.6384297310968,0.07884120533897343,56.56941813018342
stage2,6543,48,0.65,74014,27,"{""atr_period"": 14, ""horizon_h"": 6, ""ma_windows"": [6, 18, 72], ""mtf_intervals"": [""4h"", ""1d""], ""ret_windows"": [1, 6, 12, 24, 48], ""rsi_period"": 7, ""target_threshold"": 0.0025, ""vol_windows"": [24, 72]}","{""colsample_bytree"": 0.7, ""gamma"": 0.0, ""learning_rate"": 0.07, ""max_depth"": 5, ""min_child_weight"": 1, ""n_estimators"": 250, ""subsample"": 0.7}",4,4413,0.8012689780194879,0.01223612584217523,1.3372231844803056e+23,352.6384297310968,0.07884120533897354,53.54953593883985
stage2,6543,57,0.52,74014,27,"{""atr_period"": 14, ""horizon_h"": 6, ""ma_windows"": [6, 18, 72], ""mtf_intervals"": [""4h"", ""1d""], ""ret_windows"": [1, 6, 12, 24, 48], ""rsi_period"": 7, ""target_threshold"": 0.0025, ""vol_windows"": [24, 72]}","{""colsample_bytree"": 0.7, ""gamma"": 0.2, ""learning_rate"": 0.07, ""max_depth"": 5, ""min_child_weight"": 1, ""n_estimators"": 250, ""subsample"": 1.0}",4,7409,0.7125118099608584,0.008925412441768704,2.136130052831557e+28,352.6384297310968,0.17096467509418323,65.38730881919058
stage2,6543,57,0.55,74014,27,"{""atr_period"": 14, ""horizon_h"": 6, ""ma_windows"": [6, 18, 72], ""mtf_intervals"": [""4h"", ""1d""], ""ret_windows"": [1, 6, 12, 24, 48], ""rsi_period"": 7, ""target_threshold"": 0.0025, ""vol_windows"": [24, 72]}","{""colsample_bytree"": 0.7, ""gamma"": 0.2, ""learning_rate"": 0.07, ""max_depth"": 5, ""min_child_weight"": 1, ""n_estimators"": 250, ""subsample"": 1.0}",4,6588,0.7375531268973892,0.009685263351747493,2.1727552508211825e+27,352.6384297310968,0.12370591622487759,63.15146522406186
stage2,6543,57,0.58,74014,27,"{""atr_period"": 14, ""horizon_h"": 6, ""ma_windows"": [6, 18, 72], ""mtf_intervals"": [""4h"", ""1d""], ""ret_windows"": [1, 6, 12, 24, 48], ""rsi_period"": 7, ""target_threshold"": 0.0025, ""vol_windows"": [24, 72]}","{""colsample_bytree"": 0.7, ""gamma"": 0.2, ""learning_rate"": 0.07, ""max_depth"": 5, ""min_child_weight"": 1, ""n_estimators"": 250, ""subsample"": 1.0}",4,5868,0.7535787321063395,0.010414772676257584,1.5243750910474894e+26,352.6384297310968,0.0976193270385276,60.526168471136856
stage2,6543,57,0.6,74014,27,"{""atr_period"": 14, ""horizon_h"": 6, ""ma_windows"": [6, 18, 72], ""mtf_intervals"": [""4h"", ""1d""], ""ret_windows"": [1, 6, 12, 24, 48], ""rsi_period"": 7, ""target_threshold"": 0.0025, ""vol_windows"": [24, 72]}","{""colsample_bytree"": 0.7, ""gamma"": 0.2, ""learning_rate"": 0.07, ""max_depth"": 5, ""min_child_weight"": 1, ""n_estimators"": 250, ""subsample"": 1.0}",4,5377,0.7665984749860517,0.010901980547566694,1.2976335866221177e+25,352.6384297310968,0.08477639514312107,58.08327603934135
stage2,6543,57,0.62,74014,27,"{""atr_period"": 14, ""horizon_h"": 6, ""ma_windows"": [6, 18, 72], ""mtf_intervals"": [""4h"", ""1d""], ""ret_windows"": [1, 6, 12, 24, 48], ""rsi_period"": 7, ""target_threshold"": 0.0025, ""vol_windows"": [24, 72]}","{""colsample_bytree"": 0.7, ""gamma"": 0.2, ""learning_rate"": 0.07, ""max_depth"": 5, ""min_child_weight"": 1, ""n_estimators"": 250, ""subsample"": 1.0}",4,4938,0.7808829485621709,0.011452163507936838,1.6802395309676529e+24,352.6384297310968,0.08477639514312119,56.054914062407605
stage2,6543,57,0.65,74014,27,"{""atr_period"": 14, ""horizon_h"": 6, ""ma_windows"": [6, 18, 72], ""mtf_intervals"": [""4h"", ""1d""], ""ret_windows"": [1, 6, 12, 24, 48], ""rsi_period"": 7, ""target_threshold"": 0.0025, ""vol_windows"": [24, 72]}","{""colsample_bytree"": 0.7, ""gamma"": 0.2, ""learning_rate"": 0.07, ""max_depth"": 5, ""min_child_weight"": 1, ""n_estimators"": 250, ""subsample"": 1.0}",4,4288,0.7985074626865671,0.012326248906777386,4.328885259500339e+22,352.6384297310968,0.06319147484223542,52.42800233287801
stage2,6543,61,0.52,74014,27,"{""atr_period"": 14, ""horizon_h"": 6, ""ma_windows"": [6, 18, 72], ""mtf_intervals"": [""4h"", ""1d""], ""ret_windows"": [1, 6, 12, 24, 48], ""rsi_period"": 7, ""target_threshold"": 0.0025, ""vol_windows"": [24, 72]}","{""colsample_bytree"": 1.0, ""gamma"": 0.2, ""learning_rate"": 0.07, ""max_depth"": 5, ""min_child_weight"": 1, ""n_estimators"": 250, ""subsample"": 1.0}",4,7326,0.711984711984712,0.008943752617401811,1.164748067842029e+28,352.6384297310968,0.2134175941631007,64.75931641013142
stage2,6543,61,0.55,74014,27,"{""atr_period"": 14, ""horizon_h"": 6, ""ma_windows"": [6, 18, 72], ""mtf_intervals"": [""4h"", ""1d""], ""ret_windows"": [1, 6, 12, 24, 48], ""rsi_period"": 7, ""target_threshold"": 0.0025, ""vol_windows"": [24, 72]}","{""colsample_bytree"": 1.0, ""gamma"": 0.2, ""learning_rate"": 0.07, ""max_depth"": 5, ""min_child_weight"": 1, ""n_estimators"": 250, ""subsample"": 1.0}",4,6590,0.7320182094081943,0.009577157366215875,1.0894951843623007e+27,352.6384297310968,0.131821826507468,62.45183287939078
stage2,6543,61,0.58,74014,27,"{""atr_period"": 14, ""horizon_h"": 6, ""ma_windows"": [6, 18, 72], ""mtf_intervals"": [""4h"", ""1d""], ""ret_windows"": [1, 6, 12, 24, 48], ""rsi_period"": 7, ""target_threshold"": 0.0025, ""vol_windows"": [24, 72]}","{""colsample_bytree"": 1.0, ""gamma"": 0.2, ""learning_rate"": 0.07, ""max_depth"": 5, ""min_child_weight"": 1, ""n_estimators"": 250, ""subsample"": 1.0}",4,5881,0.7546335657201156,0.01037027946827083,1.3396142694058912e+26,352.6384297310968,0.1318218265074681,60.38035230678496
stage2,6543,61,0.6,74014,27,"{""atr_period"": 14, ""horizon_h"": 6, ""ma_windows"": [6, 18, 72], ""mtf_intervals"": [""4h"", ""1d""], ""ret_windows"": [1, 6, 12, 24, 48], ""rsi_period"": 7, ""target_threshold"": 0.0025, ""vol_windows"": [24, 72]}","{""colsample_bytree"": 1.0, ""gamma"": 0.2, ""learning_rate"": 0.07, ""max_depth"": 5, ""min_child_weight"": 1, ""n_estimators"": 250, ""subsample"": 1.0}",4,5413,0.7698134121559209,0.010891698539207063,1.8034779777587586e+25,352.6384297310968,0.11129695417982433,58.40168017625135
stage2,6543,61,0.62,74014,27,"{""atr_period"": 14, ""horizon_h"": 6, ""ma_windows"": [6, 18, 72], ""mtf_intervals"": [""4h"", ""1d""], ""ret_windows"": [1, 6, 12, 24, 48], ""rsi_period"": 7, ""target_threshold"": 0.0025, ""vol_windows"": [24, 72]}","{""colsample_bytree"": 1.0, ""gamma"": 0.2, ""learning_rate"": 0.07, ""max_depth"": 5, ""min_child_weight"": 1, ""n_estimators"": 250, ""subsample"": 1.0}",4,4979,0.7814822253464551,0.011398545550294561,2.0465036812252408e+24,352.6384297310968,0.0935490503228571,56.247774667114626
stage2,6543,61,0.65,74014,27,"{""atr_period"": 14, ""horizon_h"": 6, ""ma_windows"": [6, 18, 72], ""mtf_intervals"": [""4h"", ""1d""], ""ret_windows"": [1, 6, 12, 24, 48], ""rsi_period"": 7, ""target_threshold"": 0.0025, ""vol_windows"": [24, 72]}","{""colsample_bytree"": 1.0, ""gamma"": 0.2, ""learning_rate"": 0.07, ""max_depth"": 5, ""min_child_weight"": 1, ""n_estimators"": 250, ""subsample"": 1.0}",4,4344,0.8063996316758748,0.012363587321274709,1.0088761946875691e+23,352.6384297310968,0.06507822986420708,53.27978346068153
stage2,6543,38,0.52,74014,27,"{""atr_period"": 14, ""horizon_h"": 6, ""ma_windows"": [6, 18, 72], ""mtf_intervals"": [""4h"", ""1d""], ""ret_windows"": [1, 6, 12, 24, 48], ""rsi_period"": 7, ""target_threshold"": 0.0025, ""vol_windows"": [24, 72]}","{""colsample_bytree"": 1.0, ""gamma"": 0.0, ""learning_rate"": 0.03, ""max_depth"": 5, ""min_child_weight"": 5, ""n_estimators"": 250, ""subsample"": 0.7}",4,7070,0.725035360678925,0.009289493461679408,1.3844094147420286e+28,352.6384297310968,0.1561548705796223,64.97392303812975
stage2,6543,38,0.55,74014,27,"{""atr_period"": 14, ""horizon_h"": 6, ""ma_windows"": [6, 18, 72], ""mtf_intervals"": [""4h"", ""1d""], ""ret_windows"": [1, 6, 12, 24, 48], ""rsi_period"": 7, ""target_threshold"": 0.0025, ""vol_windows"": [24, 72]}","{""colsample_bytree"": 1.0, ""gamma"": 0.0, ""learning_rate"": 0.03, ""max_depth"": 5, ""min_child_weight"": 5, ""n_estimators"": 250, ""subsample"": 0.7}",4,6203,0.7439948412058681,0.010026212061029834,4.4229129660306104e+26,352.6384297310968,0.1362533626113286,61.56128982709757
stage2,6543,38,0.58,74014,27,"{""atr_period"": 14, ""horizon_h"": 6, ""ma_windows"": [6, 18, 72], ""mtf_intervals"": [""4h"", ""1d""], ""ret_windows"": [1, 6, 12, 24, 48], ""rsi_period"": 7, ""target_threshold"": 0.0025, ""vol_windows"": [24, 72]}","{""colsample_bytree"": 1.0, ""gamma"": 0.0, ""learning_rate"": 0.03, ""max_depth"": 5, ""min_child_weight"": 5, ""n_estimators"": 250, ""subsample"": 0.7}",4,5453,0.7641665138455895,0.010829815886129739,1.988797864594554e+25,352.6384297310968,0.078234549423993,58.51101215636285
stage2,6543,38,0.6,74014,27,"{""atr_period"": 14, ""horizon_h"": 6, ""ma_windows"": [6, 18, 72], ""mtf_intervals"": [""4h"", ""1d""], ""ret_windows"": [1, 6, 12, 24, 48], ""rsi_period"": 7, ""target_threshold"": 0.0025, ""vol_windows"": [24, 72]}","{""colsample_bytree"": 1.0, ""gamma"": 0.0, ""learning_rate"": 0.03, ""max_depth"": 5, ""min_child_weight"": 5, ""n_estimators"": 250, ""subsample"": 0.7}",4,4981,0.7793615739811283,0.01140510059705216,2.1580137291147532e+24,352.6384297310968,0.07573261296471678,56.308094218114114
stage2,6543,38,0.62,74014,27,"{""atr_period"": 14, ""horizon_h"": 6, ""ma_windows"": [6, 18, 72], ""mtf_intervals"": [""4h"", ""1d""], ""ret_windows"": [1, 6, 12, 24, 48], ""rsi_period"": 7, ""target_threshold"": 0.0025, ""vol_windows"": [24, 72]}","{""colsample_bytree"": 1.0, ""gamma"": 0.0, ""learning_rate"": 0.03, ""max_depth"": 5, ""min_child_weight"": 5, ""n_estimators"": 250, ""subsample"": 0.7}",4,4520,0.7969026548672566,0.012119868651801527,2.9057868115265507e+23,352.6384297310968,0.0757326129647169,54.32277610646159
stage2,6543,38,0.65,74014,27,"{""atr_period"": 14, ""horizon_h"": 6, ""ma_windows"": [6, 18, 72], ""mtf_intervals"": [""4h"", ""1d""], ""ret_windows"": [1, 6, 12, 24, 48], ""rsi_period"": 7, ""target_threshold"": 0.0025, ""vol_windows"": [24, 72]}","{""colsample_bytree"": 1.0, ""gamma"": 0.0, ""learning_rate"": 0.03, ""max_depth"": 5, ""min_child_weight"": 5, ""n_estimators"": 250, ""subsample"": 0.7}",4,3852,0.8159397715472482,0.013111098409385466,4.2312390998247405e+21,352.6384297310968,0.07092643614738736,50.11895922087696
stage2,6543,36,0.52,74014,27,"{""atr_period"": 14, ""horizon_h"": 6, ""ma_windows"": [6, 18, 72], ""mtf_intervals"": [""4h"", ""1d""], ""ret_windows"": [1, 6, 12, 24, 48], ""rsi_period"": 7, ""target_threshold"": 0.0025, ""vol_windows"": [24, 72]}","{""colsample_bytree"": 1.0, ""gamma"": 0.0, ""learning_rate"": 0.03, ""max_depth"": 5, ""min_child_weight"": 1, ""n_estimators"": 250, ""subsample"": 0.7}",4,7041,0.7224826019031387,0.009285108250558699,1.0259474770071398e+28,352.6384297310968,0.15615487057962207,64.67218866950783
stage2,6543,36,0.55,74014,27,"{""atr_period"": 14, ""horizon_h"": 6, ""ma_windows"": [6, 18, 72], ""mtf_intervals"": [""4h"", ""1d""], ""ret_windows"": [1, 6, 12, 24, 48], ""rsi_period"": 7, ""target_threshold"": 0.0025, ""vol_windows"": [24, 72]}","{""colsample_bytree"": 1.0, ""gamma"": 0.0, ""learning_rate"": 0.03, ""max_depth"": 5, ""min_child_weight"": 1, ""n_estimators"": 250, ""subsample"": 0.7}",4,6206,0.7442797292942314,0.010040201827700197,4.9496072633167175e+26,352.6384297310968,0.14489499514350945,61.66981855101928
stage2,6543,36,0.58,74014,27,"{""atr_period"": 14, ""horizon_h"": 6, ""ma_windows"": [6, 18, 72], ""mtf_intervals"": [""4h"", ""1d""], ""ret_windows"": [1, 6, 12, 24, 48], ""rsi_period"": 7, ""target_threshold"": 0.0025, ""vol_windows"": [24, 72]}","{""colsample_bytree"": 1.0, ""gamma"": 0.0, ""learning_rate"": 0.03, ""max_depth"": 5, ""min_child_weight"": 1, ""n_estimators"": 250, ""subsample"": 0.7}",4,5439,0.7663173377459092,0.010866875346405399,2.090710751944257e+25,352.6384297310968,0.078234549423993,58.56300300397282
stage2,6543,36,0.6,74014,27,"{""atr_period"": 14, ""horizon_h"": 6, ""ma_windows"": [6, 18, 72], ""mtf_intervals"": [""4h"", ""1d""], ""ret_windows"": [1, 6, 12, 24, 48], ""rsi_period"": 7, ""target_threshold"": 0.0025, ""vol_windows"": [24, 72]}","{""colsample_bytree"": 1.0, ""gamma"": 0.0, ""learning_rate"": 0.03, ""max_depth"": 5, ""min_child_weight"": 1, ""n_estimators"": 250, ""subsample"": 0.7}",4,4947,0.7804730139478472,0.011439397600915396,1.7426313842814738e+24,352.6384297310968,0.07884120533897343,56.093911481837914
stage2,6543,36,0.62,74014,27,"{""atr_period"": 14, ""horizon_h"": 6, ""ma_windows"": [6, 18, 72], ""mtf_intervals"": [""4h"", ""1d""], ""ret_windows"": [1, 6, 12, 24, 48], ""rsi_period"": 7, ""target_threshold"": 0.0025, ""vol_windows"": [24, 72]}","{""colsample_bytree"": 1.0, ""gamma"": 0.0, ""learning_rate"": 0.03, ""max_depth"": 5, ""min_child_weight"": 1, ""n_estimators"": 250, ""subsample"": 0.7}",4,4504,0.7932948490230906,0.012056930377043187,1.8147488433869707e+23,352.6384297310968,0.07573261296471678,53.848629234457974
stage2,6543,36,0.65,74014,27,"{""atr_period"": 14, ""horizon_h"": 6, ""ma_windows"": [6, 18, 72], ""mtf_intervals"": [""4h"", ""1d""], ""ret_windows"": [1, 6, 12, 24, 48], ""rsi_period"": 7, ""target_threshold"": 0.0025, ""vol_windows"": [24, 72]}","{""colsample_bytree"": 1.0, ""gamma"": 0.0, ""learning_rate"": 0.03, ""max_depth"": 5, ""min_child_weight"": 1, ""n_estimators"": 250, ""subsample"": 0.7}",4,3831,0.8164969981728009,0.0131364366668231,3.5537302130589145e+21,352.6384297310968,0.07092643614738747,49.945110642737035
stage2,6543,32,0.52,74014,27,"{""atr_period"": 14, ""horizon_h"": 6, ""ma_windows"": [6, 18, 72], ""mtf_intervals"": [""4h"", ""1d""], ""ret_windows"": [1, 6, 12, 24, 48], ""rsi_period"": 7, ""target_threshold"": 0.0025, ""vol_windows"": [24, 72]}","{""colsample_bytree"": 0.7, ""gamma"": 0.0, ""learning_rate"": 0.03, ""max_depth"": 5, ""min_child_weight"": 1, ""n_estimators"": 250, ""subsample"": 0.7}",4,7002,0.7249357326478149,0.009323835793112948,9.32645056600961e+27,352.6384297310968,0.15615487057962218,64.57911385812142
stage2,6543,32,0.55,74014,27,"{""atr_period"": 14, ""horizon_h"": 6, ""ma_windows"": [6, 18, 72], ""mtf_intervals"": [""4h"", ""1d""], ""ret_windows"": [1, 6, 12, 24, 48], ""rsi_period"": 7, ""target_threshold"": 0.0025, ""vol_windows"": [24, 72]}","{""colsample_bytree"": 0.7, ""gamma"": 0.0, ""learning_rate"": 0.03, ""max_depth"": 5, ""min_child_weight"": 1, ""n_estimators"": 250, ""subsample"": 0.7}",4,6154,0.7465063373415665,0.010087283001848786,3.927522185448235e+26,352.6384297310968,0.14489499514350945,61.44067699403874
stage2,6543,32,0.58,74014,27,"{""atr_period"": 14, ""horizon_h"": 6, ""ma_windows"": [6, 18, 72], ""mtf_intervals"": [""4h"", ""1d""], ""ret_windows"": [1, 6, 12, 24, 48], ""rsi_period"": 7, ""target_threshold"": 0.0025, ""vol_windows"": [24, 72]}","{""colsample_bytree"": 0.7, ""gamma"": 0.0, ""learning_rate"": 0.03, ""max_depth"": 5, ""min_child_weight"": 1, ""n_estimators"": 250, ""subsample"": 0.7}",4,5362,0.7646400596792242,0.010927681646848226,1.2579790396344815e+25,352.6384297310968,0.08129552715551203,58.05261955867318
stage2,6543,32,0.6,74014,27,"{""atr_period"": 14, ""horizon_h"": 6, ""ma_windows"": [6, 18, 72], ""mtf_intervals"": [""4h"", ""1d""], ""ret_windows"": [1, 6, 12, 24, 48], ""rsi_period"": 7, ""target_threshold"": 0.0025, ""vol_windows"": [24, 72]}","{""colsample_bytree"": 0.7, ""gamma"": 0.0, ""learning_rate"": 0.03, ""max_depth"": 5, ""min_child_weight"": 1, ""n_estimators"": 250, ""subsample"": 0.7}",4,4867,0.7809739058968563,0.011572021478816965,1.331036828265164e+24,352.6384297310968,0.07573261296471678,55.82748943057365
stage2,6543,32,0.62,74014,27,"{""atr_period"": 14, ""horizon_h"": 6, ""ma_windows"": [6, 18, 72], ""mtf_intervals"": [""4h"", ""1d""], ""ret_windows"": [1, 6, 12, 24, 48], ""rsi_period"": 7, ""target_threshold"": 0.0025, ""vol_windows"": [24, 72]}","{""colsample_bytree"": 0.7, ""gamma"": 0.0, ""learning_rate"": 0.03, ""max_depth"": 5, ""min_child_weight"": 1, ""n_estimators"": 250, ""subsample"": 0.7}",4,4417,0.7964681910799185,0.012194564543066284,1.1706913381961085e+23,352.6384297310968,0.07573261296471678,53.41391636324074
stage2,6543,32,0.65,74014,27,"{""atr_period"": 14, ""horizon_h"": 6, ""ma_windows"": [6, 18, 72], ""mtf_intervals"": [""4h"", ""1d""], ""ret_windows"": [1, 6, 12, 24, 48], ""rsi_period"": 7, ""target_threshold"": 0.0025, ""vol_windows"": [24, 72]}","{""colsample_bytree"": 0.7, ""gamma"": 0.0, ""learning_rate"": 0.03, ""max_depth"": 5, ""min_child_weight"": 1, ""n_estimators"": 250, ""subsample"": 0.7}",4,3722,0.8183772165502418,0.013214962572103015,1.1469672653374645e+21,352.6384297310968,0.06807357441281892,48.81779293785106
stage2,6543,42,0.52,74014,27,"{""atr_period"": 14, ""horizon_h"": 6, ""ma_windows"": [6, 18, 72], ""mtf_intervals"": [""4h"", ""1d""], ""ret_windows"": [1, 6, 12, 24, 48], ""rsi_period"": 7, ""target_threshold"": 0.0025, ""vol_windows"": [24, 72]}","{""colsample_bytree"": 0.7, ""gamma"": 0.0, ""learning_rate"": 0.03, ""max_depth"": 5, ""min_child_weight"": 5, ""n_estimators"": 250, ""subsample"": 1.0}",4,6990,0.7240343347639485,0.00933020337489831,8.729915262957019e+27,352.6384297310968,0.15615487057962218,64.51234483374458
stage2,6543,42,0.55,74014,27,"{""atr_period"": 14, ""horizon_h"": 6, ""ma_windows"": [6, 18, 72], ""mtf_intervals"": [""4h"", ""1d""], ""ret_windows"": [1, 6, 12, 24, 48], ""rsi_period"": 7, ""target_threshold"": 0.0025, ""vol_windows"": [24, 72]}","{""colsample_bytree"": 0.7, ""gamma"": 0.0, ""learning_rate"": 0.03, ""max_depth"": 5, ""min_child_weight"": 5, ""n_estimators"": 250, ""subsample"": 1.0}",4,6132,0.744781474233529,0.010071706146916604,2.8645393395064914e+26,352.6384297310968,0.12000410582423138,61.13601674173103
stage2,6543,42,0.58,74014,27,"{""atr_period"": 14, ""horizon_h"": 6, ""ma_windows"": [6, 18, 72], ""mtf_intervals"": [""4h"", ""1d""], ""ret_windows"": [1, 6, 12, 24, 48], ""rsi_period"": 7, ""target_threshold"": 0.0025, ""vol_windows"": [24, 72]}","{""colsample_bytree"": 0.7, ""gamma"": 0.0, ""learning_rate"": 0.03, ""max_depth"": 5, ""min_child_weight"": 5, ""n_estimators"": 250, ""subsample"": 1.0}",4,5342,0.763010108573568,0.01089125537598121,8.333767224050737e+24,352.6384297310968,0.07633729846805726,57.64172731422051
stage2,6543,42,0.6,74014,27,"{""atr_period"": 14, ""horizon_h"": 6, ""ma_windows"": [6, 18, 72], ""mtf_intervals"": [""4h"", ""1d""], ""ret_windows"": [1, 6, 12, 24, 48], ""rsi_period"": 7, ""target_threshold"": 0.0025, ""vol_windows"": [24, 72]}","{""colsample_bytree"": 0.7, ""gamma"": 0.0, ""learning_rate"": 0.03, ""max_depth"": 5, ""min_child_weight"": 5, ""n_estimators"": 250, ""subsample"": 1.0}",4,4857,0.7749639695285155,0.01149801445927761,8.291518306553138e+23,352.6384297310968,0.07884120533897354,55.347224929030055
stage2,6543,42,0.62,74014,27,"{""atr_period"": 14, ""horizon_h"": 6, ""ma_windows"": [6, 18, 72], ""mtf_intervals"": [""4h"", ""1d""], ""ret_windows"": [1, 6, 12, 24, 48], ""rsi_period"": 7, ""target_threshold"": 0.0025, ""vol_windows"": [24, 72]}","{""colsample_bytree"": 0.7, ""gamma"": 0.0, ""learning_rate"": 0.03, ""max_depth"": 5, ""min_child_weight"": 5, ""n_estimators"": 250, ""subsample"": 1.0}",4,4377,0.7916381082933516,0.012203529222171118,7.514738274747555e+22,352.6384297310968,0.0757326129647169,52.966810655350926
stage2,6543,42,0.65,74014,27,"{""atr_period"": 14, ""horizon_h"": 6, ""ma_windows"": [6, 18, 72], ""mtf_intervals"": [""4h"", ""1d""], ""ret_windows"": [1, 6, 12, 24, 48], ""rsi_period"": 7, ""target_threshold"": 0.0025, ""vol_windows"": [24, 72]}","{""colsample_bytree"": 0.7, ""gamma"": 0.0, ""learning_rate"": 0.03, ""max_depth"": 5, ""min_child_weight"": 5, ""n_estimators"": 250, ""subsample"": 1.0}",4,3713,0.8206302181524374,0.01337072650764266,1.805406729726429e+21,352.6384297310968,0.07092643614738758,49.27307962281357
stage2,6543,44,0.52,74014,27,"{""atr_period"": 14, ""horizon_h"": 6, ""ma_windows"": [6, 18, 72], ""mtf_intervals"": [""4h"", ""1d""], ""ret_windows"": [1, 6, 12, 24, 48], ""rsi_period"": 7, ""target_threshold"": 0.0025, ""vol_windows"": [24, 72]}","{""colsample_bytree"": 1.0, ""gamma"": 0.0, ""learning_rate"": 0.03, ""max_depth"": 5, ""min_child_weight"": 1, ""n_estimators"": 250, ""subsample"": 1.0}",4,7025,0.7234163701067615,0.009329448047581118,1.196769234501648e+28,352.6384297310968,0.15615487057962207,64.82729947045131
stage2,6543,44,0.55,74014,27,"{""atr_period"": 14, ""horizon_h"": 6, ""ma_windows"": [6, 18, 72], ""mtf_intervals"": [""4h"", ""1d""], ""ret_windows"": [1, 6, 12, 24, 48], ""rsi_period"": 7, ""target_threshold"": 0.0025, ""vol_windows"": [24, 72]}","{""colsample_bytree"": 1.0, ""gamma"": 0.0, ""learning_rate"": 0.03, ""max_depth"": 5, ""min_child_weight"": 1, ""n_estimators"": 250, ""subsample"": 1.0}",4,6158,0.7465086066904839,0.010113053241655413,4.776118604113206e+26,352.6384297310968,0.0935490503228571,61.66217741310838
stage2,6543,44,0.58,74014,27,"{""atr_period"": 14, ""horizon_h"": 6, ""ma_windows"": [6, 18, 72], ""mtf_intervals"": [""4h"", ""1d""], ""ret_windows"": [1, 6, 12, 24, 48], ""rsi_period"": 7, ""target_threshold"": 0.0025, ""vol_windows"": [24, 72]}","{""colsample_bytree"": 1.0, ""gamma"": 0.0, ""learning_rate"": 0.03, ""max_depth"": 5, ""min_child_weight"": 1, ""n_estimators"": 250, ""subsample"": 1.0}",4,5387,0.7700018563207722,0.01093149670036097,1.685840467028081e+25,352.6384297310968,0.07884120533897343,58.35092441377784
stage2,6543,44,0.6,74014,27,"{""atr_period"": 14, ""horizon_h"": 6, ""ma_windows"": [6, 18, 72], ""mtf_intervals"": [""4h"", ""1d""], ""ret_windows"": [1, 6, 12, 24, 48], ""rsi_period"": 7, ""target_threshold"": 0.0025, ""vol_windows"": [24, 72]}","{""colsample_bytree"": 1.0, ""gamma"": 0.0, ""learning_rate"": 0.03, ""max_depth"": 5, ""min_child_weight"": 1, ""n_estimators"": 250, ""subsample"": 1.0}",4,4894,0.7823865958316306,0.011568257480926217,1.7837504681297384e+24,352.6384297310968,0.07884120533897332,56.11979511795054
stage2,6543,44,0.62,74014,27,"{""atr_period"": 14, ""horizon_h"": 6, ""ma_windows"": [6, 18, 72], ""mtf_intervals"": [""4h"", ""1d""], ""ret_windows"": [1, 6, 12, 24, 48], ""rsi_period"": 7, ""target_threshold"": 0.0025, ""vol_windows"": [24, 72]}","{""colsample_bytree"": 1.0, ""gamma"": 0.0, ""learning_rate"": 0.03, ""max_depth"": 5, ""min_child_weight"": 1, ""n_estimators"": 250, ""subsample"": 1.0}",4,4447,0.7973914998875646,0.01218053706250856,1.585626624084438e+23,352.6384297310968,0.07884120533897365,53.71637370822964
stage2,6543,44,0.65,74014,27,"{""atr_period"": 14, ""horizon_h"": 6, ""ma_windows"": [6, 18, 72], ""mtf_intervals"": [""4h"", ""1d""], ""ret_windows"": [1, 6, 12, 24, 48], ""rsi_period"": 7, ""target_threshold"": 0.0025, ""vol_windows"": [24, 72]}","{""colsample_bytree"": 1.0, ""gamma"": 0.0, ""learning_rate"": 0.03, ""max_depth"": 5, ""min_child_weight"": 1, ""n_estimators"": 250, ""subsample"": 1.0}",4,3761,0.8223876628556235,0.013267202807416497,2.324238623941331e+21,352.6384297310968,0.0757326129647169,49.52386091097095
stage2,6543,23,0.52,74014,27,"{""atr_period"": 14, ""horizon_h"": 6, ""ma_windows"": [6, 18, 72], ""mtf_intervals"": [""4h"", ""1d""], ""ret_windows"": [1, 6, 12, 24, 48], ""rsi_period"": 7, ""target_threshold"": 0.0025, ""vol_windows"": [24, 72]}","{""colsample_bytree"": 1.0, ""gamma"": 0.2, ""learning_rate"": 0.07, ""max_depth"": 3, ""min_child_weight"": 5, ""n_estimators"": 250, ""subsample"": 0.7}",4,6843,0.7198597106532223,0.009321243067937584,2.0818734015581629e+27,352.6384297310968,0.18188126947447625,63.06258275134405
stage2,6543,23,0.55,74014,27,"{""atr_period"": 14, ""horizon_h"": 6, ""ma_windows"": [6, 18, 72], ""mtf_intervals"": [""4h"", ""1d""], ""ret_windows"": [1, 6, 12, 24, 48], ""rsi_period"": 7, ""target_threshold"": 0.0025, ""vol_windows"": [24, 72]}","{""colsample_bytree"": 1.0, ""gamma"": 0.2, ""learning_rate"": 0.07, ""max_depth"": 3, ""min_child_weight"": 5, ""n_estimators"": 250, ""subsample"": 0.7}",4,5921,0.7410910319202837,0.01018380555776747,6.721166289945351e+25,352.6384297310968,0.10950172033033989,59.68948142921185
stage2,6543,23,0.58,74014,27,"{""atr_period"": 14, ""horizon_h"": 6, ""ma_windows"": [6, 18, 72], ""mtf_intervals"": [""4h"", ""1d""], ""ret_windows"": [1, 6, 12, 24, 48], ""rsi_period"": 7, ""target_threshold"": 0.0025, ""vol_windows"": [24, 72]}","{""colsample_bytree"": 1.0, ""gamma"": 0.2, ""learning_rate"": 0.07, ""max_depth"": 3, ""min_child_weight"": 5, ""n_estimators"": 250, ""subsample"": 0.7}",4,5161,0.762061615965898,0.010996251184275573,2.014549337837655e+24,352.6384297310968,0.0935490503228571,56.21328252564844
stage2,6543,23,0.6,74014,27,"{""atr_period"": 14, ""horizon_h"": 6, ""ma_windows"": [6, 18, 72], ""mtf_intervals"": [""4h"", ""1d""], ""ret_windows"": [1, 6, 12, 24, 48], ""rsi_period"": 7, ""target_threshold"": 0.0025, ""vol_windows"": [24, 72]}","{""colsample_bytree"": 1.0, ""gamma"": 0.2, ""learning_rate"": 0.07, ""max_depth"": 3, ""min_child_weight"": 5, ""n_estimators"": 250, ""subsample"": 0.7}",4,4690,0.7784648187633262,0.01160535884795459,2.043357248761362e+23,352.6384297310968,0.0757326129647169,53.95179972351116
stage2,6543,23,0.62,74014,27,"{""atr_period"": 14, ""horizon_h"": 6, ""ma_windows"": [6, 18, 72], ""mtf_intervals"": [""4h"", ""1d""], ""ret_windows"": [1, 6, 12, 24, 48], ""rsi_period"": 7, ""target_threshold"": 0.0025, ""vol_windows"": [24, 72]}","{""colsample_bytree"": 1.0, ""gamma"": 0.2, ""learning_rate"": 0.07, ""max_depth"": 3, ""min_child_weight"": 5, ""n_estimators"": 250, ""subsample"": 0.7}",4,4244,0.7924128180961357,0.01220257150197309,1.504711142137844e+22,352.6384297310968,0.07123508808221302,51.36140627596578
stage2,6543,23,0.65,74014,27,"{""atr_period"": 14, ""horizon_h"": 6, ""ma_windows"": [6, 18, 72], ""mtf_intervals"": [""4h"", ""1d""], ""ret_windows"": [1, 6, 12, 24, 48], ""rsi_period"": 7, ""target_threshold"": 0.0025, ""vol_windows"": [24, 72]}","{""colsample_bytree"": 1.0, ""gamma"": 0.2, ""learning_rate"": 0.07, ""max_depth"": 3, ""min_child_weight"": 5, ""n_estimators"": 250, ""subsample"": 0.7}",4,3552,0.8122184684684685,0.013247145559517627,1.39289491327044e+20,352.6384297310968,0.07092643614738758,46.70337483386472
stage2,4563,51,0.52,74014,27,"{""atr_period"": 7, ""horizon_h"": 6, ""ma_windows"": [6, 18, 72], ""mtf_intervals"": [""4h"", ""1d""], ""ret_windows"": [1, 2, 4, 8, 24], ""rsi_period"": 7, ""target_threshold"": 0.0025, ""vol_windows"": [12, 48]}","{""colsample_bytree"": 0.7, ""gamma"": 0.2, ""learning_rate"": 0.07, ""max_depth"": 5, ""min_child_weight"": 5, ""n_estimators"": 250, ""subsample"": 0.7}",4,7415,0.7116655428186109,0.008859335837600095,1.3944923796216047e+28,352.6384297310968,0.18188126947447614,64.95417955352673
stage2,4563,51,0.55,74014,27,"{""atr_period"": 7, ""horizon_h"": 6, ""ma_windows"": [6, 18, 72], ""mtf_intervals"": [""4h"", ""1d""], ""ret_windows"": [1, 2, 4, 8, 24], ""rsi_period"": 7, ""target_threshold"": 0.0025, ""vol_windows"": [12, 48]}","{""colsample_bytree"": 0.7, ""gamma"": 0.2, ""learning_rate"": 0.07, ""max_depth"": 5, ""min_child_weight"": 5, ""n_estimators"": 250, ""subsample"": 0.7}",4,6621,0.7325177465639632,0.009558672108054101,1.3071116599023384e+27,352.6384297310968,0.15160065619171703,62.62430062006489
stage2,4563,51,0.58,74014,27,"{""atr_period"": 7, ""horizon_h"": 6, ""ma_windows"": [6, 18, 72], ""mtf_intervals"": [""4h"", ""1d""], ""ret_windows"": [1, 2, 4, 8, 24], ""rsi_period"": 7, ""target_threshold"": 0.0025, ""vol_windows"": [12, 48]}","{""colsample_bytree"": 0.7, ""gamma"": 0.2, ""learning_rate"": 0.07, ""max_depth"": 5, ""min_child_weight"": 5, ""n_estimators"": 250, ""subsample"": 0.7}",4,5869,0.7519168512523429,0.010299433770337074,7.869814911177855e+25,352.6384297310968,0.15010574359838624,59.83653794809454
stage2,4563,51,0.6,74014,27,"{""atr_period"": 7, ""horizon_h"": 6, ""ma_windows"": [6, 18, 72], ""mtf_intervals"": [""4h"", ""1d""], ""ret_windows"": [1, 2, 4, 8, 24], ""rsi_period"": 7, ""target_threshold"": 0.0025, ""vol_windows"": [12, 48]}","{""colsample_bytree"": 0.7, ""gamma"": 0.2, ""learning_rate"": 0.07, ""max_depth"": 5, ""min_child_weight"": 5, ""n_estimators"": 250, ""subsample"": 0.7}",4,5402,0.7663828211773417,0.010818091707577753,1.081361957378829e+25,352.6384297310968,0.09602929724673992,57.89448498513047
stage2,4563,51,0.62,74014,27,"{""atr_period"": 7, ""horizon_h"": 6, ""ma_windows"": [6, 18, 72], ""mtf_intervals"": [""4h"", ""1d""], ""ret_windows"": [1, 2, 4, 8, 24], ""rsi_period"": 7, ""target_threshold"": 0.0025, ""vol_windows"": [12, 48]}","{""colsample_bytree"": 0.7, ""gamma"": 0.2, ""learning_rate"": 0.07, ""max_depth"": 5, ""min_child_weight"": 5, ""n_estimators"": 250, ""subsample"": 0.7}",4,4926,0.7791311408850995,0.011358124696111888,9.240399360176612e+23,352.6384297310968,0.07513307193929752,55.45964561868831
stage2,4563,51,0.65,74014,27,"{""atr_period"": 7, ""horizon_h"": 6, ""ma_windows"": [6, 18, 72], ""mtf_intervals"": [""4h"", ""1d""], ""ret_windows"": [1, 2, 4, 8, 24], ""rsi_period"": 7, ""target_threshold"": 0.0025, ""vol_windows"": [12, 48]}","{""colsample_bytree"": 0.7, ""gamma"": 0.2, ""learning_rate"": 0.07, ""max_depth"": 5, ""min_child_weight"": 5, ""n_estimators"": 250, ""subsample"": 0.7}",4,4272,0.7982209737827716,0.012200928354997396,2.104442629860347e+22,352.6384297310968,0.07470976891539172,51.699752015436076
stage2,4563,58,0.52,74014,27,"{""atr_period"": 7, ""horizon_h"": 6, ""ma_windows"": [6, 18, 72], ""mtf_intervals"": [""4h"", ""1d""], ""ret_windows"": [1, 2, 4, 8, 24], ""rsi_period"": 7, ""target_threshold"": 0.0025, ""vol_windows"": [12, 48]}","{""colsample_bytree"": 0.7, ""gamma"": 0.0, ""learning_rate"": 0.07, ""max_depth"": 5, ""min_child_weight"": 5, ""n_estimators"": 250, ""subsample"": 1.0}",4,7362,0.715158924205379,0.008940302617900023,1.5772931099601633e+28,352.6384297310968,0.18188126947447592,65.08080168565586
stage2,4563,58,0.55,74014,27,"{""atr_period"": 7, ""horizon_h"": 6, ""ma_windows"": [6, 18, 72], ""mtf_intervals"": [""4h"", ""1d""], ""ret_windows"": [1, 2, 4, 8, 24], ""rsi_period"": 7, ""target_threshold"": 0.0025, ""vol_windows"": [12, 48]}","{""colsample_bytree"": 0.7, ""gamma"": 0.0, ""learning_rate"": 0.07, ""max_depth"": 5, ""min_child_weight"": 5, ""n_estimators"": 250, ""subsample"": 1.0}",4,6541,0.7379605564898334,0.009641485938975493,1.0433101858306334e+27,352.6384297310968,0.17746589991948047,62.390963423116176
stage2,4563,58,0.58,74014,27,"{""atr_period"": 7, ""horizon_h"": 6, ""ma_windows"": [6, 18, 72], ""mtf_intervals"": [""4h"", ""1d""], ""ret_windows"": [1, 2, 4, 8, 24], ""rsi_period"": 7, ""target_threshold"": 0.0025, ""vol_windows"": [12, 48]}","{""colsample_bytree"": 0.7, ""gamma"": 0.0, ""learning_rate"": 0.07, ""max_depth"": 5, ""min_child_weight"": 5, ""n_estimators"": 250, ""subsample"": 1.0}",4,5823,0.7575133092907436,0.010374463016798159,7.622952163235255e+25,352.6384297310968,0.11473179910851683,59.82743149453026
stage2,4563,58,0.6,74014,27,"{""atr_period"": 7, ""horizon_h"": 6, ""ma_windows"": [6, 18, 72], ""mtf_intervals"": [""4h"", ""1d""], ""ret_windows"": [1, 2, 4, 8, 24], ""rsi_period"": 7, ""target_threshold"": 0.0025, ""vol_windows"": [12, 48]}","{""colsample_bytree"": 0.7, ""gamma"": 0.0, ""learning_rate"": 0.07, ""max_depth"": 5, ""min_child_weight"": 5, ""n_estimators"": 250, ""subsample"": 1.0}",4,5369,0.7727696032780779,0.010923990293244503,1.3390734710440774e+25,352.6384297310968,0.10291919354612333,58.11075326833542
stage2,4563,58,0.62,74014,27,"{""atr_period"": 7, ""horizon_h"": 6, ""ma_windows"": [6, 18, 72], ""mtf_intervals"": [""4h"", ""1d""], ""ret_windows"": [1, 2, 4, 8, 24], ""rsi_period"": 7, ""target_threshold"": 0.0025, ""vol_windows"": [12, 48]}","{""colsample_bytree"": 0.7, ""gamma"": 0.0, ""learning_rate"": 0.07, ""max_depth"": 5, ""min_child_weight"": 5, ""n_estimators"": 250, ""subsample"": 1.0}",4,4894,0.7885165508786269,0.01152931863856601,1.4863260403285795e+24,352.6384297310968,0.0864918152021441,55.93815144432391
stage2,4563,58,0.65,74014,27,"{""atr_period"": 7, ""horizon_h"": 6, ""ma_windows"": [6, 18, 72], ""mtf_intervals"": [""4h"", ""1d""], ""ret_windows"": [1, 2, 4, 8, 24], ""rsi_period"": 7, ""target_threshold"": 0.0025, ""vol_windows"": [12, 48]}","{""colsample_bytree"": 0.7, ""gamma"": 0.0, ""learning_rate"": 0.07, ""max_depth"": 5, ""min_child_weight"": 5, ""n_estimators"": 250, ""subsample"": 1.0}",4,4282,0.8003269500233535,0.01233488025352025,4.177819426482227e+22,352.6384297310968,0.0864918152021441,52.382356182429504
stage2,4563,50,0.52,74014,27,"{""atr_period"": 7, ""horizon_h"": 6, ""ma_windows"": [6, 18, 72], ""mtf_intervals"": [""4h"", ""1d""], ""ret_windows"": [1, 2, 4, 8, 24], ""rsi_period"": 7, ""target_threshold"": 0.0025, ""vol_windows"": [12, 48]}","{""colsample_bytree"": 0.7, ""gamma"": 0.0, ""learning_rate"": 0.07, ""max_depth"": 5, ""min_child_weight"": 5, ""n_estimators"": 250, ""subsample"": 0.7}",4,7438,0.7121538047862329,0.008870026068581878,1.8403371059041237e+28,352.6384297310968,0.18188126947447614,65.23207398604423
stage2,4563,50,0.55,74014,27,"{""atr_period"": 7, ""horizon_h"": 6, ""ma_windows"": [6, 18, 72], ""mtf_intervals"": [""4h"", ""1d""], ""ret_windows"": [1, 2, 4, 8, 24], ""rsi_period"": 7, ""target_threshold"": 0.0025, ""vol_windows"": [12, 48]}","{""colsample_bytree"": 0.7, ""gamma"": 0.0, ""learning_rate"": 0.07, ""max_depth"": 5, ""min_child_weight"": 5, ""n_estimators"": 250, ""subsample"": 0.7}",4,6610,0.7299546142208775,0.009557778833810714,1.1661404799437967e+27,352.6384297310968,0.11428192213892674,62.526782032714344
stage2,4563,50,0.58,74014,27,"{""atr_period"": 7, ""horizon_h"": 6, ""ma_windows"": [6, 18, 72], ""mtf_intervals"": [""4h"", ""1d""], ""ret_windows"": [1, 2, 4, 8, 24], ""rsi_period"": 7, ""target_threshold"": 0.0025, ""vol_windows"": [12, 48]}","{""colsample_bytree"": 0.7, ""gamma"": 0.0, ""learning_rate"": 0.07, ""max_depth"": 5, ""min_child_weight"": 5, ""n_estimators"": 250, ""subsample"": 0.7}",4,5857,0.7479938535086221,0.0102801629853527,6.206602613425643e+25,352.6384297310968,0.09220607331092201,59.62477433794191
stage2,4563,50,0.6,74014,27,"{""atr_period"": 7, ""horizon_h"": 6, ""ma_windows"": [6, 18, 72], ""mtf_intervals"": [""4h"", ""1d""], ""ret_windows"": [1, 2, 4, 8, 24], ""rsi_period"": 7, ""target_threshold"": 0.0025, ""vol_windows"": [12, 48]}","{""colsample_bytree"": 0.7, ""gamma"": 0.0, ""learning_rate"": 0.07, ""max_depth"": 5, ""min_child_weight"": 5, ""n_estimators"": 250, ""subsample"": 0.7}",4,5401,0.7620810960933161,0.010772360463401093,8.392699036266432e+24,352.6384297310968,0.07513307193929741,57.64768162202874
stage2,4563,50,0.62,74014,27,"{""atr_period"": 7, ""horizon_h"": 6, ""ma_windows"": [6, 18, 72], ""mtf_intervals"": [""4h"", ""1d""], ""ret_windows"": [1, 2, 4, 8, 24], ""rsi_period"": 7, ""target_threshold"": 0.0025, ""vol_windows"": [12, 48]}","{""colsample_bytree"": 0.7, ""gamma"": 0.0, ""learning_rate"": 0.07, ""max_depth"": 5, ""min_child_weight"": 5, ""n_estimators"": 250, ""subsample"": 0.7}",4,4918,0.7793818625457503,0.011404114299172256,1.0555651464074543e+24,352.6384297310968,0.07513307193929752,55.59329040761665
stage2,4563,50,0.65,74014,27,"{""atr_period"": 7, ""horizon_h"": 6, ""ma_windows"": [6, 18, 72], ""mtf_intervals"": [""4h"", ""1d""], ""ret_windows"": [1, 2, 4, 8, 24], ""rsi_period"": 7, ""target_threshold"": 0.0025, ""vol_windows"": [12, 48]}","{""colsample_bytree"": 0.7, ""gamma"": 0.0, ""learning_rate"": 0.07, ""max_depth"": 5, ""min_child_weight"": 5, ""n_estimators"": 250, ""subsample"": 0.7}",4,4276,0.7986435921421889,0.012247306279011244,2.6718803451973164e+22,352.6384297310968,0.0747097689153916,51.93919295903982
stage2,4563,48,0.52,74014,27,"{""atr_period"": 7, ""horizon_h"": 6, ""ma_windows"": [6, 18, 72], ""mtf_intervals"": [""4h"", ""1d""], ""ret_windows"": [1, 2, 4, 8, 24], ""rsi_period"": 7, ""target_threshold"": 0.0025, ""vol_windows"": [12, 48]}","{""colsample_bytree"": 0.7, ""gamma"": 0.0, ""learning_rate"": 0.07, ""max_depth"": 5, ""min_child_weight"": 1, ""n_estimators"": 250, ""subsample"": 0.7}",4,7464,0.7120846730975349,0.008885677159618764,2.608230946326198e+28,352.6384297310968,0.1561548705796223,65.59373051748145
stage2,4563,48,0.55,74014,27,"{""atr_period"": 7, ""horizon_h"": 6, ""ma_windows"": [6, 18, 72], ""mtf_intervals"": [""4h"", ""1d""], ""ret_windows"": [1, 2, 4, 8, 24], ""rsi_period"": 7, ""target_threshold"": 0.0025, ""vol_windows"": [12, 48]}","{""colsample_bytree"": 0.7, ""gamma"": 0.0, ""learning_rate"": 0.07, ""max_depth"": 5, ""min_child_weight"": 1, ""n_estimators"": 250, ""subsample"": 0.7}",4,6621,0.732819815737804,0.009604007450786066,1.7642963972418054e+27,352.6384297310968,0.10045144072128032,62.950411671792274
stage2,4563,48,0.58,74014,27,"{""atr_period"": 7, ""horizon_h"": 6, ""ma_windows"": [6, 18, 72], ""mtf_intervals"": [""4h"", ""1d""], ""ret_windows"": [1, 2, 4, 8, 24], ""rsi_period"": 7, ""target_threshold"": 0.0025, ""vol_windows"": [12, 48]}","{""colsample_bytree"": 0.7, ""gamma"": 0.0, ""learning_rate"": 0.07, ""max_depth"": 5, ""min_child_weight"": 1, ""n_estimators"": 250, ""subsample"": 0.7}",4,5873,0.752256087178614,0.010304028168518069,8.43975933072062e+25,352.6384297310968,0.10093666118409916,59.93134988223397
stage2,4563,48,0.6,74014,27,"{""atr_period"": 7, ""horizon_h"": 6, ""ma_windows"": [6, 18, 72], ""mtf_intervals"": [""4h"", ""1d""], ""ret_windows"": [1, 2, 4, 8, 24], ""rsi_period"": 7, ""target_threshold"": 0.0025, ""vol_windows"": [12, 48]}","{""colsample_bytree"": 0.7, ""gamma"": 0.0, ""learning_rate"": 0.07, ""max_depth"": 5, ""min_child_weight"": 1, ""n_estimators"": 250, ""subsample"": 0.7}",4,5410,0.765988909426987,0.010797166190467385,1.0560694108872793e+25,352.6384297310968,0.08689383132304074,57.8749027793858
stage2,4563,48,0.62,74014,27,"{""atr_period"": 7, ""horizon_h"": 6, ""ma_windows"": [6, 18, 72], ""mtf_intervals"": [""4h"", ""1d""], ""ret_windows"": [1, 2, 4, 8, 24], ""rsi_period"": 7, ""target_threshold"": 0.0025, ""vol_windows"": [12, 48]}","{""colsample_bytree"": 0.7, ""gamma"": 0.0, ""learning_rate"": 0.07, ""max_depth"": 5, ""min_child_weight"": 1, ""n_estimators"": 250, ""subsample"": 0.7}",4,4955,0.7802219979818366,0.011364109281598504,1.3218395499282268e+24,352.6384297310968,0.08649181520214388,55.812911161765975
stage2,4563,48,0.65,74014,27,"{""atr_period"": 7, ""horizon_h"": 6, ""ma_windows"": [6, 18, 72], ""mtf_intervals"": [""4h"", ""1d""], ""ret_windows"": [1, 2, 4, 8, 24], ""rsi_period"": 7, ""target_threshold"": 0.0025, ""vol_windows"": [12, 48]}","{""colsample_bytree"": 0.7, ""gamma"": 0.0, ""learning_rate"": 0.07, ""max_depth"": 5, ""min_child_weight"": 1, ""n_estimators"": 250, ""subsample"": 0.7}",4,4315,0.8020857473928158,0.012223733945499693,3.907919952131369e+22,352.6384297310968,0.0747097689153916,52.321980881782366
stage2,4563,57,0.52,74014,27,"{""atr_period"": 7, ""horizon_h"": 6, ""ma_windows"": [6, 18, 72], ""mtf_intervals"": [""4h"", ""1d""], ""ret_windows"": [1, 2, 4, 8, 24], ""rsi_period"": 7, ""target_threshold"": 0.0025, ""vol_windows"": [12, 48]}","{""colsample_bytree"": 0.7, ""gamma"": 0.2, ""learning_rate"": 0.07, ""max_depth"": 5, ""min_child_weight"": 1, ""n_estimators"": 250, ""subsample"": 1.0}",4,7355,0.7125764785859959,0.008913300919996595,1.2101892938084049e+28,352.6384297310968,0.18188126947447636,64.81358634786179
stage2,4563,57,0.55,74014,27,"{""atr_period"": 7, ""horizon_h"": 6, ""ma_windows"": [6, 18, 72], ""mtf_intervals"": [""4h"", ""1d""], ""ret_windows"": [1, 2, 4, 8, 24], ""rsi_period"": 7, ""target_threshold"": 0.0025, ""vol_windows"": [12, 48]}","{""colsample_bytree"": 0.7, ""gamma"": 0.2, ""learning_rate"": 0.07, ""max_depth"": 5, ""min_child_weight"": 1, ""n_estimators"": 250, ""subsample"": 1.0}",4,6538,0.7321810951361273,0.009630624203315251,9.367877237334595e+26,352.6384297310968,0.17096467509418334,62.28180647177409
stage2,4563,57,0.58,74014,27,"{""atr_period"": 7, ""horizon_h"": 6, ""ma_windows"": [6, 18, 72], ""mtf_intervals"": [""4h"", ""1d""], ""ret_windows"": [1, 2, 4, 8, 24], ""rsi_period"": 7, ""target_threshold"": 0.0025, ""vol_windows"": [12, 48]}","{""colsample_bytree"": 0.7, ""gamma"": 0.2, ""learning_rate"": 0.07, ""max_depth"": 5, ""min_child_weight"": 1, ""n_estimators"": 250, ""subsample"": 1.0}",4,5800,0.7548275862068966,0.010377021350992572,6.066026604870766e+25,352.6384297310968,0.12829333359799966,59.5900626929826
stage2,4563,57,0.6,74014,27,"{""atr_period"": 7, ""horizon_h"": 6, ""ma_windows"": [6, 18, 72], ""mtf_intervals"": [""4h"", ""1d""], ""ret_windows"": [1, 2, 4, 8, 24], ""rsi_period"": 7, ""target_threshold"": 0.0025, ""vol_windows"": [12, 48]}","{""colsample_bytree"": 0.7, ""gamma"": 0.2, ""learning_rate"": 0.07, ""max_depth"": 5, ""min_child_weight"": 1, ""n_estimators"": 250, ""subsample"": 1.0}",4,5328,0.7672672672672672,0.010902732460853184,7.645622476822922e+24,352.6384297310968,0.1256789786432767,57.534371674839285
stage2,4563,57,0.62,74014,27,"{""atr_period"": 7, ""horizon_h"": 6, ""ma_windows"": [6, 18, 72], ""mtf_intervals"": [""4h"", ""1d""], ""ret_windows"": [1, 2, 4, 8, 24], ""rsi_period"": 7, ""target_threshold"": 0.0025, ""vol_windows"": [12, 48]}","{""colsample_bytree"": 0.7, ""gamma"": 0.2, ""learning_rate"": 0.07, ""max_depth"": 5, ""min_child_weight"": 1, ""n_estimators"": 250, ""subsample"": 1.0}",4,4888,0.7829378068739771,0.011491962797282616,1.157514446820123e+24,352.6384297310968,0.07967673419435795,55.686764800591824
stage2,4563,57,0.65,74014,27,"{""atr_period"": 7, ""horizon_h"": 6, ""ma_windows"": [6, 18, 72], ""mtf_intervals"": [""4h"", ""1d""], ""ret_windows"": [1, 2, 4, 8, 24], ""rsi_period"": 7, ""target_threshold"": 0.0025, ""vol_windows"": [12, 48]}","{""colsample_bytree"": 0.7, ""gamma"": 0.2, ""learning_rate"": 0.07, ""max_depth"": 5, ""min_child_weight"": 1, ""n_estimators"": 250, ""subsample"": 1.0}",4,4247,0.7991523428302331,0.012390427741552013,3.4521158032607337e+22,352.6384297310968,0.06507822986420708,52.20176554650717
stage2,4563,61,0.52,74014,27,"{""atr_period"": 7, ""horizon_h"": 6, ""ma_windows"": [6, 18, 72], ""mtf_intervals"": [""4h"", ""1d""], ""ret_windows"": [1, 2, 4, 8, 24], ""rsi_period"": 7, ""target_threshold"": 0.0025, ""vol_windows"": [12, 48]}","{""colsample_bytree"": 1.0, ""gamma"": 0.2, ""learning_rate"": 0.07, ""max_depth"": 5, ""min_child_weight"": 1, ""n_estimators"": 250, ""subsample"": 1.0}",4,7403,0.7113332432797514,0.008874447798309652,1.3927403546954944e+28,352.6384297310968,0.1609085116829314,64.96326380953018
stage2,4563,61,0.55,74014,27,"{""atr_period"": 7, ""horizon_h"": 6, ""ma_windows"": [6, 18, 72], ""mtf_intervals"": [""4h"", ""1d""], ""ret_windows"": [1, 2, 4, 8, 24], ""rsi_period"": 7, ""target_threshold"": 0.0025, ""vol_windows"": [12, 48]}","{""colsample_bytree"": 1.0, ""gamma"": 0.2, ""learning_rate"": 0.07, ""max_depth"": 5, ""min_child_weight"": 1, ""n_estimators"": 250, ""subsample"": 1.0}",4,6573,0.7337593184238551,0.009618462197312279,1.2214278018645821e+27,352.6384297310968,0.09735338350097467,62.58509647524709
stage2,4563,61,0.58,74014,27,"{""atr_period"": 7, ""horizon_h"": 6, ""ma_windows"": [6, 18, 72], ""mtf_intervals"": [""4h"", ""1d""], ""ret_windows"": [1, 2, 4, 8, 24], ""rsi_period"": 7, ""target_threshold"": 0.0025, ""vol_windows"": [12, 48]}","{""colsample_bytree"": 1.0, ""gamma"": 0.2, ""learning_rate"": 0.07, ""max_depth"": 5, ""min_child_weight"": 1, ""n_estimators"": 250, ""subsample"": 1.0}",4,5832,0.7558299039780522,0.010379304347092517,8.567663617615814e+25,352.6384297310968,0.08993571436930115,59.955352897684804
stage2,4563,61,0.6,74014,27,"{""atr_period"": 7, ""horizon_h"": 6, ""ma_windows"": [6, 18, 72], ""mtf_intervals"": [""4h"", ""1d""], ""ret_windows"": [1, 2, 4, 8, 24], ""rsi_period"": 7, ""target_threshold"": 0.0025, ""vol_windows"": [12, 48]}","{""colsample_bytree"": 1.0, ""gamma"": 0.2, ""learning_rate"": 0.07, ""max_depth"": 5, ""min_child_weight"": 1, ""n_estimators"": 250, ""subsample"": 1.0}",4,5341,0.7689571241340573,0.01090446405818066,8.896293071356348e+24,352.6384297310968,0.08993571436930092,57.70511046758297
stage2,4563,61,0.62,74014,27,"{""atr_period"": 7, ""horizon_h"": 6, ""ma_windows"": [6, 18, 72], ""mtf_intervals"": [""4h"", ""1d""], ""ret_windows"": [1, 2, 4, 8, 24], ""rsi_period"": 7, ""target_threshold"": 0.0025, ""vol_windows"": [12, 48]}","{""colsample_bytree"": 1.0, ""gamma"": 0.2, ""learning_rate"": 0.07, ""max_depth"": 5, ""min_child_weight"": 1, ""n_estimators"": 250, ""subsample"": 1.0}",4,4909,0.7822367080871868,0.011425528583294339,1.0591276482327895e+24,352.6384297310968,0.08993571436930092,55.59171356573874
stage2,4563,61,0.65,74014,27,"{""atr_period"": 7, ""horizon_h"": 6, ""ma_windows"": [6, 18, 72], ""mtf_intervals"": [""4h"", ""1d""], ""ret_windows"": [1, 2, 4, 8, 24], ""rsi_period"": 7, ""target_threshold"": 0.0025, ""vol_windows"": [12, 48]}","{""colsample_bytree"": 1.0, ""gamma"": 0.2, ""learning_rate"": 0.07, ""max_depth"": 5, ""min_child_weight"": 1, ""n_estimators"": 250, ""subsample"": 1.0}",4,4260,0.8025821596244131,0.012378278815410686,3.83223559424592e+22,352.6384297310968,0.0650782298642073,52.30887322813158
stage2,4563,38,0.52,74014,27,"{""atr_period"": 7, ""horizon_h"": 6, ""ma_windows"": [6, 18, 72], ""mtf_intervals"": [""4h"", ""1d""], ""ret_windows"": [1, 2, 4, 8, 24], ""rsi_period"": 7, ""target_threshold"": 0.0025, ""vol_windows"": [12, 48]}","{""colsample_bytree"": 1.0, ""gamma"": 0.0, ""learning_rate"": 0.03, ""max_depth"": 5, ""min_child_weight"": 5, ""n_estimators"": 250, ""subsample"": 0.7}",4,7028,0.7242458736482641,0.009220487189984165,5.792645386895908e+27,352.6384297310968,0.18188126947447636,64.0886065487119
stage2,4563,38,0.55,74014,27,"{""atr_period"": 7, ""horizon_h"": 6, ""ma_windows"": [6, 18, 72], ""mtf_intervals"": [""4h"", ""1d""], ""ret_windows"": [1, 2, 4, 8, 24], ""rsi_period"": 7, ""target_threshold"": 0.0025, ""vol_windows"": [12, 48]}","{""colsample_bytree"": 1.0, ""gamma"": 0.0, ""learning_rate"": 0.03, ""max_depth"": 5, ""min_child_weight"": 5, ""n_estimators"": 250, ""subsample"": 0.7}",4,6191,0.7465675981263123,0.010040747583920115,4.290846001047977e+26,352.6384297310968,0.15160065619171714,61.525476065461184
stage2,4563,38,0.58,74014,27,"{""atr_period"": 7, ""horizon_h"": 6, ""ma_windows"": [6, 18, 72], ""mtf_intervals"": [""4h"", ""1d""], ""ret_windows"": [1, 2, 4, 8, 24], ""rsi_period"": 7, ""target_threshold"": 0.0025, ""vol_windows"": [12, 48]}","{""colsample_bytree"": 1.0, ""gamma"": 0.0, ""learning_rate"": 0.03, ""max_depth"": 5, ""min_child_weight"": 5, ""n_estimators"": 250, ""subsample"": 0.7}",4,5410,0.7654343807763401,0.010839348420040114,1.3235389287467627e+25,352.6384297310968,0.09220607331092179,58.097895735914044
stage2,4563,38,0.6,74014,27,"{""atr_period"": 7, ""horizon_h"": 6, ""ma_windows"": [6, 18, 72], ""mtf_intervals"": [""4h"", ""1d""], ""ret_windows"": [1, 2, 4, 8, 24], ""rsi_period"": 7, ""target_threshold"": 0.0025, ""vol_windows"": [12, 48]}","{""colsample_bytree"": 1.0, ""gamma"": 0.0, ""learning_rate"": 0.03, ""max_depth"": 5, ""min_child_weight"": 5, ""n_estimators"": 250, ""subsample"": 0.7}",4,4938,0.7780477926285946,0.011405980253156055,1.337680966711014e+24,352.6384297310968,0.07513307193929741,55.82909926486492
stage2,4563,38,0.62,74014,27,"{""atr_period"": 7, ""horizon_h"": 6, ""ma_windows"": [6, 18, 72], ""mtf_intervals"": [""4h"", ""1d""], ""ret_windows"": [1, 2, 4, 8, 24], ""rsi_period"": 7, ""target_threshold"": 0.0025, ""vol_windows"": [12, 48]}","{""colsample_bytree"": 1.0, ""gamma"": 0.0, ""learning_rate"": 0.03, ""max_depth"": 5, ""min_child_weight"": 5, ""n_estimators"": 250, ""subsample"": 0.7}",4,4475,0.793072625698324,0.012099290777258081,1.550019062673787e+23,352.6384297310968,0.0747097689153916,53.691621910536824
stage2,4563,38,0.65,74014,27,"{""atr_period"": 7, ""horizon_h"": 6, ""ma_windows"": [6, 18, 72], ""mtf_intervals"": [""4h"", ""1d""], ""ret_windows"": [1, 2, 4, 8, 24], ""rsi_period"": 7, ""target_threshold"": 0.0025, ""vol_windows"": [12, 48]}","{""colsample_bytree"": 1.0, ""gamma"": 0.0, ""learning_rate"": 0.03, ""max_depth"": 5, ""min_child_weight"": 5, ""n_estimators"": 250, ""subsample"": 0.7}",4,3807,0.814026792750197,0.013100368077833394,2.2680479612384688e+21,352.6384297310968,0.07470976891539172,49.49187597981254
stage2,4563,36,0.52,74014,27,"{""atr_period"": 7, ""horizon_h"": 6, ""ma_windows"": [6, 18, 72], ""mtf_intervals"": [""4h"", ""1d""], ""ret_windows"": [1, 2, 4, 8, 24], ""rsi_period"": 7, ""target_threshold"": 0.0025, ""vol_windows"": [12, 48]}","{""colsample_bytree"": 1.0, ""gamma"": 0.0, ""learning_rate"": 0.03, ""max_depth"": 5, ""min_child_weight"": 1, ""n_estimators"": 250, ""subsample"": 0.7}",4,7053,0.7225294201049199,0.009228634521458471,7.704974011707694e+27,352.6384297310968,0.15615487057962207,64.38543878365873
stage2,4563,36,0.55,74014,27,"{""atr_period"": 7, ""horizon_h"": 6, ""ma_windows"": [6, 18, 72], ""mtf_intervals"": [""4h"", ""1d""], ""ret_windows"": [1, 2, 4, 8, 24], ""rsi_period"": 7, ""target_threshold"": 0.0025, ""vol_windows"": [12, 48]}","{""colsample_bytree"": 1.0, ""gamma"": 0.0, ""learning_rate"": 0.03, ""max_depth"": 5, ""min_child_weight"": 1, ""n_estimators"": 250, ""subsample"": 0.7}",4,6172,0.7462734931950745,0.010042427037328808,3.597339828049086e+26,352.6384297310968,0.13159174020414355,61.35896939425858
stage2,4563,36,0.58,74014,27,"{""atr_period"": 7, ""horizon_h"": 6, ""ma_windows"": [6, 18, 72], ""mtf_intervals"": [""4h"", ""1d""], ""ret_windows"": [1, 2, 4, 8, 24], ""rsi_period"": 7, ""target_threshold"": 0.0025, ""vol_windows"": [12, 48]}","{""colsample_bytree"": 1.0, ""gamma"": 0.0, ""learning_rate"": 0.03, ""max_depth"": 5, ""min_child_weight"": 1, ""n_estimators"": 250, ""subsample"": 0.7}",4,5428,0.764554163596168,0.010812106462195471,1.3853692044431523e+25,352.6384297310968,0.13006157112375016,58.123703399583796
stage2,4563,36,0.6,74014,27,"{""atr_period"": 7, ""horizon_h"": 6, ""ma_windows"": [6, 18, 72], ""mtf_intervals"": [""4h"", ""1d""], ""ret_windows"": [1, 2, 4, 8, 24], ""rsi_period"": 7, ""target_threshold"": 0.0025, ""vol_windows"": [12, 48]}","{""colsample_bytree"": 1.0, ""gamma"": 0.0, ""learning_rate"": 0.03, ""max_depth"": 5, ""min_child_weight"": 1, ""n_estimators"": 250, ""subsample"": 0.7}",4,4961,0.7782705099778271,0.011412005937320776,1.7837304432906946e+24,352.6384297310968,0.09220607331092179,56.10855857661386
stage2,4563,36,0.62,74014,27,"{""atr_period"": 7, ""horizon_h"": 6, ""ma_windows"": [6, 18, 72], ""mtf_intervals"": [""4h"", ""1d""], ""ret_windows"": [1, 2, 4, 8, 24], ""rsi_period"": 7, ""target_threshold"": 0.0025, ""vol_windows"": [12, 48]}","{""colsample_bytree"": 1.0, ""gamma"": 0.0, ""learning_rate"": 0.03, ""max_depth"": 5, ""min_child_weight"": 1, ""n_estimators"": 250, ""subsample"": 0.7}",4,4469,0.7927948086820318,0.012097104464486386,1.4318977768643307e+23,352.6384297310968,0.0709264361473877,53.61400728457003
stage2,4563,36,0.65,74014,27,"{""atr_period"": 7, ""horizon_h"": 6, ""ma_windows"": [6, 18, 72], ""mtf_intervals"": [""4h"", ""1d""], ""ret_windows"": [1, 2, 4, 8, 24], ""rsi_period"": 7, ""target_threshold"": 0.0025, ""vol_windows"": [12, 48]}","{""colsample_bytree"": 1.0, ""gamma"": 0.0, ""learning_rate"": 0.03, ""max_depth"": 5, ""min_child_weight"": 1, ""n_estimators"": 250, ""subsample"": 0.7}",4,3807,0.8150774888363541,0.013105510278287377,2.3133081846523646e+21,352.6384297310968,0.0650782298642073,49.51733252584201
stage2,4563,32,0.52,74014,27,"{""atr_period"": 7, ""horizon_h"": 6, ""ma_windows"": [6, 18, 72], ""mtf_intervals"": [""4h"", ""1d""], ""ret_windows"": [1, 2, 4, 8, 24], ""rsi_period"": 7, ""target_threshold"": 0.0025, ""vol_windows"": [12, 48]}","{""colsample_bytree"": 0.7, ""gamma"": 0.0, ""learning_rate"": 0.03, ""max_depth"": 5, ""min_child_weight"": 1, ""n_estimators"": 250, ""subsample"": 0.7}",4,7010,0.7233951497860199,0.009287437734794927,7.795793703310346e+27,352.6384297310968,0.14128490619962597,64.40575499887807
stage2,4563,32,0.55,74014,27,"{""atr_period"": 7, ""horizon_h"": 6, ""ma_windows"": [6, 18, 72], ""mtf_intervals"": [""4h"", ""1d""], ""ret_windows"": [1, 2, 4, 8, 24], ""rsi_period"": 7, ""target_threshold"": 0.0025, ""vol_windows"": [12, 48]}","{""colsample_bytree"": 0.7, ""gamma"": 0.0, ""learning_rate"": 0.03, ""max_depth"": 5, ""min_child_weight"": 1, ""n_estimators"": 250, ""subsample"": 0.7}",4,6174,0.7447359896339488,0.010053849535499355,3.9203611627059e+26,352.6384297310968,0.14128490619962608,61.438973335638224
stage2,4563,32,0.58,74014,27,"{""atr_period"": 7, ""horizon_h"": 6, ""ma_windows"": [6, 18, 72], ""mtf_intervals"": [""4h"", ""1d""], ""ret_windows"": [1, 2, 4, 8, 24], ""rsi_period"": 7, ""target_threshold"": 0.0025, ""vol_windows"": [12, 48]}","{""colsample_bytree"": 0.7, ""gamma"": 0.0, ""learning_rate"": 0.03, ""max_depth"": 5, ""min_child_weight"": 1, ""n_estimators"": 250, ""subsample"": 0.7}",4,5374,0.7640491254186825,0.010865900591595,1.0345277267633547e+25,352.6384297310968,0.10950172033033978,57.84198798968917
stage2,4563,32,0.6,74014,27,"{""atr_period"": 7, ""horizon_h"": 6, ""ma_windows"": [6, 18, 72], ""mtf_intervals"": [""4h"", ""1d""], ""ret_windows"": [1, 2, 4, 8, 24], ""rsi_period"": 7, ""target_threshold"": 0.0025, ""vol_windows"": [12, 48]}","{""colsample_bytree"": 0.7, ""gamma"": 0.0, ""learning_rate"": 0.03, ""max_depth"": 5, ""min_child_weight"": 1, ""n_estimators"": 250, ""subsample"": 0.7}",4,4851,0.7773654916512059,0.011483676848295129,7.258518989933914e+23,352.6384297310968,0.08993571436930092,55.21042690193556
stage2,4563,32,0.62,74014,27,"{""atr_period"": 7, ""horizon_h"": 6, ""ma_windows"": [6, 18, 72], ""mtf_intervals"": [""4h"", ""1d""], ""ret_windows"": [1, 2, 4, 8, 24], ""rsi_period"": 7, ""target_threshold"": 0.0025, ""vol_windows"": [12, 48]}","{""colsample_bytree"": 0.7, ""gamma"": 0.0, ""learning_rate"": 0.03, ""max_depth"": 5, ""min_child_weight"": 1, ""n_estimators"": 250, ""subsample"": 0.7}",4,4415,0.7902604756511892,0.012113075756019305,8.024085420554212e+22,352.6384297310968,0.086491815202144,53.025186821072396
stage2,4563,32,0.65,74014,27,"{""atr_period"": 7, ""horizon_h"": 6, ""ma_windows"": [6, 18, 72], ""mtf_intervals"": [""4h"", ""1d""], ""ret_windows"": [1, 2, 4, 8, 24], ""rsi_period"": 7, ""target_threshold"": 0.0025, ""vol_windows"": [12, 48]}","{""colsample_bytree"": 0.7, ""gamma"": 0.0, ""learning_rate"": 0.03, ""max_depth"": 5, ""min_child_weight"": 1, ""n_estimators"": 250, ""subsample"": 0.7}",4,3756,0.8115015974440895,0.013087104857962321,1.1170514208693837e+21,352.6384297310968,0.0650782298642072,48.786338508587335
stage2,4563,42,0.52,74014,27,"{""atr_period"": 7, ""horizon_h"": 6, ""ma_windows"": [6, 18, 72], ""mtf_intervals"": [""4h"", ""1d""], ""ret_windows"": [1, 2, 4, 8, 24], ""rsi_period"": 7, ""target_threshold"": 0.0025, ""vol_windows"": [12, 48]}","{""colsample_bytree"": 0.7, ""gamma"": 0.0, ""learning_rate"": 0.03, ""max_depth"": 5, ""min_child_weight"": 5, ""n_estimators"": 250, ""subsample"": 1.0}",4,6990,0.7244635193133048,0.009251295216983433,5.067739959283075e+27,352.6384297310968,0.18188126947447625,63.955333004108
stage2,4563,42,0.55,74014,27,"{""atr_period"": 7, ""horizon_h"": 6, ""ma_windows"": [6, 18, 72], ""mtf_intervals"": [""4h"", ""1d""], ""ret_windows"": [1, 2, 4, 8, 24], ""rsi_period"": 7, ""target_threshold"": 0.0025, ""vol_windows"": [12, 48]}","{""colsample_bytree"": 0.7, ""gamma"": 0.0, ""learning_rate"": 0.03, ""max_depth"": 5, ""min_child_weight"": 5, ""n_estimators"": 250, ""subsample"": 1.0}",4,6149,0.7454870710684665,0.010057360856049587,3.127355824530965e+26,352.6384297310968,0.10793262777701218,61.230282510685505
stage2,4563,42,0.58,74014,27,"{""atr_period"": 7, ""horizon_h"": 6, ""ma_windows"": [6, 18, 72], ""mtf_intervals"": [""4h"", ""1d""], ""ret_windows"": [1, 2, 4, 8, 24], ""rsi_period"": 7, ""target_threshold"": 0.0025, ""vol_windows"": [12, 48]}","{""colsample_bytree"": 0.7, ""gamma"": 0.0, ""learning_rate"": 0.03, ""max_depth"": 5, ""min_child_weight"": 5, ""n_estimators"": 250, ""subsample"": 1.0}",4,5332,0.7661290322580645,0.010959283215444954,1.079310279013057e+25,352.6384297310968,0.09220607331092201,57.895423986307
stage2,4563,42,0.6,74014,27,"{""atr_period"": 7, ""horizon_h"": 6, ""ma_windows"": [6, 18, 72], ""mtf_intervals"": [""4h"", ""1d""], ""ret_windows"": [1, 2, 4, 8, 24], ""rsi_period"": 7, ""target_threshold"": 0.0025, ""vol_windows"": [12, 48]}","{""colsample_bytree"": 0.7, ""gamma"": 0.0, ""learning_rate"": 0.03, ""max_depth"": 5, ""min_child_weight"": 5, ""n_estimators"": 250, ""subsample"": 1.0}",4,4839,0.7801198594750982,0.011566512786544043,9.444559788522956e+23,352.6384297310968,0.0864918152021441,55.47827811311636
stage2,4563,42,0.62,74014,27,"{""atr_period"": 7, ""horizon_h"": 6, ""ma_windows"": [6, 18, 72], ""mtf_intervals"": [""4h"", ""1d""], ""ret_windows"": [1, 2, 4, 8, 24], ""rsi_period"": 7, ""target_threshold"": 0.0025, ""vol_windows"": [12, 48]}","{""colsample_bytree"": 0.7, ""gamma"": 0.0, ""learning_rate"": 0.03, ""max_depth"": 5, ""min_child_weight"": 5, ""n_estimators"": 250, ""subsample"": 1.0}",4,4368,0.793040293040293,0.012231832476600599,7.642984719617545e+22,352.6384297310968,0.06507822986420742,52.99040802217568
stage2,4563,42,0.65,74014,27,"{""atr_period"": 7, ""horizon_h"": 6, ""ma_windows"": [6, 18, 72], ""mtf_intervals"": [""4h"", ""1d""], ""ret_windows"": [1, 2, 4, 8, 24], ""rsi_period"": 7, ""target_threshold"": 0.0025, ""vol_windows"": [12, 48]}","{""colsample_bytree"": 0.7, ""gamma"": 0.0, ""learning_rate"": 0.03, ""max_depth"": 5, ""min_child_weight"": 5, ""n_estimators"": 250, ""subsample"": 1.0}",4,3683,0.8191691555796905,0.013341854743497488,1.0954536668564014e+21,352.6384297310968,0.05465259221013519,48.7801994042798
stage2,4563,44,0.52,74014,27,"{""atr_period"": 7, ""horizon_h"": 6, ""ma_windows"": [6, 18, 72], ""mtf_intervals"": [""4h"", ""1d""], ""ret_windows"": [1, 2, 4, 8, 24], ""rsi_period"": 7, ""target_threshold"": 0.0025, ""vol_windows"": [12, 48]}","{""colsample_bytree"": 1.0, ""gamma"": 0.0, ""learning_rate"": 0.03, ""max_depth"": 5, ""min_child_weight"": 1, ""n_estimators"": 250, ""subsample"": 1.0}",4,7003,0.7229758674853635,0.009276499064397259,6.816683284231898e+27,352.6384297310968,0.11428192213892674,64.28462226787559
stage2,4563,44,0.55,74014,27,"{""atr_period"": 7, ""horizon_h"": 6, ""ma_windows"": [6, 18, 72], ""mtf_intervals"": [""4h"", ""1d""], ""ret_windows"": [1, 2, 4, 8, 24], ""rsi_period"": 7, ""target_threshold"": 0.0025, ""vol_windows"": [12, 48]}","{""colsample_bytree"": 1.0, ""gamma"": 0.0, ""learning_rate"": 0.03, ""max_depth"": 5, ""min_child_weight"": 1, ""n_estimators"": 250, ""subsample"": 1.0}",4,6166,0.7429451832630555,0.010017712324948948,2.904151805343524e+26,352.6384297310968,0.10720383045882342,61.15424971798942
stage2,4563,44,0.58,74014,27,"{""atr_period"": 7, ""horizon_h"": 6, ""ma_windows"": [6, 18, 72], ""mtf_intervals"": [""4h"", ""1d""], ""ret_windows"": [1, 2, 4, 8, 24], ""rsi_period"": 7, ""target_threshold"": 0.0025, ""vol_windows"": [12, 48]}","{""colsample_bytree"": 1.0, ""gamma"": 0.0, ""learning_rate"": 0.03, ""max_depth"": 5, ""min_child_weight"": 1, ""n_estimators"": 250, ""subsample"": 1.0}",4,5411,0.7654777305488819,0.010893502403593765,1.782867187383907e+25,352.6384297310968,0.09220607331092201,58.396277339682946
stage2,4563,44,0.6,74014,27,"{""atr_period"": 7, ""horizon_h"": 6, ""ma_windows"": [6, 18, 72], ""mtf_intervals"": [""4h"", ""1d""], ""ret_windows"": [1, 2, 4, 8, 24], ""rsi_period"": 7, ""target_threshold"": 0.0025, ""vol_windows"": [12, 48]}","{""colsample_bytree"": 1.0, ""gamma"": 0.0, ""learning_rate"": 0.03, ""max_depth"": 5, ""min_child_weight"": 1, ""n_estimators"": 250, ""subsample"": 1.0}",4,4919,0.7808497662126448,0.01152292765104964,1.9098822128387114e+24,352.6384297310968,0.09220607331092201,56.17984400086627
stage2,4563,44,0.62,74014,27,"{""atr_period"": 7, ""horizon_h"": 6, ""ma_windows"": [6, 18, 72], ""mtf_intervals"": [""4h"", ""1d""], ""ret_windows"": [1, 2, 4, 8, 24], ""rsi_period"": 7, ""target_threshold"": 0.0025, ""vol_windows"": [12, 48]}","{""colsample_bytree"": 1.0, ""gamma"": 0.0, ""learning_rate"": 0.03, ""max_depth"": 5, ""min_child_weight"": 1, ""n_estimators"": 250, ""subsample"": 1.0}",4,4421,0.7941642162406696,0.01216033469904106,1.0632711949783816e+23,352.6384297310968,0.07884120533897354,53.31400077587513
stage2,4563,44,0.65,74014,27,"{""atr_period"": 7, ""horizon_h"": 6, ""ma_windows"": [6, 18, 72], ""mtf_intervals"": [""4h"", ""1d""], ""ret_windows"": [1, 2, 4, 8, 24], ""rsi_period"": 7, ""target_threshold"": 0.0025, ""vol_windows"": [12, 48]}","{""colsample_bytree"": 1.0, ""gamma"": 0.0, ""learning_rate"": 0.03, ""max_depth"": 5, ""min_child_weight"": 1, ""n_estimators"": 250, ""subsample"": 1.0}",4,3736,0.815845824411135,0.013211763225937298,1.3612308607933085e+21,352.6384297310968,0.06507822986420708,48.988507938422174
stage2,4563,23,0.52,74014,27,"{""atr_period"": 7, ""horizon_h"": 6, ""ma_windows"": [6, 18, 72], ""mtf_intervals"": [""4h"", ""1d""], ""ret_windows"": [1, 2, 4, 8, 24], ""rsi_period"": 7, ""target_threshold"": 0.0025, ""vol_windows"": [12, 48]}","{""colsample_bytree"": 1.0, ""gamma"": 0.2, ""learning_rate"": 0.07, ""max_depth"": 3, ""min_child_weight"": 5, ""n_estimators"": 250, ""subsample"": 0.7}",4,6832,0.7197014051522248,0.009248325411473753,1.1546260688885636e+27,352.6384297310968,0.18188126947447614,62.47238114519099
stage2,4563,23,0.55,74014,27,"{""atr_period"": 7, ""horizon_h"": 6, ""ma_windows"": [6, 18, 72], ""mtf_intervals"": [""4h"", ""1d""], ""ret_windows"": [1, 2, 4, 8, 24], ""rsi_period"": 7, ""target_threshold"": 0.0025, ""vol_windows"": [12, 48]}","{""colsample_bytree"": 1.0, ""gamma"": 0.2, ""learning_rate"": 0.07, ""max_depth"": 3, ""min_child_weight"": 5, ""n_estimators"": 250, ""subsample"": 0.7}",4,5973,0.7389921312573247,0.010027332380110058,4.493489137257234e+25,352.6384297310968,0.15160065619171703,59.262868851480704
stage2,4563,23,0.58,74014,27,"{""atr_period"": 7, ""horizon_h"": 6, ""ma_windows"": [6, 18, 72], ""mtf_intervals"": [""4h"", ""1d""], ""ret_windows"": [1, 2, 4, 8, 24], ""rsi_period"": 7, ""target_threshold"": 0.0025, ""vol_windows"": [12, 48]}","{""colsample_bytree"": 1.0, ""gamma"": 0.2, ""learning_rate"": 0.07, ""max_depth"": 3, ""min_child_weight"": 5, ""n_estimators"": 250, ""subsample"": 0.7}",4,5136,0.7626557632398754,0.010917095308368655,1.027808298815754e+24,352.6384297310968,0.13006157112375039,55.52190148924632
stage2,4563,23,0.6,74014,27,"{""atr_period"": 7, ""horizon_h"": 6, ""ma_windows"": [6, 18, 72], ""mtf_intervals"": [""4h"", ""1d""], ""ret_windows"": [1, 2, 4, 8, 24], ""rsi_period"": 7, ""target_threshold"": 0.0025, ""vol_windows"": [12, 48]}","{""colsample_bytree"": 1.0, ""gamma"": 0.2, ""learning_rate"": 0.07, ""max_depth"": 3, ""min_child_weight"": 5, ""n_estimators"": 250, ""subsample"": 0.7}",4,4660,0.7755364806866952,0.011509160411750721,9.25970727870351e+22,352.6384297310968,0.09220607331092212,53.14894391384423
stage2,4563,23,0.62,74014,27,"{""atr_period"": 7, ""horizon_h"": 6, ""ma_windows"": [6, 18, 72], ""mtf_intervals"": [""4h"", ""1d""], ""ret_windows"": [1, 2, 4, 8, 24], ""rsi_period"": 7, ""target_threshold"": 0.0025, ""vol_windows"": [12, 48]}","{""colsample_bytree"": 1.0, ""gamma"": 0.2, ""learning_rate"": 0.07, ""max_depth"": 3, ""min_child_weight"": 5, ""n_estimators"": 250, ""subsample"": 0.7}",4,4190,0.7909307875894988,0.012130578536465392,5.794684380311695e+21,352.6384297310968,0.09220607331092201,50.39491418575184
stage2,4563,23,0.65,74014,27,"{""atr_period"": 7, ""horizon_h"": 6, ""ma_windows"": [6, 18, 72], ""mtf_intervals"": [""4h"", ""1d""], ""ret_windows"": [1, 2, 4, 8, 24], ""rsi_period"": 7, ""target_threshold"": 0.0025, ""vol_windows"": [12, 48]}","{""colsample_bytree"": 1.0, ""gamma"": 0.2, ""learning_rate"": 0.07, ""max_depth"": 3, ""min_child_weight"": 5, ""n_estimators"": 250, ""subsample"": 0.7}",4,3536,0.8110859728506787,0.01316697383659376,8.534845023435868e+19,352.6384297310968,0.09220607331092201,46.20137549751658
stage2,8666,51,0.52,74772,24,"{""atr_period"": 7, ""horizon_h"": 6, ""ma_windows"": [6, 18, 72], ""mtf_intervals"": [""1d""], ""ret_windows"": [1, 6, 12, 24, 48], ""rsi_period"": 21, ""target_threshold"": 0.0025, ""vol_windows"": [24, 48]}","{""colsample_bytree"": 0.7, ""gamma"": 0.2, ""learning_rate"": 0.07, ""max_depth"": 5, ""min_child_weight"": 5, ""n_estimators"": 250, ""subsample"": 0.7}",4,7582,0.6826694803481931,0.008406472565221396,1.9121732992542425e+27,2192.578913547333,0.23914296309673122,62.911853842298335
stage2,8666,51,0.55,74772,24,"{""atr_period"": 7, ""horizon_h"": 6, ""ma_windows"": [6, 18, 72], ""mtf_intervals"": [""1d""], ""ret_windows"": [1, 6, 12, 24, 48], ""rsi_period"": 21, ""target_threshold"": 0.0025, ""vol_windows"": [24, 48]}","{""colsample_bytree"": 0.7, ""gamma"": 0.2, ""learning_rate"": 0.07, ""max_depth"": 5, ""min_child_weight"": 5, ""n_estimators"": 250, ""subsample"": 0.7}",4,6643,0.7058557880475689,0.009171323716581983,1.198787516860985e+26,2192.578913547333,0.23914296309673133,60.16700679984481
stage2,8666,51,0.58,74772,24,"{""atr_period"": 7, ""horizon_h"": 6, ""ma_windows"": [6, 18, 72], ""mtf_intervals"": [""1d""], ""ret_windows"": [1, 6, 12, 24, 48], ""rsi_period"": 21, ""target_threshold"": 0.0025, ""vol_windows"": [24, 48]}","{""colsample_bytree"": 0.7, ""gamma"": 0.2, ""learning_rate"": 0.07, ""max_depth"": 5, ""min_child_weight"": 5, ""n_estimators"": 250, ""subsample"": 0.7}",4,5777,0.7240782413017137,0.009947990205085471,3.9922707573795233e+24,2192.578913547333,0.1602158048719573,56.825141025247255
stage2,8666,51,0.6,74772,24,"{""atr_period"": 7, ""horizon_h"": 6, ""ma_windows"": [6, 18, 72], ""mtf_intervals"": [""1d""], ""ret_windows"": [1, 6, 12, 24, 48], ""rsi_period"": 21, ""target_threshold"": 0.0025, ""vol_windows"": [24, 48]}","{""colsample_bytree"": 0.7, ""gamma"": 0.2, ""learning_rate"": 0.07, ""max_depth"": 5, ""min_child_weight"": 5, ""n_estimators"": 250, ""subsample"": 0.7}",4,5242,0.7380770698206791,0.01048450562273207,3.3364953738474144e+23,2192.578913547333,0.1340952945099928,54.37166815927845
stage2,8666,51,0.62,74772,24,"{""atr_period"": 7, ""horizon_h"": 6, ""ma_windows"": [6, 18, 72], ""mtf_intervals"": [""1d""], ""ret_windows"": [1, 6, 12, 24, 48], ""rsi_period"": 21, ""target_threshold"": 0.0025, ""vol_windows"": [24, 48]}","{""colsample_bytree"": 0.7, ""gamma"": 0.2, ""learning_rate"": 0.07, ""max_depth"": 5, ""min_child_weight"": 5, ""n_estimators"": 250, ""subsample"": 0.7}",4,4702,0.7556358996171841,0.011230591756371797,3.983564014931664e+22,2192.578913547333,0.10105908250996387,52.28287285808967
stage2,8666,51,0.65,74772,24,"{""atr_period"": 7, ""horizon_h"": 6, ""ma_windows"": [6, 18, 72], ""mtf_intervals"": [""1d""], ""ret_windows"": [1, 6, 12, 24, 48], ""rsi_period"": 21, ""target_threshold"": 0.0025, ""vol_windows"": [24, 48]}","{""colsample_bytree"": 0.7, ""gamma"": 0.2, ""learning_rate"": 0.07, ""max_depth"": 5, ""min_child_weight"": 5, ""n_estimators"": 250, ""subsample"": 0.7}",4,3984,0.776355421686747,0.012321924908725499,1.0097651599095713e+21,2192.578913547333,0.09620751731443855,48.6355607197133
stage2,8666,58,0.52,74772,24,"{""atr_period"": 7, ""horizon_h"": 6, ""ma_windows"": [6, 18, 72], ""mtf_intervals"": [""1d""], ""ret_windows"": [1, 6, 12, 24, 48], ""rsi_period"": 21, ""target_threshold"": 0.0025, ""vol_windows"": [24, 48]}","{""colsample_bytree"": 0.7, ""gamma"": 0.0, ""learning_rate"": 0.07, ""max_depth"": 5, ""min_child_weight"": 5, ""n_estimators"": 250, ""subsample"": 1.0}",4,7437,0.6841468334005647,0.008435744238405998,7.113213631806383e+26,2192.578913547333,0.19482175295457704,61.94655909129096
stage2,8666,58,0.55,74772,24,"{""atr_period"": 7, ""horizon_h"": 6, ""ma_windows"": [6, 18, 72], ""mtf_intervals"": [""1d""], ""ret_windows"": [1, 6, 12, 24, 48], ""rsi_period"": 21, ""target_threshold"": 0.0025, ""vol_windows"": [24, 48]}","{""colsample_bytree"": 0.7, ""gamma"": 0.0, ""learning_rate"": 0.07, ""max_depth"": 5, ""min_child_weight"": 5, ""n_estimators"": 250, ""subsample"": 1.0}",4,6513,0.704897896514663,0.009198530263821463,4.391252019488813e+25,2192.578913547333,0.17503155176139518,59.194232492779825
stage2,8666,58,0.58,74772,24,"{""atr_period"": 7, ""horizon_h"": 6, ""ma_windows"": [6, 18, 72], ""mtf_intervals"": [""1d""], ""ret_windows"": [1, 6, 12, 24, 48], ""rsi_period"": 21, ""target_threshold"": 0.0025, ""vol_windows"": [24, 48]}","{""colsample_bytree"": 0.7, ""gamma"": 0.0, ""learning_rate"": 0.07, ""max_depth"": 5, ""min_child_weight"": 5, ""n_estimators"": 250, ""subsample"": 1.0}",4,5695,0.7251975417032485,0.009977773163406803,2.0973531484955265e+24,2192.578913547333,0.17503155176139562,56.175182818918266
stage2,8666,58,0.6,74772,24,"{""atr_period"": 7, ""horizon_h"": 6, ""ma_windows"": [6, 18, 72], ""mtf_intervals"": [""1d""], ""ret_windows"": [1, 6, 12, 24, 48], ""rsi_period"": 21, ""target_threshold"": 0.0025, ""vol_windows"": [24, 48]}","{""colsample_bytree"": 0.7, ""gamma"": 0.0, ""learning_rate"": 0.07, ""max_depth"": 5, ""min_child_weight"": 5, ""n_estimators"": 250, ""subsample"": 1.0}",4,5158,0.7415664986428848,0.010642922180877737,3.1432658270692335e+23,2192.578913547333,0.11267891743735681,54.32677658824044
stage2,8666,58,0.62,74772,24,"{""atr_period"": 7, ""horizon_h"": 6, ""ma_windows"": [6, 18, 72], ""mtf_intervals"": [""1d""], ""ret_windows"": [1, 6, 12, 24, 48], ""rsi_period"": 21, ""target_threshold"": 0.0025, ""vol_windows"": [24, 48]}","{""colsample_bytree"": 0.7, ""gamma"": 0.0, ""learning_rate"": 0.07, ""max_depth"": 5, ""min_child_weight"": 5, ""n_estimators"": 250, ""subsample"": 1.0}",4,4646,0.758071459319845,0.011326929628414322,3.3432141544146327e+22,2192.578913547333,0.11267891743735681,52.10453785756849
stage2,8666,58,0.65,74772,24,"{""atr_period"": 7, ""horizon_h"": 6, ""ma_windows"": [6, 18, 72], ""mtf_intervals"": [""1d""], ""ret_windows"": [1, 6, 12, 24, 48], ""rsi_period"": 21, ""target_threshold"": 0.0025, ""vol_windows"": [24, 48]}","{""colsample_bytree"": 0.7, ""gamma"": 0.0, ""learning_rate"": 0.07, ""max_depth"": 5, ""min_child_weight"": 5, ""n_estimators"": 250, ""subsample"": 1.0}",4,3952,0.7722672064777328,0.012164849945109272,3.731592314065169e+20,2192.578913547333,0.1126789174373567,47.62733000231902
stage2,8666,50,0.52,74772,24,"{""atr_period"": 7, ""horizon_h"": 6, ""ma_windows"": [6, 18, 72], ""mtf_intervals"": [""1d""], ""ret_windows"": [1, 6, 12, 24, 48], ""rsi_period"": 21, ""target_threshold"": 0.0025, ""vol_windows"": [24, 48]}","{""colsample_bytree"": 0.7, ""gamma"": 0.0, ""learning_rate"": 0.07, ""max_depth"": 5, ""min_child_weight"": 5, ""n_estimators"": 250, ""subsample"": 0.7}",4,7520,0.6859042553191489,0.00847495068448721,1.9019368220776603e+27,2192.578913547333,0.29891430360607074,62.879736115765674
stage2,8666,50,0.55,74772,24,"{""atr_period"": 7, ""horizon_h"": 6, ""ma_windows"": [6, 18, 72], ""mtf_intervals"": [""1d""], ""ret_windows"": [1, 6, 12, 24, 48], ""rsi_period"": 21, ""target_threshold"": 0.0025, ""vol_windows"": [24, 48]}","{""colsample_bytree"": 0.7, ""gamma"": 0.0, ""learning_rate"": 0.07, ""max_depth"": 5, ""min_child_weight"": 5, ""n_estimators"": 250, ""subsample"": 0.7}",4,6607,0.7071288027849251,0.009196022711675822,1.0205100136575503e+26,2192.578913547333,0.20709648349992904,60.02323791573746
stage2,8666,50,0.58,74772,24,"{""atr_period"": 7, ""horizon_h"": 6, ""ma_windows"": [6, 18, 72], ""mtf_intervals"": [""1d""], ""ret_windows"": [1, 6, 12, 24, 48], ""rsi_period"": 21, ""target_threshold"": 0.0025, ""vol_windows"": [24, 48]}","{""colsample_bytree"": 0.7, ""gamma"": 0.0, ""learning_rate"": 0.07, ""max_depth"": 5, ""min_child_weight"": 5, ""n_estimators"": 250, ""subsample"": 0.7}",4,5702,0.7278148018239214,0.010035623308230155,3.101972727165937e+24,2192.578913547333,0.20709648349992904,56.55306909073167
stage2,8666,50,0.6,74772,24,"{""atr_period"": 7, ""horizon_h"": 6, ""ma_windows"": [6, 18, 72], ""mtf_intervals"": [""1d""], ""ret_windows"": [1, 6, 12, 24, 48], ""rsi_period"": 21, ""target_threshold"": 0.0025, ""vol_windows"": [24, 48]}","{""colsample_bytree"": 0.7, ""gamma"": 0.0, ""learning_rate"": 0.07, ""max_depth"": 5, ""min_child_weight"": 5, ""n_estimators"": 250, ""subsample"": 0.7}",4,5186,0.7377554955649827,0.010507378534074109,2.0862292886325835e+23,2192.578913547333,0.20709648349992926,53.865530590224516
stage2,8666,50,0.62,74772,24,"{""atr_period"": 7, ""horizon_h"": 6, ""ma_windows"": [6, 18, 72], ""mtf_intervals"": [""1d""], ""ret_windows"": [1, 6, 12, 24, 48], ""rsi_period"": 21, ""target_threshold"": 0.0025, ""vol_windows"": [24, 48]}","{""colsample_bytree"": 0.7, ""gamma"": 0.0, ""learning_rate"": 0.07, ""max_depth"": 5, ""min_child_weight"": 5, ""n_estimators"": 250, ""subsample"": 0.7}",4,4652,0.7527944969905417,0.01119776069245126,1.962656297105414e+22,2192.578913547333,0.11703171797382306,51.56447267935448
stage2,8666,50,0.65,74772,24,"{""atr_period"": 7, ""horizon_h"": 6, ""ma_windows"": [6, 18, 72], ""mtf_intervals"": [""1d""], ""ret_windows"": [1, 6, 12, 24, 48], ""rsi_period"": 21, ""target_threshold"": 0.0025, ""vol_windows"": [24, 48]}","{""colsample_bytree"": 0.7, ""gamma"": 0.0, ""learning_rate"": 0.07, ""max_depth"": 5, ""min_child_weight"": 5, ""n_estimators"": 250, ""subsample"": 0.7}",4,3978,0.7742584213172449,0.01220280772691622,5.871184922617483e+20,2192.578913547333,0.11267891743735681,48.08244807425278
stage2,8666,48,0.52,74772,24,"{""atr_period"": 7, ""horizon_h"": 6, ""ma_windows"": [6, 18, 72], ""mtf_intervals"": [""1d""], ""ret_windows"": [1, 6, 12, 24, 48], ""rsi_period"": 21, ""target_threshold"": 0.0025, ""vol_windows"": [24, 48]}","{""colsample_bytree"": 0.7, ""gamma"": 0.0, ""learning_rate"": 0.07, ""max_depth"": 5, ""min_child_weight"": 1, ""n_estimators"": 250, ""subsample"": 0.7}",4,7501,0.6836421810425276,0.00846445684787525,1.4988537002235092e+27,2192.578913547333,0.2134175941631007,62.68241872948232
stage2,8666,48,0.55,74772,24,"{""atr_period"": 7, ""horizon_h"": 6, ""ma_windows"": [6, 18, 72], ""mtf_intervals"": [""1d""], ""ret_windows"": [1, 6, 12, 24, 48], ""rsi_period"": 21, ""target_threshold"": 0.0025, ""vol_windows"": [24, 48]}","{""colsample_bytree"": 0.7, ""gamma"": 0.0, ""learning_rate"": 0.07, ""max_depth"": 5, ""min_child_weight"": 1, ""n_estimators"": 250, ""subsample"": 0.7}",4,6594,0.7060964513193813,0.009194427476283736,8.91874743238674e+25,2192.578913547333,0.21341759416310047,59.88450662298897
stage2,8666,48,0.58,74772,24,"{""atr_period"": 7, ""horizon_h"": 6, ""ma_windows"": [6, 18, 72], ""mtf_intervals"": [""1d""], ""ret_windows"": [1, 6, 12, 24, 48], ""rsi_period"": 21, ""target_threshold"": 0.0025, ""vol_windows"": [24, 48]}","{""colsample_bytree"": 0.7, ""gamma"": 0.0, ""learning_rate"": 0.07, ""max_depth"": 5, ""min_child_weight"": 1, ""n_estimators"": 250, ""subsample"": 0.7}",4,5762,0.7256161055189171,0.009962365989246784,3.710290429739965e+24,2192.578913547333,0.16329037210844866,56.751699014636145
stage2,8666,48,0.6,74772,24,"{""atr_period"": 7, ""horizon_h"": 6, ""ma_windows"": [6, 18, 72], ""mtf_intervals"": [""1d""], ""ret_windows"": [1, 6, 12, 24, 48], ""rsi_period"": 21, ""target_threshold"": 0.0025, ""vol_windows"": [24, 48]}","{""colsample_bytree"": 0.7, ""gamma"": 0.0, ""learning_rate"": 0.07, ""max_depth"": 5, ""min_child_weight"": 1, ""n_estimators"": 250, ""subsample"": 0.7}",4,5196,0.7409545804464973,0.010595870038234713,3.663001634238891e+23,2192.578913547333,0.16090851168293152,54.4548164376289
stage2,8666,48,0.62,74772,24,"{""atr_period"": 7, ""horizon_h"": 6, ""ma_windows"": [6, 18, 72], ""mtf_intervals"": [""1d""], ""ret_windows"": [1, 6, 12, 24, 48], ""rsi_period"": 21, ""target_threshold"": 0.0025, ""vol_windows"": [24, 48]}","{""colsample_bytree"": 0.7, ""gamma"": 0.0, ""learning_rate"": 0.07, ""max_depth"": 5, ""min_child_weight"": 1, ""n_estimators"": 250, ""subsample"": 0.7}",4,4702,0.7528711186729051,0.011216349929463864,3.7268311494313856e+22,2192.578913547333,0.12177149869550197,52.203572305679074
stage2,8666,48,0.65,74772,24,"{""atr_period"": 7, ""horizon_h"": 6, ""ma_windows"": [6, 18, 72], ""mtf_intervals"": [""1d""], ""ret_windows"": [1, 6, 12, 24, 48], ""rsi_period"": 21, ""target_threshold"": 0.0025, ""vol_windows"": [24, 48]}","{""colsample_bytree"": 0.7, ""gamma"": 0.0, ""learning_rate"": 0.07, ""max_depth"": 5, ""min_child_weight"": 1, ""n_estimators"": 250, ""subsample"": 0.7}",4,4007,0.7738956825555279,0.012263164569716852,1.0617277641418337e+21,2192.578913547333,0.11744206402674351,48.67268533080613
stage2,8666,57,0.52,74772,24,"{""atr_period"": 7, ""horizon_h"": 6, ""ma_windows"": [6, 18, 72], ""mtf_intervals"": [""1d""], ""ret_windows"": [1, 6, 12, 24, 48], ""rsi_period"": 21, ""target_threshold"": 0.0025, ""vol_windows"": [24, 48]}","{""colsample_bytree"": 0.7, ""gamma"": 0.2, ""learning_rate"": 0.07, ""max_depth"": 5, ""min_child_weight"": 1, ""n_estimators"": 250, ""subsample"": 1.0}",4,7564,0.6825753569539926,0.00837190798498725,1.274299342460002e+27,2192.578913547333,0.22682578737879167,62.511816658827954
stage2,8666,57,0.55,74772,24,"{""atr_period"": 7, ""horizon_h"": 6, ""ma_windows"": [6, 18, 72], ""mtf_intervals"": [""1d""], ""ret_windows"": [1, 6, 12, 24, 48], ""rsi_period"": 21, ""target_threshold"": 0.0025, ""vol_windows"": [24, 48]}","{""colsample_bytree"": 0.7, ""gamma"": 0.2, ""learning_rate"": 0.07, ""max_depth"": 5, ""min_child_weight"": 1, ""n_estimators"": 250, ""subsample"": 1.0}",4,6628,0.7032287266143633,0.00916639977449785,1.0151600157287993e+26,2192.578913547333,0.17503155176139573,60.030657072484445
stage2,8666,57,0.58,74772,24,"{""atr_period"": 7, ""horizon_h"": 6, ""ma_windows"": [6, 18, 72], ""mtf_intervals"": [""1d""], ""ret_windows"": [1, 6, 12, 24, 48], ""rsi_period"": 21, ""target_threshold"": 0.0025, ""vol_windows"": [24, 48]}","{""colsample_bytree"": 0.7, ""gamma"": 0.2, ""learning_rate"": 0.07, ""max_depth"": 5, ""min_child_weight"": 1, ""n_estimators"": 250, ""subsample"": 1.0}",4,5778,0.7215299411561094,0.009902199181185308,3.0800822223322824e+24,2192.578913547333,0.17503155176139584,56.555924294542365
stage2,8666,57,0.6,74772,24,"{""atr_period"": 7, ""horizon_h"": 6, ""ma_windows"": [6, 18, 72], ""mtf_intervals"": [""1d""], ""ret_windows"": [1, 6, 12, 24, 48], ""rsi_period"": 21, ""target_threshold"": 0.0025, ""vol_windows"": [24, 48]}","{""colsample_bytree"": 0.7, ""gamma"": 0.2, ""learning_rate"": 0.07, ""max_depth"": 5, ""min_child_weight"": 1, ""n_estimators"": 250, ""subsample"": 1.0}",4,5254,0.7386752950133232,0.010478710907127424,3.650643852296743e+23,2192.578913547333,0.1750315517613953,54.44161483617768
stage2,8666,57,0.62,74772,24,"{""atr_period"": 7, ""horizon_h"": 6, ""ma_windows"": [6, 18, 72], ""mtf_intervals"": [""1d""], ""ret_windows"": [1, 6, 12, 24, 48], ""rsi_period"": 21, ""target_threshold"": 0.0025, ""vol_windows"": [24, 48]}","{""colsample_bytree"": 0.7, ""gamma"": 0.2, ""learning_rate"": 0.07, ""max_depth"": 5, ""min_child_weight"": 1, ""n_estimators"": 250, ""subsample"": 1.0}",4,4756,0.7508410428931875,0.011040116379280214,2.945624533350151e+22,2192.578913547333,0.13803269267428397,51.95717032515516
stage2,8666,57,0.65,74772,24,"{""atr_period"": 7, ""horizon_h"": 6, ""ma_windows"": [6, 18, 72], ""mtf_intervals"": [""1d""], ""ret_windows"": [1, 6, 12, 24, 48], ""rsi_period"": 21, ""target_threshold"": 0.0025, ""vol_windows"": [24, 48]}","{""colsample_bytree"": 0.7, ""gamma"": 0.2, ""learning_rate"": 0.07, ""max_depth"": 5, ""min_child_weight"": 1, ""n_estimators"": 250, ""subsample"": 1.0}",4,3987,0.7674943566591422,0.01208624957172497,4.172726017287609e+20,2192.578913547333,0.08477639514312119,47.74856868761066
stage2,8666,61,0.52,74772,24,"{""atr_period"": 7, ""horizon_h"": 6, ""ma_windows"": [6, 18, 72], ""mtf_intervals"": [""1d""], ""ret_windows"": [1, 6, 12, 24, 48], ""rsi_period"": 21, ""target_threshold"": 0.0025, ""vol_windows"": [24, 48]}","{""colsample_bytree"": 1.0, ""gamma"": 0.2, ""learning_rate"": 0.07, ""max_depth"": 5, ""min_child_weight"": 1, ""n_estimators"": 250, ""subsample"": 1.0}",4,7562,0.6787886802433218,0.008304992439878393,7.587733679863326e+26,2192.578913547333,0.23914296309673133,61.983644773926926
stage2,8666,61,0.55,74772,24,"{""atr_period"": 7, ""horizon_h"": 6, ""ma_windows"": [6, 18, 72], ""mtf_intervals"": [""1d""], ""ret_windows"": [1, 6, 12, 24, 48], ""rsi_period"": 21, ""target_threshold"": 0.0025, ""vol_windows"": [24, 48]}","{""colsample_bytree"": 1.0, ""gamma"": 0.2, ""learning_rate"": 0.07, ""max_depth"": 5, ""min_child_weight"": 1, ""n_estimators"": 250, ""subsample"": 1.0}",4,6661,0.7018465695841465,0.009009508166071547,4.843759018103281e+25,2192.578913547333,0.23914296309673122,59.25630024021842
stage2,8666,61,0.58,74772,24,"{""atr_period"": 7, ""horizon_h"": 6, ""ma_windows"": [6, 18, 72], ""mtf_intervals"": [""1d""], ""ret_windows"": [1, 6, 12, 24, 48], ""rsi_period"": 21, ""target_threshold"": 0.0025, ""vol_windows"": [24, 48]}","{""colsample_bytree"": 1.0, ""gamma"": 0.2, ""learning_rate"": 0.07, ""max_depth"": 5, ""min_child_weight"": 1, ""n_estimators"": 250, ""subsample"": 1.0}",4,5842,0.7203012666894899,0.009831157963156463,3.8355437680947807e+24,2192.578913547333,0.1340952945099929,56.79419607732503
stage2,8666,61,0.6,74772,24,"{""atr_period"": 7, ""horizon_h"": 6, ""ma_windows"": [6, 18, 72], ""mtf_intervals"": [""1d""], ""ret_windows"": [1, 6, 12, 24, 48], ""rsi_period"": 21, ""target_threshold"": 0.0025, ""vol_windows"": [24, 48]}","{""colsample_bytree"": 1.0, ""gamma"": 0.2, ""learning_rate"": 0.07, ""max_depth"": 5, ""min_child_weight"": 1, ""n_estimators"": 250, ""subsample"": 1.0}",4,5337,0.7350571482106052,0.010377966432279194,5.090287423693937e+23,2192.578913547333,0.13409529450999302,54.79081323891215
stage2,8666,61,0.62,74772,24,"{""atr_period"": 7, ""horizon_h"": 6, ""ma_windows"": [6, 18, 72], ""mtf_intervals"": [""1d""], ""ret_windows"": [1, 6, 12, 24, 48], ""rsi_period"": 21, ""target_threshold"": 0.0025, ""vol_windows"": [24, 48]}","{""colsample_bytree"": 1.0, ""gamma"": 0.2, ""learning_rate"": 0.07, ""max_depth"": 5, ""min_child_weight"": 1, ""n_estimators"": 250, ""subsample"": 1.0}",4,4832,0.7477235099337748,0.010964109265333947,4.708324229176441e+22,2192.578913547333,0.1298266129012533,52.42718247622435
stage2,8666,61,0.65,74772,24,"{""atr_period"": 7, ""horizon_h"": 6, ""ma_windows"": [6, 18, 72], ""mtf_intervals"": [""1d""], ""ret_windows"": [1, 6, 12, 24, 48], ""rsi_period"": 21, ""target_threshold"": 0.0025, ""vol_windows"": [24, 48]}","{""colsample_bytree"": 1.0, ""gamma"": 0.2, ""learning_rate"": 0.07, ""max_depth"": 5, ""min_child_weight"": 1, ""n_estimators"": 250, ""subsample"": 1.0}",4,4136,0.7657156673114119,0.011860339435538901,9.761257157740032e+20,2192.578913547333,0.11744206402674351,48.57885727647655
stage2,8666,38,0.52,74772,24,"{""atr_period"": 7, ""horizon_h"": 6, ""ma_windows"": [6, 18, 72], ""mtf_intervals"": [""1d""], ""ret_windows"": [1, 6, 12, 24, 48], ""rsi_period"": 21, ""target_threshold"": 0.0025, ""vol_windows"": [24, 48]}","{""colsample_bytree"": 1.0, ""gamma"": 0.0, ""learning_rate"": 0.03, ""max_depth"": 5, ""min_child_weight"": 5, ""n_estimators"": 250, ""subsample"": 0.7}",4,7148,0.6932008953553441,0.008763797085142182,6.474153351077991e+26,2192.578913547333,0.2134175941631007,61.85299255617499
stage2,8666,38,0.55,74772,24,"{""atr_period"": 7, ""horizon_h"": 6, ""ma_windows"": [6, 18, 72], ""mtf_intervals"": [""1d""], ""ret_windows"": [1, 6, 12, 24, 48], ""rsi_period"": 21, ""target_threshold"": 0.0025, ""vol_windows"": [24, 48]}","{""colsample_bytree"": 1.0, ""gamma"": 0.0, ""learning_rate"": 0.03, ""max_depth"": 5, ""min_child_weight"": 5, ""n_estimators"": 250, ""subsample"": 0.7}",4,6163,0.7186435177673212,0.00965202280311964,2.9037358856503982e+25,2192.578913547333,0.18028758971121261,58.79261267099334
stage2,8666,38,0.58,74772,24,"{""atr_period"": 7, ""horizon_h"": 6, ""ma_windows"": [6, 18, 72], ""mtf_intervals"": [""1d""], ""ret_windows"": [1, 6, 12, 24, 48], ""rsi_period"": 21, ""target_threshold"": 0.0025, ""vol_windows"": [24, 48]}","{""colsample_bytree"": 1.0, ""gamma"": 0.0, ""learning_rate"": 0.03, ""max_depth"": 5, ""min_child_weight"": 5, ""n_estimators"": 250, ""subsample"": 0.7}",4,5273,0.7403754978190783,0.010616258993173597,9.144381970809692e+23,2192.578913547333,0.13409529450999313,55.38277966026446
stage2,8666,38,0.6,74772,24,"{""atr_period"": 7, ""horizon_h"": 6, ""ma_windows"": [6, 18, 72], ""mtf_intervals"": [""1d""], ""ret_windows"": [1, 6, 12, 24, 48], ""rsi_period"": 21, ""target_threshold"": 0.0025, ""vol_windows"": [24, 48]}","{""colsample_bytree"": 1.0, ""gamma"": 0.0, ""learning_rate"": 0.03, ""max_depth"": 5, ""min_child_weight"": 5, ""n_estimators"": 250, ""subsample"": 0.7}",4,4747,0.7587950284390141,0.011351825231666286,1.1584515285848588e+23,2192.578913547333,0.11744206402674351,53.3456709556633
stage2,8666,38,0.62,74772,24,"{""atr_period"": 7, ""horizon_h"": 6, ""ma_windows"": [6, 18, 72], ""mtf_intervals"": [""1d""], ""ret_windows"": [1, 6, 12, 24, 48], ""rsi_period"": 21, ""target_threshold"": 0.0025, ""vol_windows"": [24, 48]}","{""colsample_bytree"": 1.0, ""gamma"": 0.0, ""learning_rate"": 0.03, ""max_depth"": 5, ""min_child_weight"": 5, ""n_estimators"": 250, ""subsample"": 0.7}",4,4227,0.772888573456352,0.012095695224335743,7.56713516700412e+21,2192.578913547333,0.11744206402674351,50.634456891668016
stage2,8666,38,0.65,74772,24,"{""atr_period"": 7, ""horizon_h"": 6, ""ma_windows"": [6, 18, 72], ""mtf_intervals"": [""1d""], ""ret_windows"": [1, 6, 12, 24, 48], ""rsi_period"": 21, ""target_threshold"": 0.0025, ""vol_windows"": [24, 48]}","{""colsample_bytree"": 1.0, ""gamma"": 0.0, ""learning_rate"": 0.03, ""max_depth"": 5, ""min_child_weight"": 5, ""n_estimators"": 250, ""subsample"": 0.7}",4,3527,0.7862205840657783,0.013135696714346163,6.5518710039504716e+19,2192.578913547333,0.08565449115048263,45.920102220594224
stage2,8666,36,0.52,74772,24,"{""atr_period"": 7, ""horizon_h"": 6, ""ma_windows"": [6, 18, 72], ""mtf_intervals"": [""1d""], ""ret_windows"": [1, 6, 12, 24, 48], ""rsi_period"": 21, ""target_threshold"": 0.0025, ""vol_windows"": [24, 48]}","{""colsample_bytree"": 1.0, ""gamma"": 0.0, ""learning_rate"": 0.03, ""max_depth"": 5, ""min_child_weight"": 1, ""n_estimators"": 250, ""subsample"": 0.7}",4,7159,0.6917167202123201,0.008761357286701587,7.044518688966334e+26,2192.578913547333,0.1750315517613955,61.955410699922545
stage2,8666,36,0.55,74772,24,"{""atr_period"": 7, ""horizon_h"": 6, ""ma_windows"": [6, 18, 72], ""mtf_intervals"": [""1d""], ""ret_windows"": [1, 6, 12, 24, 48], ""rsi_period"": 21, ""target_threshold"": 0.0025, ""vol_windows"": [24, 48]}","{""colsample_bytree"": 1.0, ""gamma"": 0.0, ""learning_rate"": 0.03, ""max_depth"": 5, ""min_child_weight"": 1, ""n_estimators"": 250, ""subsample"": 0.7}",4,6182,0.7141701714655452,0.009606710471193365,2.6299681541468143e+25,2192.578913547333,0.1750315517613954,58.692273107339375
stage2,8666,36,0.58,74772,24,"{""atr_period"": 7, ""horizon_h"": 6, ""ma_windows"": [6, 18, 72], ""mtf_intervals"": [""1d""], ""ret_windows"": [1, 6, 12, 24, 48], ""rsi_period"": 21, ""target_threshold"": 0.0025, ""vol_windows"": [24, 48]}","{""colsample_bytree"": 1.0, ""gamma"": 0.0, ""learning_rate"": 0.03, ""max_depth"": 5, ""min_child_weight"": 1, ""n_estimators"": 250, ""subsample"": 0.7}",4,5281,0.7366029161143722,0.010566571513345039,7.65610715211827e+23,2192.578913547333,0.1340952945099929,55.20172804649474
stage2,8666,36,0.6,74772,24,"{""atr_period"": 7, ""horizon_h"": 6, ""ma_windows"": [6, 18, 72], ""mtf_intervals"": [""1d""], ""ret_windows"": [1, 6, 12, 24, 48], ""rsi_period"": 21, ""target_threshold"": 0.0025, ""vol_windows"": [24, 48]}","{""colsample_bytree"": 1.0, ""gamma"": 0.0, ""learning_rate"": 0.03, ""max_depth"": 5, ""min_child_weight"": 1, ""n_estimators"": 250, ""subsample"": 0.7}",4,4744,0.7567453625632378,0.011334987547896512,1.0356127238150528e+23,2192.578913547333,0.1298266129012533,53.22561327808451
stage2,8666,36,0.62,74772,24,"{""atr_period"": 7, ""horizon_h"": 6, ""ma_windows"": [6, 18, 72], ""mtf_intervals"": [""1d""], ""ret_windows"": [1, 6, 12, 24, 48], ""rsi_period"": 21, ""target_threshold"": 0.0025, ""vol_windows"": [24, 48]}","{""colsample_bytree"": 1.0, ""gamma"": 0.0, ""learning_rate"": 0.03, ""max_depth"": 5, ""min_child_weight"": 1, ""n_estimators"": 250, ""subsample"": 0.7}",4,4249,0.7707695928453754,0.012039814019439413,7.801560467212696e+21,2192.578913547333,0.11744206402674362,50.66282388087869
stage2,8666,36,0.65,74772,24,"{""atr_period"": 7, ""horizon_h"": 6, ""ma_windows"": [6, 18, 72], ""mtf_intervals"": [""1d""], ""ret_windows"": [1, 6, 12, 24, 48], ""rsi_period"": 21, ""target_threshold"": 0.0025, ""vol_windows"": [24, 48]}","{""colsample_bytree"": 1.0, ""gamma"": 0.0, ""learning_rate"": 0.03, ""max_depth"": 5, ""min_child_weight"": 1, ""n_estimators"": 250, ""subsample"": 0.7}",4,3527,0.7882052736036291,0.013184356890581159,7.801904125494834e+19,2192.578913547333,0.07092643614738736,46.10406044537734
stage2,8666,32,0.52,74772,24,"{""atr_period"": 7, ""horizon_h"": 6, ""ma_windows"": [6, 18, 72], ""mtf_intervals"": [""1d""], ""ret_windows"": [1, 6, 12, 24, 48], ""rsi_period"": 21, ""target_threshold"": 0.0025, ""vol_windows"": [24, 48]}","{""colsample_bytree"": 0.7, ""gamma"": 0.0, ""learning_rate"": 0.03, ""max_depth"": 5, ""min_child_weight"": 1, ""n_estimators"": 250, ""subsample"": 0.7}",4,7140,0.6970588235294117,0.00882764123660511,9.592811221619515e+26,2192.578913547333,0.1750315517613955,62.26897881755931
stage2,8666,32,0.55,74772,24,"{""atr_period"": 7, ""horizon_h"": 6, ""ma_windows"": [6, 18, 72], ""mtf_intervals"": [""1d""], ""ret_windows"": [1, 6, 12, 24, 48], ""rsi_period"": 21, ""target_threshold"": 0.0025, ""vol_windows"": [24, 48]}","{""colsample_bytree"": 0.7, ""gamma"": 0.0, ""learning_rate"": 0.03, ""max_depth"": 5, ""min_child_weight"": 1, ""n_estimators"": 250, ""subsample"": 0.7}",4,6103,0.7171882680648861,0.009672976662015631,1.864884861952617e+25,2192.578913547333,0.1750315517613953,58.35144529169006
stage2,8666,32,0.58,74772,24,"{""atr_period"": 7, ""horizon_h"": 6, ""ma_windows"": [6, 18, 72], ""mtf_intervals"": [""1d""], ""ret_windows"": [1, 6, 12, 24, 48], ""rsi_period"": 21, ""target_threshold"": 0.0025, ""vol_windows"": [24, 48]}","{""colsample_bytree"": 0.7, ""gamma"": 0.0, ""learning_rate"": 0.03, ""max_depth"": 5, ""min_child_weight"": 1, ""n_estimators"": 250, ""subsample"": 0.7}",4,5230,0.7426386233269598,0.010695853758402622,8.827936597515858e+23,2192.578913547333,0.13409529450999302,55.350008526729546
stage2,8666,32,0.6,74772,24,"{""atr_period"": 7, ""horizon_h"": 6, ""ma_windows"": [6, 18, 72], ""mtf_intervals"": [""1d""], ""ret_windows"": [1, 6, 12, 24, 48], ""rsi_period"": 21, ""target_threshold"": 0.0025, ""vol_windows"": [24, 48]}","{""colsample_bytree"": 0.7, ""gamma"": 0.0, ""learning_rate"": 0.03, ""max_depth"": 5, ""min_child_weight"": 1, ""n_estimators"": 250, ""subsample"": 0.7}",4,4696,0.7570272572402045,0.011395548193663275,8.006200396989788e+22,2192.578913547333,0.12942202505472433,52.96916351579081
stage2,8666,32,0.62,74772,24,"{""atr_period"": 7, ""horizon_h"": 6, ""ma_windows"": [6, 18, 72], ""mtf_intervals"": [""1d""], ""ret_windows"": [1, 6, 12, 24, 48], ""rsi_period"": 21, ""target_threshold"": 0.0025, ""vol_windows"": [24, 48]}","{""colsample_bytree"": 0.7, ""gamma"": 0.0, ""learning_rate"": 0.03, ""max_depth"": 5, ""min_child_weight"": 1, ""n_estimators"": 250, ""subsample"": 0.7}",4,4198,0.7684611719866603,0.012093562488521472,5.312710333442673e+21,2192.578913547333,0.12513030546126214,50.27334136328606
stage2,8666,32,0.65,74772,24,"{""atr_period"": 7, ""horizon_h"": 6, ""ma_windows"": [6, 18, 72], ""mtf_intervals"": [""1d""], ""ret_windows"": [1, 6, 12, 24, 48], ""rsi_period"": 21, ""target_threshold"": 0.0025, ""vol_windows"": [24, 48]}","{""colsample_bytree"": 0.7, ""gamma"": 0.0, ""learning_rate"": 0.03, ""max_depth"": 5, ""min_child_weight"": 1, ""n_estimators"": 250, ""subsample"": 0.7}",4,3466,0.7888055395268321,0.013239259775997672,4.2557769741178175e+19,2192.578913547333,0.11267891743735681,45.47801316596603
stage2,8666,42,0.52,74772,24,"{""atr_period"": 7, ""horizon_h"": 6, ""ma_windows"": [6, 18, 72], ""mtf_intervals"": [""1d""], ""ret_windows"": [1, 6, 12, 24, 48], ""rsi_period"": 21, ""target_threshold"": 0.0025, ""vol_windows"": [24, 48]}","{""colsample_bytree"": 0.7, ""gamma"": 0.0, ""learning_rate"": 0.03, ""max_depth"": 5, ""min_child_weight"": 5, ""n_estimators"": 250, ""subsample"": 1.0}",4,7121,0.692318494593456,0.008761816372220458,5.0864752389842926e+26,2192.578913547333,0.17503155176139562,61.63023107186987
stage2,8666,42,0.55,74772,24,"{""atr_period"": 7, ""horizon_h"": 6, ""ma_windows"": [6, 18, 72], ""mtf_intervals"": [""1d""], ""ret_windows"": [1, 6, 12, 24, 48], ""rsi_period"": 21, ""target_threshold"": 0.0025, ""vol_windows"": [24, 48]}","{""colsample_bytree"": 0.7, ""gamma"": 0.0, ""learning_rate"": 0.03, ""max_depth"": 5, ""min_child_weight"": 5, ""n_estimators"": 250, ""subsample"": 1.0}",4,6114,0.7131174353941773,0.009616797664253359,1.464245934419246e+25,2192.578913547333,0.1750315517613953,58.105880268021814
stage2,8666,42,0.58,74772,24,"{""atr_period"": 7, ""horizon_h"": 6, ""ma_windows"": [6, 18, 72], ""mtf_intervals"": [""1d""], ""ret_windows"": [1, 6, 12, 24, 48], ""rsi_period"": 21, ""target_threshold"": 0.0025, ""vol_windows"": [24, 48]}","{""colsample_bytree"": 0.7, ""gamma"": 0.0, ""learning_rate"": 0.03, ""max_depth"": 5, ""min_child_weight"": 5, ""n_estimators"": 250, ""subsample"": 1.0}",4,5248,0.7397103658536586,0.010659456953236186,8.812938566110932e+23,2192.578913547333,0.17503155176139573,55.32520624455846
stage2,8666,42,0.6,74772,24,"{""atr_period"": 7, ""horizon_h"": 6, ""ma_windows"": [6, 18, 72], ""mtf_intervals"": [""1d""], ""ret_windows"": [1, 6, 12, 24, 48], ""rsi_period"": 21, ""target_threshold"": 0.0025, ""vol_windows"": [24, 48]}","{""colsample_bytree"": 0.7, ""gamma"": 0.0, ""learning_rate"": 0.03, ""max_depth"": 5, ""min_child_weight"": 5, ""n_estimators"": 250, ""subsample"": 1.0}",4,4725,0.753015873015873,0.011298310374169054,7.044154146898877e+22,2192.578913547333,0.12177149869550186,52.84098355175438
stage2,8666,42,0.62,74772,24,"{""atr_period"": 7, ""horizon_h"": 6, ""ma_windows"": [6, 18, 72], ""mtf_intervals"": [""1d""], ""ret_windows"": [1, 6, 12, 24, 48], ""rsi_period"": 21, ""target_threshold"": 0.0025, ""vol_windows"": [24, 48]}","{""colsample_bytree"": 0.7, ""gamma"": 0.0, ""learning_rate"": 0.03, ""max_depth"": 5, ""min_child_weight"": 5, ""n_estimators"": 250, ""subsample"": 1.0}",4,4203,0.7704020937425649,0.012068323952226298,5.078518636882581e+21,2192.578913547333,0.1174420640267434,50.233453799625394
stage2,8666,42,0.65,74772,24,"{""atr_period"": 7, ""horizon_h"": 6, ""ma_windows"": [6, 18, 72], ""mtf_intervals"": [""1d""], ""ret_windows"": [1, 6, 12, 24, 48], ""rsi_period"": 21, ""target_threshold"": 0.0025, ""vol_windows"": [24, 48]}","{""colsample_bytree"": 0.7, ""gamma"": 0.0, ""learning_rate"": 0.03, ""max_depth"": 5, ""min_child_weight"": 5, ""n_estimators"": 250, ""subsample"": 1.0}",4,3449,0.7860249347636996,0.013192233040890554,2.8994461086125236e+19,2192.578913547333,0.08477639514312085,45.1056061031734
stage2,8666,44,0.52,74772,24,"{""atr_period"": 7, ""horizon_h"": 6, ""ma_windows"": [6, 18, 72], ""mtf_intervals"": [""1d""], ""ret_windows"": [1, 6, 12, 24, 48], ""rsi_period"": 21, ""target_threshold"": 0.0025, ""vol_windows"": [24, 48]}","{""colsample_bytree"": 1.0, ""gamma"": 0.0, ""learning_rate"": 0.03, ""max_depth"": 5, ""min_child_weight"": 1, ""n_estimators"": 250, ""subsample"": 1.0}",4,7113,0.6890201040348657,0.00871639760545155,3.448999961554498e+26,2192.578913547333,0.18589459421013999,61.23329670761947
stage2,8666,44,0.55,74772,24,"{""atr_period"": 7, ""horizon_h"": 6, ""ma_windows"": [6, 18, 72], ""mtf_intervals"": [""1d""], ""ret_windows"": [1, 6, 12, 24, 48], ""rsi_period"": 21, ""target_threshold"": 0.0025, ""vol_windows"": [24, 48]}","{""colsample_bytree"": 1.0, ""gamma"": 0.0, ""learning_rate"": 0.03, ""max_depth"": 5, ""min_child_weight"": 1, ""n_estimators"": 250, ""subsample"": 1.0}",4,6197,0.7116346619331935,0.009551022042778582,2.1664254380079834e+25,2192.578913547333,0.1750315517613955,58.49590600059035
stage2,8666,44,0.58,74772,24,"{""atr_period"": 7, ""horizon_h"": 6, ""ma_windows"": [6, 18, 72], ""mtf_intervals"": [""1d""], ""ret_windows"": [1, 6, 12, 24, 48], ""rsi_period"": 21, ""target_threshold"": 0.0025, ""vol_windows"": [24, 48]}","{""colsample_bytree"": 1.0, ""gamma"": 0.0, ""learning_rate"": 0.03, ""max_depth"": 5, ""min_child_weight"": 1, ""n_estimators"": 250, ""subsample"": 1.0}",4,5320,0.7368421052631579,0.010526858574578522,9.351608554549547e+23,2192.578913547333,0.1340952945099929,55.401646410838715
stage2,8666,44,0.6,74772,24,"{""atr_period"": 7, ""horizon_h"": 6, ""ma_windows"": [6, 18, 72], ""mtf_intervals"": [""1d""], ""ret_windows"": [1, 6, 12, 24, 48], ""rsi_period"": 21, ""target_threshold"": 0.0025, ""vol_windows"": [24, 48]}","{""colsample_bytree"": 1.0, ""gamma"": 0.0, ""learning_rate"": 0.03, ""max_depth"": 5, ""min_child_weight"": 1, ""n_estimators"": 250, ""subsample"": 1.0}",4,4766,0.7547209399916072,0.011277424582214927,1.0107387989039564e+23,2192.578913547333,0.1298266129012532,53.199221528575855
stage2,8666,44,0.62,74772,24,"{""atr_period"": 7, ""horizon_h"": 6, ""ma_windows"": [6, 18, 72], ""mtf_intervals"": [""1d""], ""ret_windows"": [1, 6, 12, 24, 48], ""rsi_period"": 21, ""target_threshold"": 0.0025, ""vol_windows"": [24, 48]}","{""colsample_bytree"": 1.0, ""gamma"": 0.0, ""learning_rate"": 0.03, ""max_depth"": 5, ""min_child_weight"": 1, ""n_estimators"": 250, ""subsample"": 1.0}",4,4253,0.7683987773336468,0.011955482715653762,5.737424235024264e+21,2192.578913547333,0.1174420640267434,50.35293917452868
stage2,8666,44,0.65,74772,24,"{""atr_period"": 7, ""horizon_h"": 6, ""ma_windows"": [6, 18, 72], ""mtf_intervals"": [""1d""], ""ret_windows"": [1, 6, 12, 24, 48], ""rsi_period"": 21, ""target_threshold"": 0.0025, ""vol_windows"": [24, 48]}","{""colsample_bytree"": 1.0, ""gamma"": 0.0, ""learning_rate"": 0.03, ""max_depth"": 5, ""min_child_weight"": 1, ""n_estimators"": 250, ""subsample"": 1.0}",4,3518,0.7839681637293917,0.013091710235236104,5.043059442058931e+19,2192.578913547333,0.08477639514312119,45.65664971224904
stage2,8666,23,0.52,74772,24,"{""atr_period"": 7, ""horizon_h"": 6, ""ma_windows"": [6, 18, 72], ""mtf_intervals"": [""1d""], ""ret_windows"": [1, 6, 12, 24, 48], ""rsi_period"": 21, ""target_threshold"": 0.0025, ""vol_windows"": [24, 48]}","{""colsample_bytree"": 1.0, ""gamma"": 0.2, ""learning_rate"": 0.07, ""max_depth"": 3, ""min_child_weight"": 5, ""n_estimators"": 250, ""subsample"": 0.7}",4,6860,0.6931486880466472,0.008860934078501062,1.032482921224248e+26,2192.578913547333,0.18589459421013999,60.03163804833452
stage2,8666,23,0.55,74772,24,"{""atr_period"": 7, ""horizon_h"": 6, ""ma_windows"": [6, 18, 72], ""mtf_intervals"": [""1d""], ""ret_windows"": [1, 6, 12, 24, 48], ""rsi_period"": 21, ""target_threshold"": 0.0025, ""vol_windows"": [24, 48]}","{""colsample_bytree"": 1.0, ""gamma"": 0.2, ""learning_rate"": 0.07, ""max_depth"": 3, ""min_child_weight"": 5, ""n_estimators"": 250, ""subsample"": 0.7}",4,5866,0.7117286055233549,0.009722700957861522,2.5580196356110325e+24,2192.578913547333,0.1454973785441026,56.375691413951365
stage2,8666,23,0.58,74772,24,"{""atr_period"": 7, ""horizon_h"": 6, ""ma_windows"": [6, 18, 72], ""mtf_intervals"": [""1d""], ""ret_windows"": [1, 6, 12, 24, 48], ""rsi_period"": 21, ""target_threshold"": 0.0025, ""vol_windows"": [24, 48]}","{""colsample_bytree"": 1.0, ""gamma"": 0.2, ""learning_rate"": 0.07, ""max_depth"": 3, ""min_child_weight"": 5, ""n_estimators"": 250, ""subsample"": 0.7}",4,4987,0.7377180669741328,0.010740343001669539,8.33099181636321e+22,2192.578913547333,0.1298266129012533,52.98803845169187
stage2,8666,23,0.6,74772,24,"{""atr_period"": 7, ""horizon_h"": 6, ""ma_windows"": [6, 18, 72], ""mtf_intervals"": [""1d""], ""ret_windows"": [1, 6, 12, 24, 48], ""rsi_period"": 21, ""target_threshold"": 0.0025, ""vol_windows"": [24, 48]}","{""colsample_bytree"": 1.0, ""gamma"": 0.2, ""learning_rate"": 0.07, ""max_depth"": 3, ""min_child_weight"": 5, ""n_estimators"": 250, ""subsample"": 0.7}",4,4462,0.7498879426266248,0.01142125690099421,6.391636239379933e+21,2192.578913547333,0.12982661290125308,50.43564435384539
stage2,8666,23,0.62,74772,24,"{""atr_period"": 7, ""horizon_h"": 6, ""ma_windows"": [6, 18, 72], ""mtf_intervals"": [""1d""], ""ret_windows"": [1, 6, 12, 24, 48], ""rsi_period"": 21, ""target_threshold"": 0.0025, ""vol_windows"": [24, 48]}","{""colsample_bytree"": 1.0, ""gamma"": 0.2, ""learning_rate"": 0.07, ""max_depth"": 3, ""min_child_weight"": 5, ""n_estimators"": 250, ""subsample"": 0.7}",4,3969,0.7598891408415218,0.012054979620881893,2.9374374181987897e+20,2192.578913547333,0.11744206402674351,47.37486955230818
stage2,8666,23,0.65,74772,24,"{""atr_period"": 7, ""horizon_h"": 6, ""ma_windows"": [6, 18, 72], ""mtf_intervals"": [""1d""], ""ret_windows"": [1, 6, 12, 24, 48], ""rsi_period"": 21, ""target_threshold"": 0.0025, ""vol_windows"": [24, 48]}","{""colsample_bytree"": 1.0, ""gamma"": 0.2, ""learning_rate"": 0.07, ""max_depth"": 3, ""min_child_weight"": 5, ""n_estimators"": 250, ""subsample"": 0.7}",4,3247,0.7770249461040961,0.013279519905958088,2.753157485527183e+18,2192.578913547333,0.07092643614738758,42.7516730015333
stage2,2546,51,0.52,74772,24,"{""atr_period"": 14, ""horizon_h"": 6, ""ma_windows"": [8, 24, 96], ""mtf_intervals"": [""1d""], ""ret_windows"": [1, 3, 6, 12, 24], ""rsi_period"": 21, ""target_threshold"": 0.0025, ""vol_windows"": [24, 48]}","{""colsample_bytree"": 0.7, ""gamma"": 0.2, ""learning_rate"": 0.07, ""max_depth"": 5, ""min_child_weight"": 5, ""n_estimators"": 250, ""subsample"": 0.7}",4,7439,0.6885334050275574,0.008503604799161882,1.1972222965647245e+27,2192.578913547333,0.21341759416310047,62.46194839692244
stage2,2546,51,0.55,74772,24,"{""atr_period"": 14, ""horizon_h"": 6, ""ma_windows"": [8, 24, 96], ""mtf_intervals"": [""1d""], ""ret_windows"": [1, 3, 6, 12, 24], ""rsi_period"": 21, ""target_threshold"": 0.0025, ""vol_windows"": [24, 48]}","{""colsample_bytree"": 0.7, ""gamma"": 0.2, ""learning_rate"": 0.07, ""max_depth"": 5, ""min_child_weight"": 5, ""n_estimators"": 250, ""subsample"": 0.7}",4,6563,0.7088221849763827,0.009253951743791608,9.960810697259175e+25,2192.578913547333,0.17503155176139562,60.016859374493116
stage2,2546,51,0.58,74772,24,"{""atr_period"": 14, ""horizon_h"": 6, ""ma_windows"": [8, 24, 96], ""mtf_intervals"": [""1d""], ""ret_windows"": [1, 3, 6, 12, 24], ""rsi_period"": 21, ""target_threshold"": 0.0025, ""vol_windows"": [24, 48]}","{""colsample_bytree"": 0.7, ""gamma"": 0.2, ""learning_rate"": 0.07, ""max_depth"": 5, ""min_child_weight"": 5, ""n_estimators"": 250, ""subsample"": 0.7}",4,5731,0.7297155819228756,0.01012413600357516,6.934499355110344e+24,2192.578913547333,0.1340952945099929,57.39626899828596
stage2,2546,51,0.6,74772,24,"{""atr_period"": 14, ""horizon_h"": 6, ""ma_windows"": [8, 24, 96], ""mtf_intervals"": [""1d""], ""ret_windows"": [1, 3, 6, 12, 24], ""rsi_period"": 21, ""target_threshold"": 0.0025, ""vol_windows"": [24, 48]}","{""colsample_bytree"": 0.7, ""gamma"": 0.2, ""learning_rate"": 0.07, ""max_depth"": 5, ""min_child_weight"": 5, ""n_estimators"": 250, ""subsample"": 0.7}",4,5199,0.7414887478361223,0.010663764921858882,5.424511291783253e+23,2192.578913547333,0.13409529450999302,54.86183842015659
stage2,2546,51,0.62,74772,24,"{""atr_period"": 14, ""horizon_h"": 6, ""ma_windows"": [8, 24, 96], ""mtf_intervals"": [""1d""], ""ret_windows"": [1, 3, 6, 12, 24], ""rsi_period"": 21, ""target_threshold"": 0.0025, ""vol_windows"": [24, 48]}","{""colsample_bytree"": 0.7, ""gamma"": 0.2, ""learning_rate"": 0.07, ""max_depth"": 5, ""min_child_weight"": 5, ""n_estimators"": 250, ""subsample"": 0.7}",4,4670,0.7554603854389722,0.011290511783155373,3.7141965870848203e+22,2192.578913547333,0.1340952945099929,52.19667919412384
stage2,2546,51,0.65,74772,24,"{""atr_period"": 14, ""horizon_h"": 6, ""ma_windows"": [8, 24, 96], ""mtf_intervals"": [""1d""], ""ret_windows"": [1, 3, 6, 12, 24], ""rsi_period"": 21, ""target_threshold"": 0.0025, ""vol_windows"": [24, 48]}","{""colsample_bytree"": 0.7, ""gamma"": 0.2, ""learning_rate"": 0.07, ""max_depth"": 5, ""min_child_weight"": 5, ""n_estimators"": 250, ""subsample"": 0.7}",4,3993,0.7756073127973955,0.01227856806318294,9.607876747953118e+20,2192.578913547333,0.11367352658685614,48.57616274796143
stage2,2546,58,0.52,74772,24,"{""atr_period"": 14, ""horizon_h"": 6, ""ma_windows"": [8, 24, 96], ""mtf_intervals"": [""1d""], ""ret_windows"": [1, 3, 6, 12, 24], ""rsi_period"": 21, ""target_threshold"": 0.0025, ""vol_windows"": [24, 48]}","{""colsample_bytree"": 0.7, ""gamma"": 0.0, ""learning_rate"": 0.07, ""max_depth"": 5, ""min_child_weight"": 5, ""n_estimators"": 250, ""subsample"": 1.0}",4,7484,0.6890700160342063,0.00852766371628205,2.080450910969675e+27,2192.578913547333,0.27646866277621684,62.983625156347735
stage2,2546,58,0.55,74772,24,"{""atr_period"": 14, ""horizon_h"": 6, ""ma_windows"": [8, 24, 96], ""mtf_intervals"": [""1d""], ""ret_windows"": [1, 3, 6, 12, 24], ""rsi_period"": 21, ""target_threshold"": 0.0025, ""vol_windows"": [24, 48]}","{""colsample_bytree"": 0.7, ""gamma"": 0.0, ""learning_rate"": 0.07, ""max_depth"": 5, ""min_child_weight"": 5, ""n_estimators"": 250, ""subsample"": 1.0}",4,6537,0.7058283616337769,0.009279151985953275,9.235596593072125e+25,2192.578913547333,0.17503155176139562,59.93907266703693
stage2,2546,58,0.58,74772,24,"{""atr_period"": 14, ""horizon_h"": 6, ""ma_windows"": [8, 24, 96], ""mtf_intervals"": [""1d""], ""ret_windows"": [1, 3, 6, 12, 24], ""rsi_period"": 21, ""target_threshold"": 0.0025, ""vol_windows"": [24, 48]}","{""colsample_bytree"": 0.7, ""gamma"": 0.0, ""learning_rate"": 0.07, ""max_depth"": 5, ""min_child_weight"": 5, ""n_estimators"": 250, ""subsample"": 1.0}",4,5712,0.7228641456582633,0.010044194527556938,3.6195845042766836e+24,2192.578913547333,0.14908975800558932,56.732501467027454
stage2,2546,58,0.6,74772,24,"{""atr_period"": 14, ""horizon_h"": 6, ""ma_windows"": [8, 24, 96], ""mtf_intervals"": [""1d""], ""ret_windows"": [1, 3, 6, 12, 24], ""rsi_period"": 21, ""target_threshold"": 0.0025, ""vol_windows"": [24, 48]}","{""colsample_bytree"": 0.7, ""gamma"": 0.0, ""learning_rate"": 0.07, ""max_depth"": 5, ""min_child_weight"": 5, ""n_estimators"": 250, ""subsample"": 1.0}",4,5196,0.7396073903002309,0.010621331986636253,4.1938498956801894e+23,2192.578913547333,0.1369793675523303,54.601243164806704
stage2,2546,58,0.62,74772,24,"{""atr_period"": 14, ""horizon_h"": 6, ""ma_windows"": [8, 24, 96], ""mtf_intervals"": [""1d""], ""ret_windows"": [1, 3, 6, 12, 24], ""rsi_period"": 21, ""target_threshold"": 0.0025, ""vol_windows"": [24, 48]}","{""colsample_bytree"": 0.7, ""gamma"": 0.0, ""learning_rate"": 0.07, ""max_depth"": 5, ""min_child_weight"": 5, ""n_estimators"": 250, ""subsample"": 1.0}",4,4675,0.7585026737967915,0.011321665933606933,4.51824400272875e+22,2192.578913547333,0.1369793675523303,52.393881251988034
stage2,2546,58,0.65,74772,24,"{""atr_period"": 14, ""horizon_h"": 6, ""ma_windows"": [8, 24, 96], ""mtf_intervals"": [""1d""], ""ret_windows"": [1, 3, 6, 12, 24], ""rsi_period"": 21, ""target_threshold"": 0.0025, ""vol_windows"": [24, 48]}","{""colsample_bytree"": 0.7, ""gamma"": 0.0, ""learning_rate"": 0.07, ""max_depth"": 5, ""min_child_weight"": 5, ""n_estimators"": 250, ""subsample"": 1.0}",4,3991,0.7764971185166625,0.012325113867423854,1.1197334535824715e+21,2192.578913547333,0.0941548999032017,48.74009877778668
stage2,2546,50,0.52,74772,24,"{""atr_period"": 14, ""horizon_h"": 6, ""ma_windows"": [8, 24, 96], ""mtf_intervals"": [""1d""], ""ret_windows"": [1, 3, 6, 12, 24], ""rsi_period"": 21, ""target_threshold"": 0.0025, ""vol_windows"": [24, 48]}","{""colsample_bytree"": 0.7, ""gamma"": 0.0, ""learning_rate"": 0.07, ""max_depth"": 5, ""min_child_weight"": 5, ""n_estimators"": 250, ""subsample"": 0.7}",4,7467,0.6875585911343244,0.008454216911096732,1.047937761309239e+27,2192.578913547333,0.275209865953458,62.29669738213035
stage2,2546,50,0.55,74772,24,"{""atr_period"": 14, ""horizon_h"": 6, ""ma_windows"": [8, 24, 96], ""mtf_intervals"": [""1d""], ""ret_windows"": [1, 3, 6, 12, 24], ""rsi_period"": 21, ""target_threshold"": 0.0025, ""vol_windows"": [24, 48]}","{""colsample_bytree"": 0.7, ""gamma"": 0.0, ""learning_rate"": 0.07, ""max_depth"": 5, ""min_child_weight"": 5, ""n_estimators"": 250, ""subsample"": 0.7}",4,6597,0.7092617856601485,0.009262708500648744,1.441855985817536e+26,2192.578913547333,0.15794009483372573,60.395684629697925
stage2,2546,50,0.58,74772,24,"{""atr_period"": 14, ""horizon_h"": 6, ""ma_windows"": [8, 24, 96], ""mtf_intervals"": [""1d""], ""ret_windows"": [1, 3, 6, 12, 24], ""rsi_period"": 21, ""target_threshold"": 0.0025, ""vol_windows"": [24, 48]}","{""colsample_bytree"": 0.7, ""gamma"": 0.0, ""learning_rate"": 0.07, ""max_depth"": 5, ""min_child_weight"": 5, ""n_estimators"": 250, ""subsample"": 0.7}",4,5778,0.729491173416407,0.010061567331681108,7.767940478661208e+24,2192.578913547333,0.1340952945099929,57.50908513057209
stage2,2546,50,0.6,74772,24,"{""atr_period"": 14, ""horizon_h"": 6, ""ma_windows"": [8, 24, 96], ""mtf_intervals"": [""1d""], ""ret_windows"": [1, 3, 6, 12, 24], ""rsi_period"": 21, ""target_threshold"": 0.0025, ""vol_windows"": [24, 48]}","{""colsample_bytree"": 0.7, ""gamma"": 0.0, ""learning_rate"": 0.07, ""max_depth"": 5, ""min_child_weight"": 5, ""n_estimators"": 250, ""subsample"": 0.7}",4,5240,0.7419847328244275,0.010605728086494149,6.178180377902878e+23,2192.578913547333,0.1340952945099929,54.991866893441454
stage2,2546,50,0.62,74772,24,"{""atr_period"": 14, ""horizon_h"": 6, ""ma_windows"": [8, 24, 96], ""mtf_intervals"": [""1d""], ""ret_windows"": [1, 3, 6, 12, 24], ""rsi_period"": 21, ""target_threshold"": 0.0025, ""vol_windows"": [24, 48]}","{""colsample_bytree"": 0.7, ""gamma"": 0.0, ""learning_rate"": 0.07, ""max_depth"": 5, ""min_child_weight"": 5, ""n_estimators"": 250, ""subsample"": 0.7}",4,4698,0.7579821200510856,0.01128089026735088,4.863000965173891e+22,2192.578913547333,0.11367352658685625,52.47832383064982
stage2,2546,50,0.65,74772,24,"{""atr_period"": 14, ""horizon_h"": 6, ""ma_windows"": [8, 24, 96], ""mtf_intervals"": [""1d""], ""ret_windows"": [1, 3, 6, 12, 24], ""rsi_period"": 21, ""target_threshold"": 0.0025, ""vol_windows"": [24, 48]}","{""colsample_bytree"": 0.7, ""gamma"": 0.0, ""learning_rate"": 0.07, ""max_depth"": 5, ""min_child_weight"": 5, ""n_estimators"": 250, ""subsample"": 0.7}",4,4001,0.7763059235191202,0.012328612693364544,1.2900937207658767e+21,2192.578913547333,0.08580228057413053,48.88577432044117
stage2,2546,48,0.52,74772,24,"{""atr_period"": 14, ""horizon_h"": 6, ""ma_windows"": [8, 24, 96], ""mtf_intervals"": [""1d""], ""ret_windows"": [1, 3, 6, 12, 24], ""rsi_period"": 21, ""target_threshold"": 0.0025, ""vol_windows"": [24, 48]}","{""colsample_bytree"": 0.7, ""gamma"": 0.0, ""learning_rate"": 0.07, ""max_depth"": 5, ""min_child_weight"": 1, ""n_estimators"": 250, ""subsample"": 0.7}",4,7559,0.6856727080301627,0.008476754232990436,2.701908654042604e+27,2192.578913547333,0.23914296309673122,63.260536661751466
stage2,2546,48,0.55,74772,24,"{""atr_period"": 14, ""horizon_h"": 6, ""ma_windows"": [8, 24, 96], ""mtf_intervals"": [""1d""], ""ret_windows"": [1, 3, 6, 12, 24], ""rsi_period"": 21, ""target_threshold"": 0.0025, ""vol_windows"": [24, 48]}","{""colsample_bytree"": 0.7, ""gamma"": 0.0, ""learning_rate"": 0.07, ""max_depth"": 5, ""min_child_weight"": 1, ""n_estimators"": 250, ""subsample"": 0.7}",4,6667,0.703164841757912,0.00912594079530617,1.109781136034756e+26,2192.578913547333,0.23914296309673122,60.08734315720489
stage2,2546,48,0.58,74772,24,"{""atr_period"": 14, ""horizon_h"": 6, ""ma_windows"": [8, 24, 96], ""mtf_intervals"": [""1d""], ""ret_windows"": [1, 3, 6, 12, 24], ""rsi_period"": 21, ""target_threshold"": 0.0025, ""vol_windows"": [24, 48]}","{""colsample_bytree"": 0.7, ""gamma"": 0.0, ""learning_rate"": 0.07, ""max_depth"": 5, ""min_child_weight"": 1, ""n_estimators"": 250, ""subsample"": 0.7}",4,5806,0.7264898380985187,0.009986110730622284,6.593098616178479e+24,2192.578913547333,0.2134175941631008,57.302437628828095
stage2,2546,48,0.6,74772,24,"{""atr_period"": 14, ""horizon_h"": 6, ""ma_windows"": [8, 24, 96], ""mtf_intervals"": [""1d""], ""ret_windows"": [1, 3, 6, 12, 24], ""rsi_period"": 21, ""target_threshold"": 0.0025, ""vol_windows"": [24, 48]}","{""colsample_bytree"": 0.7, ""gamma"": 0.0, ""learning_rate"": 0.07, ""max_depth"": 5, ""min_child_weight"": 1, ""n_estimators"": 250, ""subsample"": 0.7}",4,5269,0.7373315619662175,0.010540555074316827,5.899681222851106e+23,2192.578913547333,0.1802875897112125,54.918401353601716
stage2,2546,48,0.62,74772,24,"{""atr_period"": 14, ""horizon_h"": 6, ""ma_windows"": [8, 24, 96], ""mtf_intervals"": [""1d""], ""ret_windows"": [1, 3, 6, 12, 24], ""rsi_period"": 21, ""target_threshold"": 0.0025, ""vol_windows"": [24, 48]}","{""colsample_bytree"": 0.7, ""gamma"": 0.0, ""learning_rate"": 0.07, ""max_depth"": 5, ""min_child_weight"": 1, ""n_estimators"": 250, ""subsample"": 0.7}",4,4763,0.7514171740499686,0.011129438894461144,4.88431132883223e+22,2192.578913547333,0.12177149869550197,52.472183845775916
stage2,2546,48,0.65,74772,24,"{""atr_period"": 14, ""horizon_h"": 6, ""ma_windows"": [8, 24, 96], ""mtf_intervals"": [""1d""], ""ret_windows"": [1, 3, 6, 12, 24], ""rsi_period"": 21, ""target_threshold"": 0.0025, ""vol_windows"": [24, 48]}","{""colsample_bytree"": 0.7, ""gamma"": 0.0, ""learning_rate"": 0.07, ""max_depth"": 5, ""min_child_weight"": 1, ""n_estimators"": 250, ""subsample"": 0.7}",4,4053,0.768319763138416,0.012082637318496403,9.000838944043459e+20,2192.578913547333,0.12177149869550186,48.49945080858857
stage2,2546,57,0.52,74772,24,"{""atr_period"": 14, ""horizon_h"": 6, ""ma_windows"": [8, 24, 96], ""mtf_intervals"": [""1d""], ""ret_windows"": [1, 3, 6, 12, 24], ""rsi_period"": 21, ""target_threshold"": 0.0025, ""vol_windows"": [24, 48]}","{""colsample_bytree"": 0.7, ""gamma"": 0.2, ""learning_rate"": 0.07, ""max_depth"": 5, ""min_child_weight"": 1, ""n_estimators"": 250, ""subsample"": 1.0}",4,7467,0.6875585911343244,0.008471086918578188,1.186133520594752e+27,2192.578913547333,0.19197330947919733,62.46232529919719
stage2,2546,57,0.55,74772,24,"{""atr_period"": 14, ""horizon_h"": 6, ""ma_windows"": [8, 24, 96], ""mtf_intervals"": [""1d""], ""ret_windows"": [1, 3, 6, 12, 24], ""rsi_period"": 21, ""target_threshold"": 0.0025, ""vol_windows"": [24, 48]}","{""colsample_bytree"": 0.7, ""gamma"": 0.2, ""learning_rate"": 0.07, ""max_depth"": 5, ""min_child_weight"": 1, ""n_estimators"": 250, ""subsample"": 1.0}",4,6553,0.7080726384861895,0.009241040533979668,8.364964386867446e+25,2192.578913547333,0.17503155176139562,59.84155006106317
stage2,2546,57,0.58,74772,24,"{""atr_period"": 14, ""horizon_h"": 6, ""ma_windows"": [8, 24, 96], ""mtf_intervals"": [""1d""], ""ret_windows"": [1, 3, 6, 12, 24], ""rsi_period"": 21, ""target_threshold"": 0.0025, ""vol_windows"": [24, 48]}","{""colsample_bytree"": 0.7, ""gamma"": 0.2, ""learning_rate"": 0.07, ""max_depth"": 5, ""min_child_weight"": 1, ""n_estimators"": 250, ""subsample"": 1.0}",4,5658,0.7258748674443266,0.010025417134043736,1.893769737722191e+24,2192.578913547333,0.1750315517613953,56.07399909978501
stage2,2546,57,0.6,74772,24,"{""atr_period"": 14, ""horizon_h"": 6, ""ma_windows"": [8, 24, 96], ""mtf_intervals"": [""1d""], ""ret_windows"": [1, 3, 6, 12, 24], ""rsi_period"": 21, ""target_threshold"": 0.0025, ""vol_windows"": [24, 48]}","{""colsample_bytree"": 0.7, ""gamma"": 0.2, ""learning_rate"": 0.07, ""max_depth"": 5, ""min_child_weight"": 1, ""n_estimators"": 250, ""subsample"": 1.0}",4,5161,0.7372602208874249,0.010573367514163998,2.2561043194612578e+23,2192.578913547333,0.1750315517613953,53.959976053268285
stage2,2546,57,0.62,74772,24,"{""atr_period"": 14, ""horizon_h"": 6, ""ma_windows"": [8, 24, 96], ""mtf_intervals"": [""1d""], ""ret_windows"": [1, 3, 6, 12, 24], ""rsi_period"": 21, ""target_threshold"": 0.0025, ""vol_windows"": [24, 48]}","{""colsample_bytree"": 0.7, ""gamma"": 0.2, ""learning_rate"": 0.07, ""max_depth"": 5, ""min_child_weight"": 1, ""n_estimators"": 250, ""subsample"": 1.0}",4,4681,0.7532578508865627,0.011209126765211392,2.849159914501749e+22,2192.578913547333,0.13803269267428397,51.927159178349584
stage2,2546,57,0.65,74772,24,"{""atr_period"": 14, ""horizon_h"": 6, ""ma_windows"": [8, 24, 96], ""mtf_intervals"": [""1d""], ""ret_windows"": [1, 3, 6, 12, 24], ""rsi_period"": 21, ""target_threshold"": 0.0025, ""vol_windows"": [24, 48]}","{""colsample_bytree"": 0.7, ""gamma"": 0.2, ""learning_rate"": 0.07, ""max_depth"": 5, ""min_child_weight"": 1, ""n_estimators"": 250, ""subsample"": 1.0}",4,3962,0.7743563856638062,0.012266193380622882,6.23677621771132e+20,2192.578913547333,0.12177149869550197,48.13889418321332
stage2,2546,61,0.52,74772,24,"{""atr_period"": 14, ""horizon_h"": 6, ""ma_windows"": [8, 24, 96], ""mtf_intervals"": [""1d""], ""ret_windows"": [1, 3, 6, 12, 24], ""rsi_period"": 21, ""target_threshold"": 0.0025, ""vol_windows"": [24, 48]}","{""colsample_bytree"": 1.0, ""gamma"": 0.2, ""learning_rate"": 0.07, ""max_depth"": 5, ""min_child_weight"": 1, ""n_estimators"": 250, ""subsample"": 1.0}",4,7577,0.6821961198363469,0.008405162823538672,1.831789062567498e+27,2192.578913547333,0.1858945942101401,62.895141531294385
stage2,2546,61,0.55,74772,24,"{""atr_period"": 14, ""horizon_h"": 6, ""ma_windows"": [8, 24, 96], ""mtf_intervals"": [""1d""], ""ret_windows"": [1, 3, 6, 12, 24], ""rsi_period"": 21, ""target_threshold"": 0.0025, ""vol_windows"": [24, 48]}","{""colsample_bytree"": 1.0, ""gamma"": 0.2, ""learning_rate"": 0.07, ""max_depth"": 5, ""min_child_weight"": 1, ""n_estimators"": 250, ""subsample"": 1.0}",4,6667,0.7021148942552873,0.009168028737793153,1.4753507807338472e+26,2192.578913547333,0.18589459421013999,60.39819704501107
stage2,2546,61,0.58,74772,24,"{""atr_period"": 14, ""horizon_h"": 6, ""ma_windows"": [8, 24, 96], ""mtf_intervals"": [""1d""], ""ret_windows"": [1, 3, 6, 12, 24], ""rsi_period"": 21, ""target_threshold"": 0.0025, ""vol_windows"": [24, 48]}","{""colsample_bytree"": 1.0, ""gamma"": 0.2, ""learning_rate"": 0.07, ""max_depth"": 5, ""min_child_weight"": 1, ""n_estimators"": 250, ""subsample"": 1.0}",4,5832,0.7241083676268861,0.010005679697723969,9.609427324786461e+24,2192.578913547333,0.14908975800558943,57.709574114150655
stage2,2546,61,0.6,74772,24,"{""atr_period"": 14, ""horizon_h"": 6, ""ma_windows"": [8, 24, 96], ""mtf_intervals"": [""1d""], ""ret_windows"": [1, 3, 6, 12, 24], ""rsi_period"": 21, ""target_threshold"": 0.0025, ""vol_windows"": [24, 48]}","{""colsample_bytree"": 1.0, ""gamma"": 0.2, ""learning_rate"": 0.07, ""max_depth"": 5, ""min_child_weight"": 1, ""n_estimators"": 250, ""subsample"": 1.0}",4,5282,0.7375993941688754,0.010623836771445018,1.0507475306144243e+24,2192.578913547333,0.1327249036623258,55.52025183431579
stage2,2546,61,0.62,74772,24,"{""atr_period"": 14, ""horizon_h"": 6, ""ma_windows"": [8, 24, 96], ""mtf_intervals"": [""1d""], ""ret_windows"": [1, 3, 6, 12, 24], ""rsi_period"": 21, ""target_threshold"": 0.0025, ""vol_windows"": [24, 48]}","{""colsample_bytree"": 1.0, ""gamma"": 0.2, ""learning_rate"": 0.07, ""max_depth"": 5, ""min_child_weight"": 1, ""n_estimators"": 250, ""subsample"": 1.0}",4,4779,0.7553881565181,0.011275460430746894,1.1637384619798834e+23,2192.578913547333,0.1327249036623258,53.33924653073451
stage2,2546,61,0.65,74772,24,"{""atr_period"": 14, ""horizon_h"": 6, ""ma_windows"": [8, 24, 96], ""mtf_intervals"": [""1d""], ""ret_windows"": [1, 3, 6, 12, 24], ""rsi_period"": 21, ""target_threshold"": 0.0025, ""vol_windows"": [24, 48]}","{""colsample_bytree"": 1.0, ""gamma"": 0.2, ""learning_rate"": 0.07, ""max_depth"": 5, ""min_child_weight"": 1, ""n_estimators"": 250, ""subsample"": 1.0}",4,4080,0.7715686274509804,0.012247500270168377,2.4363055941159606e+21,2192.578913547333,0.089689322692876,49.515159986774705
stage2,2546,38,0.52,74772,24,"{""atr_period"": 14, ""horizon_h"": 6, ""ma_windows"": [8, 24, 96], ""mtf_intervals"": [""1d""], ""ret_windows"": [1, 3, 6, 12, 24], ""rsi_period"": 21, ""target_threshold"": 0.0025, ""vol_windows"": [24, 48]}","{""colsample_bytree"": 1.0, ""gamma"": 0.0, ""learning_rate"": 0.03, ""max_depth"": 5, ""min_child_weight"": 5, ""n_estimators"": 250, ""subsample"": 0.7}",4,7114,0.6963733483272421,0.0088591607531637,9.516586512843108e+26,2192.578913547333,0.18589459421013999,62.25527331035734
stage2,2546,38,0.55,74772,24,"{""atr_period"": 14, ""horizon_h"": 6, ""ma_windows"": [8, 24, 96], ""mtf_intervals"": [""1d""], ""ret_windows"": [1, 3, 6, 12, 24], ""rsi_period"": 21, ""target_threshold"": 0.0025, ""vol_windows"": [24, 48]}","{""colsample_bytree"": 1.0, ""gamma"": 0.0, ""learning_rate"": 0.03, ""max_depth"": 5, ""min_child_weight"": 5, ""n_estimators"": 250, ""subsample"": 0.7}",4,6191,0.715554837667582,0.009634260841483765,3.401451010509877e+25,2192.578913547333,0.1750315517613955,58.95083161421604
stage2,2546,38,0.58,74772,24,"{""atr_period"": 14, ""horizon_h"": 6, ""ma_windows"": [8, 24, 96], ""mtf_intervals"": [""1d""], ""ret_windows"": [1, 3, 6, 12, 24], ""rsi_period"": 21, ""target_threshold"": 0.0025, ""vol_windows"": [24, 48]}","{""colsample_bytree"": 1.0, ""gamma"": 0.0, ""learning_rate"": 0.03, ""max_depth"": 5, ""min_child_weight"": 5, ""n_estimators"": 250, ""subsample"": 0.7}",4,5331,0.7388857625211029,0.010616759216414898,1.6934319109652343e+24,2192.578913547333,0.13409529450999336,55.9977944547151
stage2,2546,38,0.6,74772,24,"{""atr_period"": 14, ""horizon_h"": 6, ""ma_windows"": [8, 24, 96], ""mtf_intervals"": [""1d""], ""ret_windows"": [1, 3, 6, 12, 24], ""rsi_period"": 21, ""target_threshold"": 0.0025, ""vol_windows"": [24, 48]}","{""colsample_bytree"": 1.0, ""gamma"": 0.0, ""learning_rate"": 0.03, ""max_depth"": 5, ""min_child_weight"": 5, ""n_estimators"": 250, ""subsample"": 0.7}",4,4792,0.7545909849749582,0.01132996512706118,1.7353281553296296e+23,2192.578913547333,0.1340952945099927,53.737918534637416
stage2,2546,38,0.62,74772,24,"{""atr_period"": 14, ""horizon_h"": 6, ""ma_windows"": [8, 24, 96], ""mtf_intervals"": [""1d""], ""ret_windows"": [1, 3, 6, 12, 24], ""rsi_period"": 21, ""target_threshold"": 0.0025, ""vol_windows"": [24, 48]}","{""colsample_bytree"": 1.0, ""gamma"": 0.0, ""learning_rate"": 0.03, ""max_depth"": 5, ""min_child_weight"": 5, ""n_estimators"": 250, ""subsample"": 0.7}",4,4316,0.7685356811862836,0.012000704847106244,1.4711677841915018e+22,2192.578913547333,0.08968932269287577,51.308918064676305
stage2,2546,38,0.65,74772,24,"{""atr_period"": 14, ""horizon_h"": 6, ""ma_windows"": [8, 24, 96], ""mtf_intervals"": [""1d""], ""ret_windows"": [1, 3, 6, 12, 24], ""rsi_period"": 21, ""target_threshold"": 0.0025, ""vol_windows"": [24, 48]}","{""colsample_bytree"": 1.0, ""gamma"": 0.0, ""learning_rate"": 0.03, ""max_depth"": 5, ""min_child_weight"": 5, ""n_estimators"": 250, ""subsample"": 0.7}",4,3598,0.7859922178988327,0.013118785235950378,1.568274775949571e+20,2192.578913547333,0.08968932269287588,46.79057740108043
stage2,2546,36,0.52,74772,24,"{""atr_period"": 14, ""horizon_h"": 6, ""ma_windows"": [8, 24, 96], ""mtf_intervals"": [""1d""], ""ret_windows"": [1, 3, 6, 12, 24], ""rsi_period"": 21, ""target_threshold"": 0.0025, ""vol_windows"": [24, 48]}","{""colsample_bytree"": 1.0, ""gamma"": 0.0, ""learning_rate"": 0.03, ""max_depth"": 5, ""min_child_weight"": 1, ""n_estimators"": 250, ""subsample"": 0.7}",4,7085,0.6961185603387439,0.008867381772914696,7.818170529126592e+26,2192.578913547333,0.18589459421013999,62.0585496026996
stage2,2546,36,0.55,74772,24,"{""atr_period"": 14, ""horizon_h"": 6, ""ma_windows"": [8, 24, 96], ""mtf_intervals"": [""1d""], ""ret_windows"": [1, 3, 6, 12, 24], ""rsi_period"": 21, ""target_threshold"": 0.0025, ""vol_windows"": [24, 48]}","{""colsample_bytree"": 1.0, ""gamma"": 0.0, ""learning_rate"": 0.03, ""max_depth"": 5, ""min_child_weight"": 1, ""n_estimators"": 250, ""subsample"": 0.7}",4,6192,0.7165697674418605,0.009682918774713218,4.62362676716013e+25,2192.578913547333,0.1750315517613954,59.259010124789356
stage2,2546,36,0.58,74772,24,"{""atr_period"": 14, ""horizon_h"": 6, ""ma_windows"": [8, 24, 96], ""mtf_intervals"": [""1d""], ""ret_windows"": [1, 3, 6, 12, 24], ""rsi_period"": 21, ""target_threshold"": 0.0025, ""vol_windows"": [24, 48]}","{""colsample_bytree"": 1.0, ""gamma"": 0.0, ""learning_rate"": 0.03, ""max_depth"": 5, ""min_child_weight"": 1, ""n_estimators"": 250, ""subsample"": 0.7}",4,5329,0.7380371551885907,0.01062570166142152,1.734130551509608e+24,2192.578913547333,0.13409529450999302,56.02093608678983
stage2,2546,36,0.6,74772,24,"{""atr_period"": 14, ""horizon_h"": 6, ""ma_windows"": [8, 24, 96], ""mtf_intervals"": [""1d""], ""ret_windows"": [1, 3, 6, 12, 24], ""rsi_period"": 21, ""target_threshold"": 0.0025, ""vol_windows"": [24, 48]}","{""colsample_bytree"": 1.0, ""gamma"": 0.0, ""learning_rate"": 0.03, ""max_depth"": 5, ""min_child_weight"": 1, ""n_estimators"": 250, ""subsample"": 0.7}",4,4835,0.7528438469493278,0.01126107027218955,2.014755402908434e+23,2192.578913547333,0.1340952945099929,53.88527093124077
stage2,2546,36,0.62,74772,24,"{""atr_period"": 14, ""horizon_h"": 6, ""ma_windows"": [8, 24, 96], ""mtf_intervals"": [""1d""], ""ret_windows"": [1, 3, 6, 12, 24], ""rsi_period"": 21, ""target_threshold"": 0.0025, ""vol_windows"": [24, 48]}","{""colsample_bytree"": 1.0, ""gamma"": 0.0, ""learning_rate"": 0.03, ""max_depth"": 5, ""min_child_weight"": 1, ""n_estimators"": 250, ""subsample"": 0.7}",4,4340,0.7691244239631336,0.011994200969983156,1.8948630209655644e+22,2192.578913547333,0.10246331362828764,51.55604008745609
stage2,2546,36,0.65,74772,24,"{""atr_period"": 14, ""horizon_h"": 6, ""ma_windows"": [8, 24, 96], ""mtf_intervals"": [""1d""], ""ret_windows"": [1, 3, 6, 12, 24], ""rsi_period"": 21, ""target_threshold"": 0.0025, ""vol_windows"": [24, 48]}","{""colsample_bytree"": 1.0, ""gamma"": 0.0, ""learning_rate"": 0.03, ""max_depth"": 5, ""min_child_weight"": 1, ""n_estimators"": 250, ""subsample"": 0.7}",4,3613,0.7896484915582618,0.013134360397225467,2.021886252677375e+20,2192.578913547333,0.08968932269287588,47.04768173911693
stage2,2546,32,0.52,74772,24,"{""atr_period"": 14, ""horizon_h"": 6, ""ma_windows"": [8, 24, 96], ""mtf_intervals"": [""1d""], ""ret_windows"": [1, 3, 6, 12, 24], ""rsi_period"": 21, ""target_threshold"": 0.0025, ""vol_windows"": [24, 48]}","{""colsample_bytree"": 0.7, ""gamma"": 0.0, ""learning_rate"": 0.03, ""max_depth"": 5, ""min_child_weight"": 1, ""n_estimators"": 250, ""subsample"": 0.7}",4,7080,0.6984463276836158,0.00885795385953478,7.007407342307291e+26,2192.578913547333,0.2134175941631007,61.93709209511006
stage2,2546,32,0.55,74772,24,"{""atr_period"": 14, ""horizon_h"": 6, ""ma_windows"": [8, 24, 96], ""mtf_intervals"": [""1d""], ""ret_windows"": [1, 3, 6, 12, 24], ""rsi_period"": 21, ""target_threshold"": 0.0025, ""vol_windows"": [24, 48]}","{""colsample_bytree"": 0.7, ""gamma"": 0.0, ""learning_rate"": 0.03, ""max_depth"": 5, ""min_child_weight"": 1, ""n_estimators"": 250, ""subsample"": 0.7}",4,6109,0.7176297266328368,0.009777360929337528,3.7173007202843513e+25,2192.578913547333,0.1750315517613953,59.04243200978528
stage2,2546,32,0.58,74772,24,"{""atr_period"": 14, ""horizon_h"": 6, ""ma_windows"": [8, 24, 96], ""mtf_intervals"": [""1d""], ""ret_windows"": [1, 3, 6, 12, 24], ""rsi_period"": 21, ""target_threshold"": 0.0025, ""vol_windows"": [24, 48]}","{""colsample_bytree"": 0.7, ""gamma"": 0.0, ""learning_rate"": 0.03, ""max_depth"": 5, ""min_child_weight"": 1, ""n_estimators"": 250, ""subsample"": 0.7}",4,5241,0.7395535203205496,0.01072148480900227,1.1308194843057089e+24,2192.578913547333,0.16329037210844877,55.58075431776998
stage2,2546,32,0.6,74772,24,"{""atr_period"": 14, ""horizon_h"": 6, ""ma_windows"": [8, 24, 96], ""mtf_intervals"": [""1d""], ""ret_windows"": [1, 3, 6, 12, 24], ""rsi_period"": 21, ""target_threshold"": 0.0025, ""vol_windows"": [24, 48]}","{""colsample_bytree"": 0.7, ""gamma"": 0.0, ""learning_rate"": 0.03, ""max_depth"": 5, ""min_child_weight"": 1, ""n_estimators"": 250, ""subsample"": 0.7}",4,4682,0.754805638615976,0.011421182318705002,7.701687801058107e+22,2192.578913547333,0.12177149869550208,52.932639765746224
stage2,2546,32,0.62,74772,24,"{""atr_period"": 14, ""horizon_h"": 6, ""ma_windows"": [8, 24, 96], ""mtf_intervals"": [""1d""], ""ret_windows"": [1, 3, 6, 12, 24], ""rsi_period"": 21, ""target_threshold"": 0.0025, ""vol_windows"": [24, 48]}","{""colsample_bytree"": 0.7, ""gamma"": 0.0, ""learning_rate"": 0.03, ""max_depth"": 5, ""min_child_weight"": 1, ""n_estimators"": 250, ""subsample"": 0.7}",4,4185,0.7706093189964157,0.012209180902642332,7.34932920827497e+21,2192.578913547333,0.089689322692876,50.61821223882644
stage2,2546,32,0.65,74772,24,"{""atr_period"": 14, ""horizon_h"": 6, ""ma_windows"": [8, 24, 96], ""mtf_intervals"": [""1d""], ""ret_windows"": [1, 3, 6, 12, 24], ""rsi_period"": 21, ""target_threshold"": 0.0025, ""vol_windows"": [24, 48]}","{""colsample_bytree"": 0.7, ""gamma"": 0.0, ""learning_rate"": 0.03, ""max_depth"": 5, ""min_child_weight"": 1, ""n_estimators"": 250, ""subsample"": 0.7}",4,3495,0.788555078683834,0.01328615981099863,7.3515709682061574e+19,2192.578913547333,0.0896893226928761,46.036319474532604
stage2,2546,42,0.52,74772,24,"{""atr_period"": 14, ""horizon_h"": 6, ""ma_windows"": [8, 24, 96], ""mtf_intervals"": [""1d""], ""ret_windows"": [1, 3, 6, 12, 24], ""rsi_period"": 21, ""target_threshold"": 0.0025, ""vol_windows"": [24, 48]}","{""colsample_bytree"": 0.7, ""gamma"": 0.0, ""learning_rate"": 0.03, ""max_depth"": 5, ""min_child_weight"": 5, ""n_estimators"": 250, ""subsample"": 1.0}",4,7077,0.6946446234280063,0.00881578064282434,5.0822578143594525e+26,2192.578913547333,0.19197330947919722,61.62322332148717
stage2,2546,42,0.55,74772,24,"{""atr_period"": 14, ""horizon_h"": 6, ""ma_windows"": [8, 24, 96], ""mtf_intervals"": [""1d""], ""ret_windows"": [1, 3, 6, 12, 24], ""rsi_period"": 21, ""target_threshold"": 0.0025, ""vol_windows"": [24, 48]}","{""colsample_bytree"": 0.7, ""gamma"": 0.0, ""learning_rate"": 0.03, ""max_depth"": 5, ""min_child_weight"": 5, ""n_estimators"": 250, ""subsample"": 1.0}",4,6086,0.7160696680906999,0.009724906759413727,2.1643246704024463e+25,2192.578913547333,0.1750315517613953,58.49987491978228
stage2,2546,42,0.58,74772,24,"{""atr_period"": 14, ""horizon_h"": 6, ""ma_windows"": [8, 24, 96], ""mtf_intervals"": [""1d""], ""ret_windows"": [1, 3, 6, 12, 24], ""rsi_period"": 21, ""target_threshold"": 0.0025, ""vol_windows"": [24, 48]}","{""colsample_bytree"": 0.7, ""gamma"": 0.0, ""learning_rate"": 0.03, ""max_depth"": 5, ""min_child_weight"": 5, ""n_estimators"": 250, ""subsample"": 1.0}",4,5234,0.7374856706152082,0.01066453976584941,7.813594808835422e+23,2192.578913547333,0.1750315517613955,55.2031113583767
stage2,2546,42,0.6,74772,24,"{""atr_period"": 14, ""horizon_h"": 6, ""ma_windows"": [8, 24, 96], ""mtf_intervals"": [""1d""], ""ret_windows"": [1, 3, 6, 12, 24], ""rsi_period"": 21, ""target_threshold"": 0.0025, ""vol_windows"": [24, 48]}","{""colsample_bytree"": 0.7, ""gamma"": 0.0, ""learning_rate"": 0.03, ""max_depth"": 5, ""min_child_weight"": 5, ""n_estimators"": 250, ""subsample"": 1.0}",4,4683,0.7527226137091608,0.011405195046056419,7.25044092255475e+22,2192.578913547333,0.12177149869550208,52.870468231778446
stage2,2546,42,0.62,74772,24,"{""atr_period"": 14, ""horizon_h"": 6, ""ma_windows"": [8, 24, 96], ""mtf_intervals"": [""1d""], ""ret_windows"": [1, 3, 6, 12, 24], ""rsi_period"": 21, ""target_threshold"": 0.0025, ""vol_windows"": [24, 48]}","{""colsample_bytree"": 0.7, ""gamma"": 0.0, ""learning_rate"": 0.03, ""max_depth"": 5, ""min_child_weight"": 5, ""n_estimators"": 250, ""subsample"": 1.0}",4,4184,0.7719885277246654,0.012119606532044276,5.037732094975795e+21,2192.578913547333,0.09415489990320192,50.23871317701522
stage2,2546,42,0.65,74772,24,"{""atr_period"": 14, ""horizon_h"": 6, ""ma_windows"": [8, 24, 96], ""mtf_intervals"": [""1d""], ""ret_windows"": [1, 3, 6, 12, 24], ""rsi_period"": 21, ""target_threshold"": 0.0025, ""vol_windows"": [24, 48]}","{""colsample_bytree"": 0.7, ""gamma"": 0.0, ""learning_rate"": 0.03, ""max_depth"": 5, ""min_child_weight"": 5, ""n_estimators"": 250, ""subsample"": 1.0}",4,3482,0.7912119471568064,0.013290874111785192,6.315136266209756e+19,2192.578913547333,0.089689322692876,45.88651798991029
stage2,2546,44,0.52,74772,24,"{""atr_period"": 14, ""horizon_h"": 6, ""ma_windows"": [8, 24, 96], ""mtf_intervals"": [""1d""], ""ret_windows"": [1, 3, 6, 12, 24], ""rsi_period"": 21, ""target_threshold"": 0.0025, ""vol_windows"": [24, 48]}","{""colsample_bytree"": 1.0, ""gamma"": 0.0, ""learning_rate"": 0.03, ""max_depth"": 5, ""min_child_weight"": 1, ""n_estimators"": 250, ""subsample"": 1.0}",4,7104,0.6920045045045045,0.008773654692987692,4.774608774640159e+26,2192.578913547333,0.1858945942101401,61.56137000045118
stage2,2546,44,0.55,74772,24,"{""atr_period"": 14, ""horizon_h"": 6, ""ma_windows"": [8, 24, 96], ""mtf_intervals"": [""1d""], ""ret_windows"": [1, 3, 6, 12, 24], ""rsi_period"": 21, ""target_threshold"": 0.0025, ""vol_windows"": [24, 48]}","{""colsample_bytree"": 1.0, ""gamma"": 0.0, ""learning_rate"": 0.03, ""max_depth"": 5, ""min_child_weight"": 1, ""n_estimators"": 250, ""subsample"": 1.0}",4,6137,0.7128890337298355,0.009612487858737383,1.773362955448065e+25,2192.578913547333,0.18589459421013987,58.291768876345806
stage2,2546,44,0.58,74772,24,"{""atr_period"": 14, ""horizon_h"": 6, ""ma_windows"": [8, 24, 96], ""mtf_intervals"": [""1d""], ""ret_windows"": [1, 3, 6, 12, 24], ""rsi_period"": 21, ""target_threshold"": 0.0025, ""vol_windows"": [24, 48]}","{""colsample_bytree"": 1.0, ""gamma"": 0.0, ""learning_rate"": 0.03, ""max_depth"": 5, ""min_child_weight"": 1, ""n_estimators"": 250, ""subsample"": 1.0}",4,5292,0.7367724867724867,0.010570829549685306,8.77813173389591e+23,2192.578913547333,0.1750315517613954,55.31818958723036
stage2,2546,44,0.6,74772,24,"{""atr_period"": 14, ""horizon_h"": 6, ""ma_windows"": [8, 24, 96], ""mtf_intervals"": [""1d""], ""ret_windows"": [1, 3, 6, 12, 24], ""rsi_period"": 21, ""target_threshold"": 0.0025, ""vol_windows"": [24, 48]}","{""colsample_bytree"": 1.0, ""gamma"": 0.0, ""learning_rate"": 0.03, ""max_depth"": 5, ""min_child_weight"": 1, ""n_estimators"": 250, ""subsample"": 1.0}",4,4726,0.7534913245873889,0.011343422473247123,8.778991155854788e+22,2192.578913547333,0.12177149869550197,53.061888234500124
stage2,2546,44,0.62,74772,24,"{""atr_period"": 14, ""horizon_h"": 6, ""ma_windows"": [8, 24, 96], ""mtf_intervals"": [""1d""], ""ret_windows"": [1, 3, 6, 12, 24], ""rsi_period"": 21, ""target_threshold"": 0.0025, ""vol_windows"": [24, 48]}","{""colsample_bytree"": 1.0, ""gamma"": 0.0, ""learning_rate"": 0.03, ""max_depth"": 5, ""min_child_weight"": 1, ""n_estimators"": 250, ""subsample"": 1.0}",4,4225,0.7706508875739645,0.012067450852238402,6.57410167242557e+21,2192.578913547333,0.09415489990320192,50.50340776076187
stage2,2546,44,0.65,74772,24,"{""atr_period"": 14, ""horizon_h"": 6, ""ma_windows"": [8, 24, 96], ""mtf_intervals"": [""1d""], ""ret_windows"": [1, 3, 6, 12, 24], ""rsi_period"": 21, ""target_threshold"": 0.0025, ""vol_windows"": [24, 48]}","{""colsample_bytree"": 1.0, ""gamma"": 0.0, ""learning_rate"": 0.03, ""max_depth"": 5, ""min_child_weight"": 1, ""n_estimators"": 250, ""subsample"": 1.0}",4,3540,0.7901129943502825,0.013222262262978639,1.0604095733192871e+20,2192.578913547333,0.08968932269287588,46.403380915537
stage2,2546,23,0.52,74772,24,"{""atr_period"": 14, ""horizon_h"": 6, ""ma_windows"": [8, 24, 96], ""mtf_intervals"": [""1d""], ""ret_windows"": [1, 3, 6, 12, 24], ""rsi_period"": 21, ""target_threshold"": 0.0025, ""vol_windows"": [24, 48]}","{""colsample_bytree"": 1.0, ""gamma"": 0.2, ""learning_rate"": 0.07, ""max_depth"": 3, ""min_child_weight"": 5, ""n_estimators"": 250, ""subsample"": 0.7}",4,6790,0.6932253313696612,0.008921319789503942,8.405473160117076e+25,2192.578913547333,0.18589459421013999,59.8265139115103
stage2,2546,23,0.55,74772,24,"{""atr_period"": 14, ""horizon_h"": 6, ""ma_windows"": [8, 24, 96], ""mtf_intervals"": [""1d""], ""ret_windows"": [1, 3, 6, 12, 24], ""rsi_period"": 21, ""target_threshold"": 0.0025, ""vol_windows"": [24, 48]}","{""colsample_bytree"": 1.0, ""gamma"": 0.2, ""learning_rate"": 0.07, ""max_depth"": 3, ""min_child_weight"": 5, ""n_estimators"": 250, ""subsample"": 0.7}",4,5824,0.7190934065934066,0.009879410102932612,4.247533436542341e+24,2192.578913547333,0.1340952945099929,56.8956430372856
stage2,2546,23,0.58,74772,24,"{""atr_period"": 14, ""horizon_h"": 6, ""ma_windows"": [8, 24, 96], ""mtf_intervals"": [""1d""], ""ret_windows"": [1, 3, 6, 12, 24], ""rsi_period"": 21, ""target_threshold"": 0.0025, ""vol_windows"": [24, 48]}","{""colsample_bytree"": 1.0, ""gamma"": 0.2, ""learning_rate"": 0.07, ""max_depth"": 3, ""min_child_weight"": 5, ""n_estimators"": 250, ""subsample"": 0.7}",4,4995,0.7381381381381381,0.01073648096835661,8.911687842760822e+22,2192.578913547333,0.1340952945099929,53.05359041282266
stage2,2546,23,0.6,74772,24,"{""atr_period"": 14, ""horizon_h"": 6, ""ma_windows"": [8, 24, 96], ""mtf_intervals"": [""1d""], ""ret_windows"": [1, 3, 6, 12, 24], ""rsi_period"": 21, ""target_threshold"": 0.0025, ""vol_windows"": [24, 48]}","{""colsample_bytree"": 1.0, ""gamma"": 0.2, ""learning_rate"": 0.07, ""max_depth"": 3, ""min_child_weight"": 5, ""n_estimators"": 250, ""subsample"": 0.7}",4,4476,0.7477658623771224,0.011373605281258305,6.05505397316743e+21,2192.578913547333,0.1340952945099929,50.37733412855496
stage2,2546,23,0.62,74772,24,"{""atr_period"": 14, ""horizon_h"": 6, ""ma_windows"": [8, 24, 96], ""mtf_intervals"": [""1d""], ""ret_windows"": [1, 3, 6, 12, 24], ""rsi_period"": 21, ""target_threshold"": 0.0025, ""vol_windows"": [24, 48]}","{""colsample_bytree"": 1.0, ""gamma"": 0.2, ""learning_rate"": 0.07, ""max_depth"": 3, ""min_child_weight"": 5, ""n_estimators"": 250, ""subsample"": 0.7}",4,3987,0.7602207173313268,0.012074424336134329,3.930869293898871e+20,2192.578913547333,0.1298266129012533,47.66042111778202
stage2,2546,23,0.65,74772,24,"{""atr_period"": 14, ""horizon_h"": 6, ""ma_windows"": [8, 24, 96], ""mtf_intervals"": [""1d""], ""ret_windows"": [1, 3, 6, 12, 24], ""rsi_period"": 21, ""target_threshold"": 0.0025, ""vol_windows"": [24, 48]}","{""colsample_bytree"": 1.0, ""gamma"": 0.2, ""learning_rate"": 0.07, ""max_depth"": 3, ""min_child_weight"": 5, ""n_estimators"": 250, ""subsample"": 0.7}",4,3277,0.7796765334147086,0.013384721515870328,5.745372715868717e+18,2192.578913547333,0.07092643614738758,43.49028224043967
stage2,5138,51,0.52,74772,24,"{""atr_period"": 14, ""horizon_h"": 6, ""ma_windows"": [12, 24, 72], ""mtf_intervals"": [""1d""], ""ret_windows"": [1, 2, 4, 8, 24], ""rsi_period"": 21, ""target_threshold"": 0.0025, ""vol_windows"": [24, 48]}","{""colsample_bytree"": 0.7, ""gamma"": 0.2, ""learning_rate"": 0.07, ""max_depth"": 5, ""min_child_weight"": 5, ""n_estimators"": 250, ""subsample"": 0.7}",4,7421,0.6892602075192023,0.008586061671965451,1.8862562234703873e+27,2192.578913547333,0.17096467509418312,62.93900586316559
stage2,5138,51,0.55,74772,24,"{""atr_period"": 14, ""horizon_h"": 6, ""ma_windows"": [12, 24, 72], ""mtf_intervals"": [""1d""], ""ret_windows"": [1, 2, 4, 8, 24], ""rsi_period"": 21, ""target_threshold"": 0.0025, ""vol_windows"": [24, 48]}","{""colsample_bytree"": 0.7, ""gamma"": 0.2, ""learning_rate"": 0.07, ""max_depth"": 5, ""min_child_weight"": 5, ""n_estimators"": 250, ""subsample"": 0.7}",4,6531,0.712907671107028,0.009339565933782597,1.29220646238304e+26,2192.578913547333,0.15794009483372595,60.28963622798393
stage2,5138,51,0.58,74772,24,"{""atr_period"": 14, ""horizon_h"": 6, ""ma_windows"": [12, 24, 72], ""mtf_intervals"": [""1d""], ""ret_windows"": [1, 2, 4, 8, 24], ""rsi_period"": 21, ""target_threshold"": 0.0025, ""vol_windows"": [24, 48]}","{""colsample_bytree"": 0.7, ""gamma"": 0.2, ""learning_rate"": 0.07, ""max_depth"": 5, ""min_child_weight"": 5, ""n_estimators"": 250, ""subsample"": 0.7}",4,5698,0.73008073008073,0.01009956003355074,4.30040522259321e+24,2192.578913547333,0.13803269267428397,56.91659620592473
stage2,5138,51,0.6,74772,24,"{""atr_period"": 14, ""horizon_h"": 6, ""ma_windows"": [12, 24, 72], ""mtf_intervals"": [""1d""], ""ret_windows"": [1, 2, 4, 8, 24], ""rsi_period"": 21, ""target_threshold"": 0.0025, ""vol_windows"": [24, 48]}","{""colsample_bytree"": 0.7, ""gamma"": 0.2, ""learning_rate"": 0.07, ""max_depth"": 5, ""min_child_weight"": 5, ""n_estimators"": 250, ""subsample"": 0.7}",4,5162,0.7431228206121658,0.010685223623971033,4.0638926209197706e+23,2192.578913547333,0.13803269267428397,54.57256212591675
stage2,5138,51,0.62,74772,24,"{""atr_period"": 14, ""horizon_h"": 6, ""ma_windows"": [12, 24, 72], ""mtf_intervals"": [""1d""], ""ret_windows"": [1, 2, 4, 8, 24], ""rsi_period"": 21, ""target_threshold"": 0.0025, ""vol_windows"": [24, 48]}","{""colsample_bytree"": 0.7, ""gamma"": 0.2, ""learning_rate"": 0.07, ""max_depth"": 5, ""min_child_weight"": 5, ""n_estimators"": 250, ""subsample"": 0.7}",4,4673,0.7515514658677509,0.011251800959767187,3.1689885378774403e+22,2192.578913547333,0.13803269267428386,52.03252374365392
stage2,5138,51,0.65,74772,24,"{""atr_period"": 14, ""horizon_h"": 6, ""ma_windows"": [12, 24, 72], ""mtf_intervals"": [""1d""], ""ret_windows"": [1, 2, 4, 8, 24], ""rsi_period"": 21, ""target_threshold"": 0.0025, ""vol_windows"": [24, 48]}","{""colsample_bytree"": 0.7, ""gamma"": 0.2, ""learning_rate"": 0.07, ""max_depth"": 5, ""min_child_weight"": 5, ""n_estimators"": 250, ""subsample"": 0.7}",4,3942,0.7711821410451547,0.012256204009975622,4.706296086111491e+20,2192.578913547333,0.13803269267428397,47.84658206351147
stage2,5138,58,0.52,74772,24,"{""atr_period"": 14, ""horizon_h"": 6, ""ma_windows"": [12, 24, 72], ""mtf_intervals"": [""1d""], ""ret_windows"": [1, 2, 4, 8, 24], ""rsi_period"": 21, ""target_threshold"": 0.0025, ""vol_windows"": [24, 48]}","{""colsample_bytree"": 0.7, ""gamma"": 0.0, ""learning_rate"": 0.07, ""max_depth"": 5, ""min_child_weight"": 5, ""n_estimators"": 250, ""subsample"": 1.0}",4,7415,0.6829399865138234,0.008500683446984975,9.506192793196355e+26,2192.578913547333,0.17540741390337522,62.24580962687808
stage2,5138,58,0.55,74772,24,"{""atr_period"": 14, ""horizon_h"": 6, ""ma_windows"": [12, 24, 72], ""mtf_intervals"": [""1d""], ""ret_windows"": [1, 2, 4, 8, 24], ""rsi_period"": 21, ""target_threshold"": 0.0025, ""vol_windows"": [24, 48]}","{""colsample_bytree"": 0.7, ""gamma"": 0.0, ""learning_rate"": 0.07, ""max_depth"": 5, ""min_child_weight"": 5, ""n_estimators"": 250, ""subsample"": 1.0}",4,6519,0.7057830955668047,0.009240896878472503,6.094318441097007e+25,2192.578913547333,0.17096467509418312,59.525055572840294
stage2,5138,58,0.58,74772,24,"{""atr_period"": 14, ""horizon_h"": 6, ""ma_windows"": [12, 24, 72], ""mtf_intervals"": [""1d""], ""ret_windows"": [1, 2, 4, 8, 24], ""rsi_period"": 21, ""target_threshold"": 0.0025, ""vol_windows"": [24, 48]}","{""colsample_bytree"": 0.7, ""gamma"": 0.0, ""learning_rate"": 0.07, ""max_depth"": 5, ""min_child_weight"": 5, ""n_estimators"": 250, ""subsample"": 1.0}",4,5695,0.7285338015803337,0.010084894644246844,3.8154727919032176e+24,2192.578913547333,0.1298266129012533,56.79969971060809
stage2,5138,58,0.6,74772,24,"{""atr_period"": 14, ""horizon_h"": 6, ""ma_windows"": [12, 24, 72], ""mtf_intervals"": [""1d""], ""ret_windows"": [1, 2, 4, 8, 24], ""rsi_period"": 21, ""target_threshold"": 0.0025, ""vol_windows"": [24, 48]}","{""colsample_bytree"": 0.7, ""gamma"": 0.0, ""learning_rate"": 0.07, ""max_depth"": 5, ""min_child_weight"": 5, ""n_estimators"": 250, ""subsample"": 1.0}",4,5188,0.7384348496530455,0.010629390189441531,3.999308912273418e+23,2192.578913547333,0.12982661290125308,54.556448407911844
stage2,5138,58,0.62,74772,24,"{""atr_period"": 14, ""horizon_h"": 6, ""ma_windows"": [12, 24, 72], ""mtf_intervals"": [""1d""], ""ret_windows"": [1, 2, 4, 8, 24], ""rsi_period"": 21, ""target_threshold"": 0.0025, ""vol_windows"": [24, 48]}","{""colsample_bytree"": 0.7, ""gamma"": 0.0, ""learning_rate"": 0.07, ""max_depth"": 5, ""min_child_weight"": 5, ""n_estimators"": 250, ""subsample"": 1.0}",4,4686,0.7526675202731541,0.011273719832242018,4.073378503252341e+22,2192.578913547333,0.12982661290125308,52.288755268486845
stage2,5138,58,0.65,74772,24,"{""atr_period"": 14, ""horizon_h"": 6, ""ma_windows"": [12, 24, 72], ""mtf_intervals"": [""1d""], ""ret_windows"": [1, 2, 4, 8, 24], ""rsi_period"": 21, ""target_threshold"": 0.0025, ""vol_windows"": [24, 48]}","{""colsample_bytree"": 0.7, ""gamma"": 0.0, ""learning_rate"": 0.07, ""max_depth"": 5, ""min_child_weight"": 5, ""n_estimators"": 250, ""subsample"": 1.0}",4,3922,0.7768995410504844,0.01244697677268309,7.767780323849884e+20,2192.578913547333,0.10246331362828787,48.37155010104979
stage2,5138,50,0.52,74772,24,"{""atr_period"": 14, ""horizon_h"": 6, ""ma_windows"": [12, 24, 72], ""mtf_intervals"": [""1d""], ""ret_windows"": [1, 2, 4, 8, 24], ""rsi_period"": 21, ""target_threshold"": 0.0025, ""vol_windows"": [24, 48]}","{""colsample_bytree"": 0.7, ""gamma"": 0.0, ""learning_rate"": 0.07, ""max_depth"": 5, ""min_child_weight"": 5, ""n_estimators"": 250, ""subsample"": 0.7}",4,7401,0.6878800162140252,0.00856662527039701,1.3766310944446448e+27,2192.578913547333,0.18150400579472692,62.6175218016608
stage2,5138,50,0.55,74772,24,"{""atr_period"": 14, ""horizon_h"": 6, ""ma_windows"": [12, 24, 72], ""mtf_intervals"": [""1d""], ""ret_windows"": [1, 2, 4, 8, 24], ""rsi_period"": 21, ""target_threshold"": 0.0025, ""vol_windows"": [24, 48]}","{""colsample_bytree"": 0.7, ""gamma"": 0.0, ""learning_rate"": 0.07, ""max_depth"": 5, ""min_child_weight"": 5, ""n_estimators"": 250, ""subsample"": 0.7}",4,6476,0.7123224212476837,0.009378996945880434,1.006925416314049e+26,2192.578913547333,0.13803269267428397,60.04998752983735
stage2,5138,50,0.58,74772,24,"{""atr_period"": 14, ""horizon_h"": 6, ""ma_windows"": [12, 24, 72], ""mtf_intervals"": [""1d""], ""ret_windows"": [1, 2, 4, 8, 24], ""rsi_period"": 21, ""target_threshold"": 0.0025, ""vol_windows"": [24, 48]}","{""colsample_bytree"": 0.7, ""gamma"": 0.0, ""learning_rate"": 0.07, ""max_depth"": 5, ""min_child_weight"": 5, ""n_estimators"": 250, ""subsample"": 0.7}",4,5663,0.7300017658484902,0.01009709051137534,3.0007427537980265e+24,2192.578913547333,0.13803269267428409,56.55666386491319
stage2,5138,50,0.6,74772,24,"{""atr_period"": 14, ""horizon_h"": 6, ""ma_windows"": [12, 24, 72], ""mtf_intervals"": [""1d""], ""ret_windows"": [1, 2, 4, 8, 24], ""rsi_period"": 21, ""target_threshold"": 0.0025, ""vol_windows"": [24, 48]}","{""colsample_bytree"": 0.7, ""gamma"": 0.0, ""learning_rate"": 0.07, ""max_depth"": 5, ""min_child_weight"": 5, ""n_estimators"": 250, ""subsample"": 0.7}",4,5113,0.7410522198318013,0.010681795711078633,2.375815562045204e+23,2192.578913547333,0.13803269267428397,54.034077707165515
stage2,5138,50,0.62,74772,24,"{""atr_period"": 14, ""horizon_h"": 6, ""ma_windows"": [12, 24, 72], ""mtf_intervals"": [""1d""], ""ret_windows"": [1, 2, 4, 8, 24], ""rsi_period"": 21, ""target_threshold"": 0.0025, ""vol_windows"": [24, 48]}","{""colsample_bytree"": 0.7, ""gamma"": 0.0, ""learning_rate"": 0.07, ""max_depth"": 5, ""min_child_weight"": 5, ""n_estimators"": 250, ""subsample"": 0.7}",4,4626,0.7520536100302637,0.011224733846243121,1.6688873580504522e+22,2192.578913547333,0.13803269267428397,51.39145361004534
stage2,5138,50,0.65,74772,24,"{""atr_period"": 14, ""horizon_h"": 6, ""ma_windows"": [12, 24, 72], ""mtf_intervals"": [""1d""], ""ret_windows"": [1, 2, 4, 8, 24], ""rsi_period"": 21, ""target_threshold"": 0.0025, ""vol_windows"": [24, 48]}","{""colsample_bytree"": 0.7, ""gamma"": 0.0, ""learning_rate"": 0.07, ""max_depth"": 5, ""min_child_weight"": 5, ""n_estimators"": 250, ""subsample"": 0.7}",4,3938,0.771203656678517,0.012171259586499216,3.225116879303095e+20,2192.578913547333,0.13803269267428409,47.46798770681397
stage2,5138,48,0.52,74772,24,"{""atr_period"": 14, ""horizon_h"": 6, ""ma_windows"": [12, 24, 72], ""mtf_intervals"": [""1d""], ""ret_windows"": [1, 2, 4, 8, 24], ""rsi_period"": 21, ""target_threshold"": 0.0025, ""vol_windows"": [24, 48]}","{""colsample_bytree"": 0.7, ""gamma"": 0.0, ""learning_rate"": 0.07, ""max_depth"": 5, ""min_child_weight"": 1, ""n_estimators"": 250, ""subsample"": 0.7}",4,7387,0.689319074049005,0.00856860297687263,1.2455812700959066e+27,2192.578913547333,0.18589459421013976,62.51645660135995
stage2,5138,48,0.55,74772,24,"{""atr_period"": 14, ""horizon_h"": 6, ""ma_windows"": [12, 24, 72], ""mtf_intervals"": [""1d""], ""ret_windows"": [1, 2, 4, 8, 24], ""rsi_period"": 21, ""target_threshold"": 0.0025, ""vol_windows"": [24, 48]}","{""colsample_bytree"": 0.7, ""gamma"": 0.0, ""learning_rate"": 0.07, ""max_depth"": 5, ""min_child_weight"": 1, ""n_estimators"": 250, ""subsample"": 0.7}",4,6516,0.7088704726826274,0.009280600778424804,7.673097509989463e+25,2192.578913547333,0.17096467509418323,59.75820655298854
stage2,5138,48,0.58,74772,24,"{""atr_period"": 14, ""horizon_h"": 6, ""ma_windows"": [12, 24, 72], ""mtf_intervals"": [""1d""], ""ret_windows"": [1, 2, 4, 8, 24], ""rsi_period"": 21, ""target_threshold"": 0.0025, ""vol_windows"": [24, 48]}","{""colsample_bytree"": 0.7, ""gamma"": 0.0, ""learning_rate"": 0.07, ""max_depth"": 5, ""min_child_weight"": 1, ""n_estimators"": 250, ""subsample"": 0.7}",4,5676,0.7274489076814659,0.010042812543557435,2.524568864540487e+24,2192.578913547333,0.13803269267428397,56.38139781344539
stage2,5138,48,0.6,74772,24,"{""atr_period"": 14, ""horizon_h"": 6, ""ma_windows"": [12, 24, 72], ""mtf_intervals"": [""1d""], ""ret_windows"": [1, 2, 4, 8, 24], ""rsi_period"": 21, ""target_threshold"": 0.0025, ""vol_windows"": [24, 48]}","{""colsample_bytree"": 0.7, ""gamma"": 0.0, ""learning_rate"": 0.07, ""max_depth"": 5, ""min_child_weight"": 1, ""n_estimators"": 250, ""subsample"": 0.7}",4,5194,0.7404697728147863,0.010587466843602775,3.466206939835955e+23,2192.578913547333,0.1298266129012534,54.41468028058948
stage2,5138,48,0.62,74772,24,"{""atr_period"": 14, ""horizon_h"": 6, ""ma_windows"": [12, 24, 72], ""mtf_intervals"": [""1d""], ""ret_windows"": [1, 2, 4, 8, 24], ""rsi_period"": 21, ""target_threshold"": 0.0025, ""vol_windows"": [24, 48]}","{""colsample_bytree"": 0.7, ""gamma"": 0.0, ""learning_rate"": 0.07, ""max_depth"": 5, ""min_child_weight"": 1, ""n_estimators"": 250, ""subsample"": 0.7}",4,4679,0.754007266509938,0.011169649723910394,2.3367013048456005e+22,2192.578913547333,0.1298266129012533,51.73326198644316
stage2,5138,48,0.65,74772,24,"{""atr_period"": 14, ""horizon_h"": 6, ""ma_windows"": [12, 24, 72], ""mtf_intervals"": [""1d""], ""ret_windows"": [1, 2, 4, 8, 24], ""rsi_period"": 21, ""target_threshold"": 0.0025, ""vol_windows"": [24, 48]}","{""colsample_bytree"": 0.7, ""gamma"": 0.0, ""learning_rate"": 0.07, ""max_depth"": 5, ""min_child_weight"": 1, ""n_estimators"": 250, ""subsample"": 0.7}",4,3987,0.7712565838976674,0.012157317416061075,5.522379487523139e+20,2192.578913547333,0.1256789786432767,48.011935010992666
stage2,5138,57,0.52,74772,24,"{""atr_period"": 14, ""horizon_h"": 6, ""ma_windows"": [12, 24, 72], ""mtf_intervals"": [""1d""], ""ret_windows"": [1, 2, 4, 8, 24], ""rsi_period"": 21, ""target_threshold"": 0.0025, ""vol_windows"": [24, 48]}","{""colsample_bytree"": 0.7, ""gamma"": 0.2, ""learning_rate"": 0.07, ""max_depth"": 5, ""min_child_weight"": 1, ""n_estimators"": 250, ""subsample"": 1.0}",4,7447,0.6847052504364174,0.00847433631012897,1.0315151343962028e+27,2192.578913547333,0.18589459421013999,62.3234378302071
stage2,5138,57,0.55,74772,24,"{""atr_period"": 14, ""horizon_h"": 6, ""ma_windows"": [12, 24, 72], ""mtf_intervals"": [""1d""], ""ret_windows"": [1, 2, 4, 8, 24], ""rsi_period"": 21, ""target_threshold"": 0.0025, ""vol_windows"": [24, 48]}","{""colsample_bytree"": 0.7, ""gamma"": 0.2, ""learning_rate"": 0.07, ""max_depth"": 5, ""min_child_weight"": 1, ""n_estimators"": 250, ""subsample"": 1.0}",4,6555,0.702974828375286,0.009192488172098414,6.181978649129127e+25,2192.578913547333,0.17096467509418323,59.53670314536926
stage2,5138,57,0.58,74772,24,"{""atr_period"": 14, ""horizon_h"": 6, ""ma_windows"": [12, 24, 72], ""mtf_intervals"": [""1d""], ""ret_windows"": [1, 2, 4, 8, 24], ""rsi_period"": 21, ""target_threshold"": 0.0025, ""vol_windows"": [24, 48]}","{""colsample_bytree"": 0.7, ""gamma"": 0.2, ""learning_rate"": 0.07, ""max_depth"": 5, ""min_child_weight"": 1, ""n_estimators"": 250, ""subsample"": 1.0}",4,5751,0.7254390540775517,0.010024582816085082,4.7626480770676546e+24,2192.578913547333,0.13803269267428397,57.0143776235778
stage2,5138,57,0.6,74772,24,"{""atr_period"": 14, ""horizon_h"": 6, ""ma_windows"": [12, 24, 72], ""mtf_intervals"": [""1d""], ""ret_windows"": [1, 2, 4, 8, 24], ""rsi_period"": 21, ""target_threshold"": 0.0025, ""vol_windows"": [24, 48]}","{""colsample_bytree"": 0.7, ""gamma"": 0.2, ""learning_rate"": 0.07, ""max_depth"": 5, ""min_child_weight"": 1, ""n_estimators"": 250, ""subsample"": 1.0}",4,5199,0.7387959222927486,0.010593683857513192,3.755241891308312e+23,2192.578913547333,0.13803269267428409,54.48937970281913
stage2,5138,57,0.62,74772,24,"{""atr_period"": 14, ""horizon_h"": 6, ""ma_windows"": [12, 24, 72], ""mtf_intervals"": [""1d""], ""ret_windows"": [1, 2, 4, 8, 24], ""rsi_period"": 21, ""target_threshold"": 0.0025, ""vol_windows"": [24, 48]}","{""colsample_bytree"": 0.7, ""gamma"": 0.2, ""learning_rate"": 0.07, ""max_depth"": 5, ""min_child_weight"": 1, ""n_estimators"": 250, ""subsample"": 1.0}",4,4715,0.751219512195122,0.01115311617472871,3.223932554926013e+22,2192.578913547333,0.10246331362828776,52.066442832946386
stage2,5138,57,0.65,74772,24,"{""atr_period"": 14, ""horizon_h"": 6, ""ma_windows"": [12, 24, 72], ""mtf_intervals"": [""1d""], ""ret_windows"": [1, 2, 4, 8, 24], ""rsi_period"": 21, ""target_threshold"": 0.0025, ""vol_windows"": [24, 48]}","{""colsample_bytree"": 0.7, ""gamma"": 0.2, ""learning_rate"": 0.07, ""max_depth"": 5, ""min_child_weight"": 1, ""n_estimators"": 250, ""subsample"": 1.0}",4,3994,0.7701552328492739,0.012186214898512548,6.730255539328356e+20,2192.578913547333,0.10246331362828787,48.220697221652586
stage2,5138,61,0.52,74772,24,"{""atr_period"": 14, ""horizon_h"": 6, ""ma_windows"": [12, 24, 72], ""mtf_intervals"": [""1d""], ""ret_windows"": [1, 2, 4, 8, 24], ""rsi_period"": 21, ""target_threshold"": 0.0025, ""vol_windows"": [24, 48]}","{""colsample_bytree"": 1.0, ""gamma"": 0.2, ""learning_rate"": 0.07, ""max_depth"": 5, ""min_child_weight"": 1, ""n_estimators"": 250, ""subsample"": 1.0}",4,7544,0.6808059384941676,0.008420307225133502,1.5474027394937873e+27,2192.578913547333,0.18188126947447625,62.727441958215074
stage2,5138,61,0.55,74772,24,"{""atr_period"": 14, ""horizon_h"": 6, ""ma_windows"": [12, 24, 72], ""mtf_intervals"": [""1d""], ""ret_windows"": [1, 2, 4, 8, 24], ""rsi_period"": 21, ""target_threshold"": 0.0025, ""vol_windows"": [24, 48]}","{""colsample_bytree"": 1.0, ""gamma"": 0.2, ""learning_rate"": 0.07, ""max_depth"": 5, ""min_child_weight"": 1, ""n_estimators"": 250, ""subsample"": 1.0}",4,6681,0.7064810657087263,0.009163706413820222,1.6082221679465597e+26,2192.578913547333,0.18188126947447614,60.48989561234435
stage2,5138,61,0.58,74772,24,"{""atr_period"": 14, ""horizon_h"": 6, ""ma_windows"": [12, 24, 72], ""mtf_intervals"": [""1d""], ""ret_windows"": [1, 2, 4, 8, 24], ""rsi_period"": 21, ""target_threshold"": 0.0025, ""vol_windows"": [24, 48]}","{""colsample_bytree"": 1.0, ""gamma"": 0.2, ""learning_rate"": 0.07, ""max_depth"": 5, ""min_child_weight"": 1, ""n_estimators"": 250, ""subsample"": 1.0}",4,5861,0.7256440880395837,0.00994353357097171,8.79593103906698e+24,2192.578913547333,0.17096467509418323,57.61091266593792
stage2,5138,61,0.6,74772,24,"{""atr_period"": 14, ""horizon_h"": 6, ""ma_windows"": [12, 24, 72], ""mtf_intervals"": [""1d""], ""ret_windows"": [1, 2, 4, 8, 24], ""rsi_period"": 21, ""target_threshold"": 0.0025, ""vol_windows"": [24, 48]}","{""colsample_bytree"": 1.0, ""gamma"": 0.2, ""learning_rate"": 0.07, ""max_depth"": 5, ""min_child_weight"": 1, ""n_estimators"": 250, ""subsample"": 1.0}",4,5336,0.7374437781109445,0.010483243090604026,8.738615416988846e+23,2192.578913547333,0.13803269267428409,55.33201351774848
stage2,5138,61,0.62,74772,24,"{""atr_period"": 14, ""horizon_h"": 6, ""ma_windows"": [12, 24, 72], ""mtf_intervals"": [""1d""], ""ret_windows"": [1, 2, 4, 8, 24], ""rsi_period"": 21, ""target_threshold"": 0.0025, ""vol_windows"": [24, 48]}","{""colsample_bytree"": 1.0, ""gamma"": 0.2, ""learning_rate"": 0.07, ""max_depth"": 5, ""min_child_weight"": 1, ""n_estimators"": 250, ""subsample"": 1.0}",4,4818,0.7523868825238689,0.0111270483209782,8.821148373355075e+22,2192.578913547333,0.13803269267428397,53.05593365472272
stage2,5138,61,0.65,74772,24,"{""atr_period"": 14, ""horizon_h"": 6, ""ma_windows"": [12, 24, 72], ""mtf_intervals"": [""1d""], ""ret_windows"": [1, 2, 4, 8, 24], ""rsi_period"": 21, ""target_threshold"": 0.0025, ""vol_windows"": [24, 48]}","{""colsample_bytree"": 1.0, ""gamma"": 0.2, ""learning_rate"": 0.07, ""max_depth"": 5, ""min_child_weight"": 1, ""n_estimators"": 250, ""subsample"": 1.0}",4,4061,0.7727160797833046,0.012161419589748519,1.3678248721159797e+21,2192.578913547333,0.11744206402674351,48.924251934952565
stage2,5138,38,0.52,74772,24,"{""atr_period"": 14, ""horizon_h"": 6, ""ma_windows"": [12, 24, 72], ""mtf_intervals"": [""1d""], ""ret_windows"": [1, 2, 4, 8, 24], ""rsi_period"": 21, ""target_threshold"": 0.0025, ""vol_windows"": [24, 48]}","{""colsample_bytree"": 1.0, ""gamma"": 0.0, ""learning_rate"": 0.03, ""max_depth"": 5, ""min_child_weight"": 5, ""n_estimators"": 250, ""subsample"": 0.7}",4,7126,0.6939376929553747,0.008816625212999966,7.813703578652459e+26,2192.578913547333,0.1858945942101401,62.055827338072724
stage2,5138,38,0.55,74772,24,"{""atr_period"": 14, ""horizon_h"": 6, ""ma_windows"": [12, 24, 72], ""mtf_intervals"": [""1d""], ""ret_windows"": [1, 2, 4, 8, 24], ""rsi_period"": 21, ""target_threshold"": 0.0025, ""vol_windows"": [24, 48]}","{""colsample_bytree"": 1.0, ""gamma"": 0.0, ""learning_rate"": 0.03, ""max_depth"": 5, ""min_child_weight"": 5, ""n_estimators"": 250, ""subsample"": 0.7}",4,6219,0.7181218845473549,0.009674674911487515,5.673574771751372e+25,2192.578913547333,0.1750315517613954,59.464825846184766
stage2,5138,38,0.58,74772,24,"{""atr_period"": 14, ""horizon_h"": 6, ""ma_windows"": [12, 24, 72], ""mtf_intervals"": [""1d""], ""ret_windows"": [1, 2, 4, 8, 24], ""rsi_period"": 21, ""target_threshold"": 0.0025, ""vol_windows"": [24, 48]}","{""colsample_bytree"": 1.0, ""gamma"": 0.0, ""learning_rate"": 0.03, ""max_depth"": 5, ""min_child_weight"": 5, ""n_estimators"": 250, ""subsample"": 0.7}",4,5382,0.7363433667781494,0.010516572793067003,1.6887953762564723e+24,2192.578913547333,0.17096467509418312,55.97378264973831
stage2,5138,38,0.6,74772,24,"{""atr_period"": 14, ""horizon_h"": 6, ""ma_windows"": [12, 24, 72], ""mtf_intervals"": [""1d""], ""ret_windows"": [1, 2, 4, 8, 24], ""rsi_period"": 21, ""target_threshold"": 0.0025, ""vol_windows"": [24, 48]}","{""colsample_bytree"": 1.0, ""gamma"": 0.0, ""learning_rate"": 0.03, ""max_depth"": 5, ""min_child_weight"": 5, ""n_estimators"": 250, ""subsample"": 0.7}",4,4814,0.7528043207312006,0.01122568997780978,1.3494936441295725e+23,2192.578913547333,0.1298266129012532,53.48632225248815
stage2,5138,38,0.62,74772,24,"{""atr_period"": 14, ""horizon_h"": 6, ""ma_windows"": [12, 24, 72], ""mtf_intervals"": [""1d""], ""ret_windows"": [1, 2, 4, 8, 24], ""rsi_period"": 21, ""target_threshold"": 0.0025, ""vol_windows"": [24, 48]}","{""colsample_bytree"": 1.0, ""gamma"": 0.0, ""learning_rate"": 0.03, ""max_depth"": 5, ""min_child_weight"": 5, ""n_estimators"": 250, ""subsample"": 0.7}",4,4281,0.7722494744218641,0.012080929672245666,1.366838391045635e+22,2192.578913547333,0.12982661290125308,51.21890608546705
stage2,5138,38,0.65,74772,24,"{""atr_period"": 14, ""horizon_h"": 6, ""ma_windows"": [12, 24, 72], ""mtf_intervals"": [""1d""], ""ret_windows"": [1, 2, 4, 8, 24], ""rsi_period"": 21, ""target_threshold"": 0.0025, ""vol_windows"": [24, 48]}","{""colsample_bytree"": 1.0, ""gamma"": 0.0, ""learning_rate"": 0.03, ""max_depth"": 5, ""min_child_weight"": 5, ""n_estimators"": 250, ""subsample"": 0.7}",4,3563,0.7872579287117597,0.013139501157458986,1.0770917894189836e+20,2192.578913547333,0.10246331362828764,46.40965717678277
stage2,5138,36,0.52,74772,24,"{""atr_period"": 14, ""horizon_h"": 6, ""ma_windows"": [12, 24, 72], ""mtf_intervals"": [""1d""], ""ret_windows"": [1, 2, 4, 8, 24], ""rsi_period"": 21, ""target_threshold"": 0.0025, ""vol_windows"": [24, 48]}","{""colsample_bytree"": 1.0, ""gamma"": 0.0, ""learning_rate"": 0.03, ""max_depth"": 5, ""min_child_weight"": 1, ""n_estimators"": 250, ""subsample"": 0.7}",4,7128,0.6951459034792368,0.008864727012349534,1.1162963501200375e+27,2192.578913547333,0.18589459421013987,62.41390112802673
stage2,5138,36,0.55,74772,24,"{""atr_period"": 14, ""horizon_h"": 6, ""ma_windows"": [12, 24, 72], ""mtf_intervals"": [""1d""], ""ret_windows"": [1, 2, 4, 8, 24], ""rsi_period"": 21, ""target_threshold"": 0.0025, ""vol_windows"": [24, 48]}","{""colsample_bytree"": 1.0, ""gamma"": 0.0, ""learning_rate"": 0.03, ""max_depth"": 5, ""min_child_weight"": 1, ""n_estimators"": 250, ""subsample"": 0.7}",4,6228,0.7153179190751445,0.009632353175579134,4.758154363972244e+25,2192.578913547333,0.18188126947447603,59.282859705170615
stage2,5138,36,0.58,74772,24,"{""atr_period"": 14, ""horizon_h"": 6, ""ma_windows"": [12, 24, 72], ""mtf_intervals"": [""1d""], ""ret_windows"": [1, 2, 4, 8, 24], ""rsi_period"": 21, ""target_threshold"": 0.0025, ""vol_windows"": [24, 48]}","{""colsample_bytree"": 1.0, ""gamma"": 0.0, ""learning_rate"": 0.03, ""max_depth"": 5, ""min_child_weight"": 1, ""n_estimators"": 250, ""subsample"": 0.7}",4,5373,0.7377628885166574,0.010553407335465129,1.8736514959626642e+24,2192.578913547333,0.1298266129012533,56.099655693422704
stage2,5138,36,0.6,74772,24,"{""atr_period"": 14, ""horizon_h"": 6, ""ma_windows"": [12, 24, 72], ""mtf_intervals"": [""1d""], ""ret_windows"": [1, 2, 4, 8, 24], ""rsi_period"": 21, ""target_threshold"": 0.0025, ""vol_windows"": [24, 48]}","{""colsample_bytree"": 1.0, ""gamma"": 0.0, ""learning_rate"": 0.03, ""max_depth"": 5, ""min_child_weight"": 1, ""n_estimators"": 250, ""subsample"": 0.7}",4,4839,0.7520148791072536,0.011214682274315371,1.689316597856367e+23,2192.578913547333,0.1298266129012532,53.710197261077454
stage2,5138,36,0.62,74772,24,"{""atr_period"": 14, ""horizon_h"": 6, ""ma_windows"": [12, 24, 72], ""mtf_intervals"": [""1d""], ""ret_windows"": [1, 2, 4, 8, 24], ""rsi_period"": 21, ""target_threshold"": 0.0025, ""vol_windows"": [24, 48]}","{""colsample_bytree"": 1.0, ""gamma"": 0.0, ""learning_rate"": 0.03, ""max_depth"": 5, ""min_child_weight"": 1, ""n_estimators"": 250, ""subsample"": 0.7}",4,4303,0.7689983732279805,0.011977350867427532,1.1469211207329194e+22,2192.578913547333,0.1298266129012534,51.04005731065544
stage2,5138,36,0.65,74772,24,"{""atr_period"": 14, ""horizon_h"": 6, ""ma_windows"": [12, 24, 72], ""mtf_intervals"": [""1d""], ""ret_windows"": [1, 2, 4, 8, 24], ""rsi_period"": 21, ""target_threshold"": 0.0025, ""vol_windows"": [24, 48]}","{""colsample_bytree"": 1.0, ""gamma"": 0.0, ""learning_rate"": 0.03, ""max_depth"": 5, ""min_child_weight"": 1, ""n_estimators"": 250, ""subsample"": 0.7}",4,3575,0.7876923076923077,0.01303975428468873,8.863800052889009e+19,2192.578913547333,0.10364237021668432,46.213743034750216
stage2,5138,32,0.52,74772,24,"{""atr_period"": 14, ""horizon_h"": 6, ""ma_windows"": [12, 24, 72], ""mtf_intervals"": [""1d""], ""ret_windows"": [1, 2, 4, 8, 24], ""rsi_period"": 21, ""target_threshold"": 0.0025, ""vol_windows"": [24, 48]}","{""colsample_bytree"": 0.7, ""gamma"": 0.0, ""learning_rate"": 0.03, ""max_depth"": 5, ""min_child_weight"": 1, ""n_estimators"": 250, ""subsample"": 0.7}",4,7037,0.7001563166121927,0.00893212199336678,8.074807682104891e+26,2192.578913547333,0.18589459421013999,62.09459620234431
stage2,5138,32,0.55,74772,24,"{""atr_period"": 14, ""horizon_h"": 6, ""ma_windows"": [12, 24, 72], ""mtf_intervals"": [""1d""], ""ret_windows"": [1, 2, 4, 8, 24], ""rsi_period"": 21, ""target_threshold"": 0.0025, ""vol_windows"": [24, 48]}","{""colsample_bytree"": 0.7, ""gamma"": 0.0, ""learning_rate"": 0.03, ""max_depth"": 5, ""min_child_weight"": 1, ""n_estimators"": 250, ""subsample"": 0.7}",4,6061,0.7173733707309025,0.009785940170037083,2.4403203224449904e+25,2192.578913547333,0.1454973785441025,58.63619416390336
stage2,5138,32,0.58,74772,24,"{""atr_period"": 14, ""horizon_h"": 6, ""ma_windows"": [12, 24, 72], ""mtf_intervals"": [""1d""], ""ret_windows"": [1, 2, 4, 8, 24], ""rsi_period"": 21, ""target_threshold"": 0.0025, ""vol_windows"": [24, 48]}","{""colsample_bytree"": 0.7, ""gamma"": 0.0, ""learning_rate"": 0.03, ""max_depth"": 5, ""min_child_weight"": 1, ""n_estimators"": 250, ""subsample"": 0.7}",4,5213,0.7396892384423557,0.010698026491467765,7.397768301654703e+23,2192.578913547333,0.1412849061996263,55.16732866231686
stage2,5138,32,0.6,74772,24,"{""atr_period"": 14, ""horizon_h"": 6, ""ma_windows"": [12, 24, 72], ""mtf_intervals"": [""1d""], ""ret_windows"": [1, 2, 4, 8, 24], ""rsi_period"": 21, ""target_threshold"": 0.0025, ""vol_windows"": [24, 48]}","{""colsample_bytree"": 0.7, ""gamma"": 0.0, ""learning_rate"": 0.03, ""max_depth"": 5, ""min_child_weight"": 1, ""n_estimators"": 250, ""subsample"": 0.7}",4,4679,0.7529386621072879,0.011298410314222632,4.226899413364678e+22,2192.578913547333,0.14128490619962608,52.320436530047154
stage2,5138,32,0.62,74772,24,"{""atr_period"": 14, ""horizon_h"": 6, ""ma_windows"": [12, 24, 72], ""mtf_intervals"": [""1d""], ""ret_windows"": [1, 2, 4, 8, 24], ""rsi_period"": 21, ""target_threshold"": 0.0025, ""vol_windows"": [24, 48]}","{""colsample_bytree"": 0.7, ""gamma"": 0.0, ""learning_rate"": 0.03, ""max_depth"": 5, ""min_child_weight"": 1, ""n_estimators"": 250, ""subsample"": 0.7}",4,4169,0.7673302950347806,0.01209501312969996,3.78843295995386e+21,2192.578913547333,0.1298266129012534,49.93195045405239
stage2,5138,32,0.65,74772,24,"{""atr_period"": 14, ""horizon_h"": 6, ""ma_windows"": [12, 24, 72], ""mtf_intervals"": [""1d""], ""ret_windows"": [1, 2, 4, 8, 24], ""rsi_period"": 21, ""target_threshold"": 0.0025, ""vol_windows"": [24, 48]}","{""colsample_bytree"": 0.7, ""gamma"": 0.0, ""learning_rate"": 0.03, ""max_depth"": 5, ""min_child_weight"": 1, ""n_estimators"": 250, ""subsample"": 0.7}",4,3460,0.784971098265896,0.013222161218362274,3.729387426852892e+19,2192.578913547333,0.0976193270385276,45.350305263170156
stage2,5138,42,0.52,74772,24,"{""atr_period"": 14, ""horizon_h"": 6, ""ma_windows"": [12, 24, 72], ""mtf_intervals"": [""1d""], ""ret_windows"": [1, 2, 4, 8, 24], ""rsi_period"": 21, ""target_threshold"": 0.0025, ""vol_windows"": [24, 48]}","{""colsample_bytree"": 0.7, ""gamma"": 0.0, ""learning_rate"": 0.03, ""max_depth"": 5, ""min_child_weight"": 5, ""n_estimators"": 250, ""subsample"": 1.0}",4,7087,0.6931000423310286,0.00880965363811052,5.303748364741264e+26,2192.578913547333,0.18589459421013987,61.66763619292294
stage2,5138,42,0.55,74772,24,"{""atr_period"": 14, ""horizon_h"": 6, ""ma_windows"": [12, 24, 72], ""mtf_intervals"": [""1d""], ""ret_windows"": [1, 2, 4, 8, 24], ""rsi_period"": 21, ""target_threshold"": 0.0025, ""vol_windows"": [24, 48]}","{""colsample_bytree"": 0.7, ""gamma"": 0.0, ""learning_rate"": 0.03, ""max_depth"": 5, ""min_child_weight"": 5, ""n_estimators"": 250, ""subsample"": 1.0}",4,6113,0.7132340912808768,0.009654454590729142,1.8290092131434816e+25,2192.578913547333,0.1454973785441026,58.343475951982896
stage2,5138,42,0.58,74772,24,"{""atr_period"": 14, ""horizon_h"": 6, ""ma_windows"": [12, 24, 72], ""mtf_intervals"": [""1d""], ""ret_windows"": [1, 2, 4, 8, 24], ""rsi_period"": 21, ""target_threshold"": 0.0025, ""vol_windows"": [24, 48]}","{""colsample_bytree"": 0.7, ""gamma"": 0.0, ""learning_rate"": 0.03, ""max_depth"": 5, ""min_child_weight"": 5, ""n_estimators"": 250, ""subsample"": 1.0}",4,5255,0.739105613701237,0.010597433414029401,6.843722650605507e+23,2192.578913547333,0.12982661290125308,55.09393962143589
stage2,5138,42,0.6,74772,24,"{""atr_period"": 14, ""horizon_h"": 6, ""ma_windows"": [12, 24, 72], ""mtf_intervals"": [""1d""], ""ret_windows"": [1, 2, 4, 8, 24], ""rsi_period"": 21, ""target_threshold"": 0.0025, ""vol_windows"": [24, 48]}","{""colsample_bytree"": 0.7, ""gamma"": 0.0, ""learning_rate"": 0.03, ""max_depth"": 5, ""min_child_weight"": 5, ""n_estimators"": 250, ""subsample"": 1.0}",4,4730,0.7541226215644821,0.011320534861373353,8.319756094525915e+22,2192.578913547333,0.1298266129012534,53.004454054402565
stage2,5138,42,0.62,74772,24,"{""atr_period"": 14, ""horizon_h"": 6, ""ma_windows"": [12, 24, 72], ""mtf_intervals"": [""1d""], ""ret_windows"": [1, 2, 4, 8, 24], ""rsi_period"": 21, ""target_threshold"": 0.0025, ""vol_windows"": [24, 48]}","{""colsample_bytree"": 0.7, ""gamma"": 0.0, ""learning_rate"": 0.03, ""max_depth"": 5, ""min_child_weight"": 5, ""n_estimators"": 250, ""subsample"": 1.0}",4,4211,0.7675136547138447,0.012056977976764685,5.369203464118033e+21,2192.578913547333,0.1298266129012532,50.28051996082394
stage2,5138,42,0.65,74772,24,"{""atr_period"": 14, ""horizon_h"": 6, ""ma_windows"": [12, 24, 72], ""mtf_intervals"": [""1d""], ""ret_windows"": [1, 2, 4, 8, 24], ""rsi_period"": 21, ""target_threshold"": 0.0025, ""vol_windows"": [24, 48]}","{""colsample_bytree"": 0.7, ""gamma"": 0.0, ""learning_rate"": 0.03, ""max_depth"": 5, ""min_child_weight"": 5, ""n_estimators"": 250, ""subsample"": 1.0}",4,3488,0.7864105504587156,0.013204949009539259,5.0754409202243355e+19,2192.578913547333,0.12513030546126203,45.64573304858584
stage2,5138,44,0.52,74772,24,"{""atr_period"": 14, ""horizon_h"": 6, ""ma_windows"": [12, 24, 72], ""mtf_intervals"": [""1d""], ""ret_windows"": [1, 2, 4, 8, 24], ""rsi_period"": 21, ""target_threshold"": 0.0025, ""vol_windows"": [24, 48]}","{""colsample_bytree"": 1.0, ""gamma"": 0.0, ""learning_rate"": 0.03, ""max_depth"": 5, ""min_child_weight"": 1, ""n_estimators"": 250, ""subsample"": 1.0}",4,7066,0.6917633739031984,0.00883636210165901,5.3171408630368725e+26,2192.578913547333,0.18589459421013987,61.66930244380131
stage2,5138,44,0.55,74772,24,"{""atr_period"": 14, ""horizon_h"": 6, ""ma_windows"": [12, 24, 72], ""mtf_intervals"": [""1d""], ""ret_windows"": [1, 2, 4, 8, 24], ""rsi_period"": 21, ""target_threshold"": 0.0025, ""vol_windows"": [24, 48]}","{""colsample_bytree"": 1.0, ""gamma"": 0.0, ""learning_rate"": 0.03, ""max_depth"": 5, ""min_child_weight"": 1, ""n_estimators"": 250, ""subsample"": 1.0}",4,6172,0.712896953985742,0.00961800547048564,2.546836062182126e+25,2192.578913547333,0.1858945942101401,58.65379346356041
stage2,5138,44,0.58,74772,24,"{""atr_period"": 14, ""horizon_h"": 6, ""ma_windows"": [12, 24, 72], ""mtf_intervals"": [""1d""], ""ret_windows"": [1, 2, 4, 8, 24], ""rsi_period"": 21, ""target_threshold"": 0.0025, ""vol_windows"": [24, 48]}","{""colsample_bytree"": 1.0, ""gamma"": 0.0, ""learning_rate"": 0.03, ""max_depth"": 5, ""min_child_weight"": 1, ""n_estimators"": 250, ""subsample"": 1.0}",4,5328,0.7338588588588588,0.010493046747375296,8.42254567526749e+23,2192.578913547333,0.17096467509418345,55.27591838167185
stage2,5138,44,0.6,74772,24,"{""atr_period"": 14, ""horizon_h"": 6, ""ma_windows"": [12, 24, 72], ""mtf_intervals"": [""1d""], ""ret_windows"": [1, 2, 4, 8, 24], ""rsi_period"": 21, ""target_threshold"": 0.0025, ""vol_windows"": [24, 48]}","{""colsample_bytree"": 1.0, ""gamma"": 0.0, ""learning_rate"": 0.03, ""max_depth"": 5, ""min_child_weight"": 1, ""n_estimators"": 250, ""subsample"": 1.0}",4,4797,0.7510944340212633,0.011233705242290365,1.1592957585072777e+23,2192.578913547333,0.12982661290125352,53.33310173758822
stage2,5138,44,0.62,74772,24,"{""atr_period"": 14, ""horizon_h"": 6, ""ma_windows"": [12, 24, 72], ""mtf_intervals"": [""1d""], ""ret_windows"": [1, 2, 4, 8, 24], ""rsi_period"": 21, ""target_threshold"": 0.0025, ""vol_windows"": [24, 48]}","{""colsample_bytree"": 1.0, ""gamma"": 0.0, ""learning_rate"": 0.03, ""max_depth"": 5, ""min_child_weight"": 1, ""n_estimators"": 250, ""subsample"": 1.0}",4,4267,0.7656433091164753,0.012022423799529702,9.012584600404854e+21,2192.578913547333,0.10364237021668432,50.809781695030516
stage2,5138,44,0.65,74772,24,"{""atr_period"": 14, ""horizon_h"": 6, ""ma_windows"": [12, 24, 72], ""mtf_intervals"": [""1d""], ""ret_windows"": [1, 2, 4, 8, 24], ""rsi_period"": 21, ""target_threshold"": 0.0025, ""vol_windows"": [24, 48]}","{""colsample_bytree"": 1.0, ""gamma"": 0.0, ""learning_rate"": 0.03, ""max_depth"": 5, ""min_child_weight"": 1, ""n_estimators"": 250, ""subsample"": 1.0}",4,3526,0.7901304594441293,0.013243790485287819,9.571779737584553e+19,2192.578913547333,0.09761932703852749,46.29718095346921
stage2,5138,23,0.52,74772,24,"{""atr_period"": 14, ""horizon_h"": 6, ""ma_windows"": [12, 24, 72], ""mtf_intervals"": [""1d""], ""ret_windows"": [1, 2, 4, 8, 24], ""rsi_period"": 21, ""target_threshold"": 0.0025, ""vol_windows"": [24, 48]}","{""colsample_bytree"": 1.0, ""gamma"": 0.2, ""learning_rate"": 0.07, ""max_depth"": 3, ""min_child_weight"": 5, ""n_estimators"": 250, ""subsample"": 0.7}",4,6785,0.6910832719233604,0.00892930705407465,8.435416292124613e+25,2192.578913547333,0.18589459421013987,59.82842016944645
stage2,5138,23,0.55,74772,24,"{""atr_period"": 14, ""horizon_h"": 6, ""ma_windows"": [12, 24, 72], ""mtf_intervals"": [""1d""], ""ret_windows"": [1, 2, 4, 8, 24], ""rsi_period"": 21, ""target_threshold"": 0.0025, ""vol_windows"": [24, 48]}","{""colsample_bytree"": 1.0, ""gamma"": 0.2, ""learning_rate"": 0.07, ""max_depth"": 3, ""min_child_weight"": 5, ""n_estimators"": 250, ""subsample"": 0.7}",4,5870,0.7148211243611584,0.009855479583481232,5.73808714830538e+24,2192.578913547333,0.14549737854410238,57.18712018410922
stage2,5138,23,0.58,74772,24,"{""atr_period"": 14, ""horizon_h"": 6, ""ma_windows"": [12, 24, 72], ""mtf_intervals"": [""1d""], ""ret_windows"": [1, 2, 4, 8, 24], ""rsi_period"": 21, ""target_threshold"": 0.0025, ""vol_windows"": [24, 48]}","{""colsample_bytree"": 1.0, ""gamma"": 0.2, ""learning_rate"": 0.07, ""max_depth"": 3, ""min_child_weight"": 5, ""n_estimators"": 250, ""subsample"": 0.7}",4,5012,0.7360335195530726,0.010792601166560419,1.4051955104724857e+23,2192.578913547333,0.1298266129012532,53.50988790385334
stage2,5138,23,0.6,74772,24,"{""atr_period"": 14, ""horizon_h"": 6, ""ma_windows"": [12, 24, 72], ""mtf_intervals"": [""1d""], ""ret_windows"": [1, 2, 4, 8, 24], ""rsi_period"": 21, ""target_threshold"": 0.0025, ""vol_windows"": [24, 48]}","{""colsample_bytree"": 1.0, ""gamma"": 0.2, ""learning_rate"": 0.07, ""max_depth"": 3, ""min_child_weight"": 5, ""n_estimators"": 250, ""subsample"": 0.7}",4,4457,0.7482611622167377,0.011448410621089611,6.785122391279677e+21,2192.578913547333,0.1298266129012532,50.49430219279901
stage2,5138,23,0.62,74772,24,"{""atr_period"": 14, ""horizon_h"": 6, ""ma_windows"": [12, 24, 72], ""mtf_intervals"": [""1d""], ""ret_windows"": [1, 2, 4, 8, 24], ""rsi_period"": 21, ""target_threshold"": 0.0025, ""vol_windows"": [24, 48]}","{""colsample_bytree"": 1.0, ""gamma"": 0.2, ""learning_rate"": 0.07, ""max_depth"": 3, ""min_child_weight"": 5, ""n_estimators"": 250, ""subsample"": 0.7}",4,3986,0.7609131961866533,0.012096864089172661,4.239066794491132e+20,2192.578913547333,0.1298266129012533,47.736637172473365
stage2,5138,23,0.65,74772,24,"{""atr_period"": 14, ""horizon_h"": 6, ""ma_windows"": [12, 24, 72], ""mtf_intervals"": [""1d""], ""ret_windows"": [1, 2, 4, 8, 24], ""rsi_period"": 21, ""target_threshold"": 0.0025, ""vol_windows"": [24, 48]}","{""colsample_bytree"": 1.0, ""gamma"": 0.2, ""learning_rate"": 0.07, ""max_depth"": 3, ""min_child_weight"": 5, ""n_estimators"": 250, ""subsample"": 0.7}",4,3271,0.7811066952002446,0.013202881450022835,2.939519128239346e+18,2192.578913547333,0.1033244402170046,42.80362386769424
stage2,3770,51,0.52,74933,24,"{""atr_period"": 21, ""horizon_h"": 6, ""ma_windows"": [6, 18, 72], ""mtf_intervals"": [""1d""], ""ret_windows"": [1, 2, 4, 8, 24], ""rsi_period"": 14, ""target_threshold"": 0.0025, ""vol_windows"": [24, 72]}","{""colsample_bytree"": 0.7, ""gamma"": 0.2, ""learning_rate"": 0.07, ""max_depth"": 5, ""min_child_weight"": 5, ""n_estimators"": 250, ""subsample"": 0.7}",4,7499,0.68249099879984,0.008424932346640095,1.0982954384918876e+27,2374.4351995711604,0.21341759416310058,62.370240348130004
stage2,3770,51,0.55,74933,24,"{""atr_period"": 21, ""horizon_h"": 6, ""ma_windows"": [6, 18, 72], ""mtf_intervals"": [""1d""], ""ret_windows"": [1, 2, 4, 8, 24], ""rsi_period"": 14, ""target_threshold"": 0.0025, ""vol_windows"": [24, 72]}","{""colsample_bytree"": 0.7, ""gamma"": 0.2, ""learning_rate"": 0.07, ""max_depth"": 5, ""min_child_weight"": 5, ""n_estimators"": 250, ""subsample"": 0.7}",4,6598,0.7032434070930585,0.009190254189489934,9.008609652195094e+25,2374.4351995711604,0.2134175941631007,59.892216035040875
stage2,3770,51,0.58,74933,24,"{""atr_period"": 21, ""horizon_h"": 6, ""ma_windows"": [6, 18, 72], ""mtf_intervals"": [""1d""], ""ret_windows"": [1, 2, 4, 8, 24], ""rsi_period"": 14, ""target_threshold"": 0.0025, ""vol_windows"": [24, 72]}","{""colsample_bytree"": 0.7, ""gamma"": 0.2, ""learning_rate"": 0.07, ""max_depth"": 5, ""min_child_weight"": 5, ""n_estimators"": 250, ""subsample"": 0.7}",4,5802,0.7199241640813513,0.009977076687800757,5.981295917360275e+24,2374.4351995711604,0.15794009483372573,57.22746538228103
stage2,3770,51,0.6,74933,24,"{""atr_period"": 21, ""horizon_h"": 6, ""ma_windows"": [6, 18, 72], ""mtf_intervals"": [""1d""], ""ret_windows"": [1, 2, 4, 8, 24], ""rsi_period"": 14, ""target_threshold"": 0.0025, ""vol_windows"": [24, 72]}","{""colsample_bytree"": 0.7, ""gamma"": 0.2, ""learning_rate"": 0.07, ""max_depth"": 5, ""min_child_weight"": 5, ""n_estimators"": 250, ""subsample"": 0.7}",4,5244,0.7341723874904653,0.010554777052715139,4.9261333572690366e+23,2374.4351995711604,0.1298266129012532,54.76087433027963
stage2,3770,51,0.62,74933,24,"{""atr_period"": 21, ""horizon_h"": 6, ""ma_windows"": [6, 18, 72], ""mtf_intervals"": [""1d""], ""ret_windows"": [1, 2, 4, 8, 24], ""rsi_period"": 14, ""target_threshold"": 0.0025, ""vol_windows"": [24, 72]}","{""colsample_bytree"": 0.7, ""gamma"": 0.2, ""learning_rate"": 0.07, ""max_depth"": 5, ""min_child_weight"": 5, ""n_estimators"": 250, ""subsample"": 0.7}",4,4760,0.7483193277310924,0.011150688412750626,5.230345343587019e+22,2374.4351995711604,0.1298266129012533,52.53429701608071
stage2,3770,51,0.65,74933,24,"{""atr_period"": 21, ""horizon_h"": 6, ""ma_windows"": [6, 18, 72], ""mtf_intervals"": [""1d""], ""ret_windows"": [1, 2, 4, 8, 24], ""rsi_period"": 14, ""target_threshold"": 0.0025, ""vol_windows"": [24, 72]}","{""colsample_bytree"": 0.7, ""gamma"": 0.2, ""learning_rate"": 0.07, ""max_depth"": 5, ""min_child_weight"": 5, ""n_estimators"": 250, ""subsample"": 0.7}",4,4043,0.765767994063814,0.012158144403432493,1.0790310111455036e+21,2374.4351995711604,0.1298266129012534,48.67531662340115
stage2,3770,58,0.52,74933,24,"{""atr_period"": 21, ""horizon_h"": 6, ""ma_windows"": [6, 18, 72], ""mtf_intervals"": [""1d""], ""ret_windows"": [1, 2, 4, 8, 24], ""rsi_period"": 14, ""target_threshold"": 0.0025, ""vol_windows"": [24, 72]}","{""colsample_bytree"": 0.7, ""gamma"": 0.0, ""learning_rate"": 0.07, ""max_depth"": 5, ""min_child_weight"": 5, ""n_estimators"": 250, ""subsample"": 1.0}",4,7460,0.6815013404825737,0.0084406177016272,8.953666937685891e+26,2374.4351995711604,0.18835120293288243,62.177825992462765
stage2,3770,58,0.55,74933,24,"{""atr_period"": 21, ""horizon_h"": 6, ""ma_windows"": [6, 18, 72], ""mtf_intervals"": [""1d""], ""ret_windows"": [1, 2, 4, 8, 24], ""rsi_period"": 14, ""target_threshold"": 0.0025, ""vol_windows"": [24, 72]}","{""colsample_bytree"": 0.7, ""gamma"": 0.0, ""learning_rate"": 0.07, ""max_depth"": 5, ""min_child_weight"": 5, ""n_estimators"": 250, ""subsample"": 1.0}",4,6570,0.6996955859969558,0.009193327653157984,7.118667068011841e+25,2374.4351995711604,0.18589459421013976,59.66770361611799
stage2,3770,58,0.58,74933,24,"{""atr_period"": 21, ""horizon_h"": 6, ""ma_windows"": [6, 18, 72], ""mtf_intervals"": [""1d""], ""ret_windows"": [1, 2, 4, 8, 24], ""rsi_period"": 14, ""target_threshold"": 0.0025, ""vol_windows"": [24, 72]}","{""colsample_bytree"": 0.7, ""gamma"": 0.0, ""learning_rate"": 0.07, ""max_depth"": 5, ""min_child_weight"": 5, ""n_estimators"": 250, ""subsample"": 1.0}",4,5758,0.7242097950677319,0.010018739778250912,4.91643139756632e+24,2374.4351995711604,0.1750315517613953,57.026627151886956
stage2,3770,58,0.6,74933,24,"{""atr_period"": 21, ""horizon_h"": 6, ""ma_windows"": [6, 18, 72], ""mtf_intervals"": [""1d""], ""ret_windows"": [1, 2, 4, 8, 24], ""rsi_period"": 14, ""target_threshold"": 0.0025, ""vol_windows"": [24, 72]}","{""colsample_bytree"": 0.7, ""gamma"": 0.0, ""learning_rate"": 0.07, ""max_depth"": 5, ""min_child_weight"": 5, ""n_estimators"": 250, ""subsample"": 1.0}",4,5226,0.7401454267125909,0.010688496018668293,8.13610671263157e+23,2374.4351995711604,0.1750315517613954,55.245877447267176
stage2,3770,58,0.62,74933,24,"{""atr_period"": 21, ""horizon_h"": 6, ""ma_windows"": [6, 18, 72], ""mtf_intervals"": [""1d""], ""ret_windows"": [1, 2, 4, 8, 24], ""rsi_period"": 14, ""target_threshold"": 0.0025, ""vol_windows"": [24, 72]}","{""colsample_bytree"": 0.7, ""gamma"": 0.0, ""learning_rate"": 0.07, ""max_depth"": 5, ""min_child_weight"": 5, ""n_estimators"": 250, ""subsample"": 1.0}",4,4719,0.7527018436109345,0.011307091294808154,6.8974997370907235e+22,2374.4351995711604,0.1750315517613953,52.79313346422823
stage2,3770,58,0.65,74933,24,"{""atr_period"": 21, ""horizon_h"": 6, ""ma_windows"": [6, 18, 72], ""mtf_intervals"": [""1d""], ""ret_windows"": [1, 2, 4, 8, 24], ""rsi_period"": 14, ""target_threshold"": 0.0025, ""vol_windows"": [24, 72]}","{""colsample_bytree"": 0.7, ""gamma"": 0.0, ""learning_rate"": 0.07, ""max_depth"": 5, ""min_child_weight"": 5, ""n_estimators"": 250, ""subsample"": 1.0}",4,4010,0.7713216957605985,0.012258321283287424,1.0801435977714452e+21,2374.4351995711604,0.1298266129012532,48.68159156649621
stage2,3770,50,0.52,74933,24,"{""atr_period"": 21, ""horizon_h"": 6, ""ma_windows"": [6, 18, 72], ""mtf_intervals"": [""1d""], ""ret_windows"": [1, 2, 4, 8, 24], ""rsi_period"": 14, ""target_threshold"": 0.0025, ""vol_windows"": [24, 72]}","{""colsample_bytree"": 0.7, ""gamma"": 0.0, ""learning_rate"": 0.07, ""max_depth"": 5, ""min_child_weight"": 5, ""n_estimators"": 250, ""subsample"": 0.7}",4,7496,0.6816969050160085,0.008422690251141734,1.0518977986039566e+27,2374.4351995711604,0.23914296309673133,62.31356103529299
stage2,3770,50,0.55,74933,24,"{""atr_period"": 21, ""horizon_h"": 6, ""ma_windows"": [6, 18, 72], ""mtf_intervals"": [""1d""], ""ret_windows"": [1, 2, 4, 8, 24], ""rsi_period"": 14, ""target_threshold"": 0.0025, ""vol_windows"": [24, 72]}","{""colsample_bytree"": 0.7, ""gamma"": 0.0, ""learning_rate"": 0.07, ""max_depth"": 5, ""min_child_weight"": 5, ""n_estimators"": 250, ""subsample"": 0.7}",4,6550,0.7019847328244275,0.009181867644154441,5.517304554505673e+25,2374.4351995711604,0.2134175941631008,59.400850690868324
stage2,3770,50,0.58,74933,24,"{""atr_period"": 21, ""horizon_h"": 6, ""ma_windows"": [6, 18, 72], ""mtf_intervals"": [""1d""], ""ret_windows"": [1, 2, 4, 8, 24], ""rsi_period"": 14, ""target_threshold"": 0.0025, ""vol_windows"": [24, 72]}","{""colsample_bytree"": 0.7, ""gamma"": 0.0, ""learning_rate"": 0.07, ""max_depth"": 5, ""min_child_weight"": 5, ""n_estimators"": 250, ""subsample"": 0.7}",4,5735,0.7241499564080209,0.009988761425610199,3.3359645380743176e+24,2374.4351995711604,0.18188126947447636,56.63509350801752
stage2,3770,50,0.6,74933,24,"{""atr_period"": 21, ""horizon_h"": 6, ""ma_windows"": [6, 18, 72], ""mtf_intervals"": [""1d""], ""ret_windows"": [1, 2, 4, 8, 24], ""rsi_period"": 14, ""target_threshold"": 0.0025, ""vol_windows"": [24, 72]}","{""colsample_bytree"": 0.7, ""gamma"": 0.0, ""learning_rate"": 0.07, ""max_depth"": 5, ""min_child_weight"": 5, ""n_estimators"": 250, ""subsample"": 0.7}",4,5228,0.7377582249426167,0.01057220910442302,4.5520974327017896e+23,2374.4351995711604,0.18188126947447636,54.65888885788235
stage2,3770,50,0.62,74933,24,"{""atr_period"": 21, ""horizon_h"": 6, ""ma_windows"": [6, 18, 72], ""mtf_intervals"": [""1d""], ""ret_windows"": [1, 2, 4, 8, 24], ""rsi_period"": 14, ""target_threshold"": 0.0025, ""vol_windows"": [24, 72]}","{""colsample_bytree"": 0.7, ""gamma"": 0.0, ""learning_rate"": 0.07, ""max_depth"": 5, ""min_child_weight"": 5, ""n_estimators"": 250, ""subsample"": 0.7}",4,4751,0.7493159334876868,0.011186131340291255,5.6000534265787104e+22,2374.4351995711604,0.14128490619962597,52.59794752843774
stage2,3770,50,0.65,74933,24,"{""atr_period"": 21, ""horizon_h"": 6, ""ma_windows"": [6, 18, 72], ""mtf_intervals"": [""1d""], ""ret_windows"": [1, 2, 4, 8, 24], ""rsi_period"": 14, ""target_threshold"": 0.0025, ""vol_windows"": [24, 72]}","{""colsample_bytree"": 0.7, ""gamma"": 0.0, ""learning_rate"": 0.07, ""max_depth"": 5, ""min_child_weight"": 5, ""n_estimators"": 250, ""subsample"": 0.7}",4,4028,0.7681231380337636,0.012197813558053728,1.0630232145297124e+21,2374.4351995711604,0.1298266129012532,48.66257160312923
stage2,3770,48,0.52,74933,24,"{""atr_period"": 21, ""horizon_h"": 6, ""ma_windows"": [6, 18, 72], ""mtf_intervals"": [""1d""], ""ret_windows"": [1, 2, 4, 8, 24], ""rsi_period"": 14, ""target_threshold"": 0.0025, ""vol_windows"": [24, 72]}","{""colsample_bytree"": 0.7, ""gamma"": 0.0, ""learning_rate"": 0.07, ""max_depth"": 5, ""min_child_weight"": 1, ""n_estimators"": 250, ""subsample"": 0.7}",4,7529,0.6816310266967724,0.008384403392460141,1.0413898704613984e+27,2374.4351995711604,0.18589459421013987,62.32978649708349
stage2,3770,48,0.55,74933,24,"{""atr_period"": 21, ""horizon_h"": 6, ""ma_windows"": [6, 18, 72], ""mtf_intervals"": [""1d""], ""ret_windows"": [1, 2, 4, 8, 24], ""rsi_period"": 14, ""target_threshold"": 0.0025, ""vol_windows"": [24, 72]}","{""colsample_bytree"": 0.7, ""gamma"": 0.0, ""learning_rate"": 0.07, ""max_depth"": 5, ""min_child_weight"": 1, ""n_estimators"": 250, ""subsample"": 0.7}",4,6635,0.6999246420497363,0.009133437730394251,8.667251792039413e+25,2374.4351995711604,0.18188126947447614,59.866245667137306
stage2,3770,48,0.58,74933,24,"{""atr_period"": 21, ""horizon_h"": 6, ""ma_windows"": [6, 18, 72], ""mtf_intervals"": [""1d""], ""ret_windows"": [1, 2, 4, 8, 24], ""rsi_period"": 14, ""target_threshold"": 0.0025, ""vol_windows"": [24, 72]}","{""colsample_bytree"": 0.7, ""gamma"": 0.0, ""learning_rate"": 0.07, ""max_depth"": 5, ""min_child_weight"": 1, ""n_estimators"": 250, ""subsample"": 0.7}",4,5792,0.7204765193370166,0.009953613543342024,4.780446930026638e+24,2374.4351995711604,0.14128490619962641,57.01194394471171
stage2,3770,48,0.6,74933,24,"{""atr_period"": 21, ""horizon_h"": 6, ""ma_windows"": [6, 18, 72], ""mtf_intervals"": [""1d""], ""ret_windows"": [1, 2, 4, 8, 24], ""rsi_period"": 14, ""target_threshold"": 0.0025, ""vol_windows"": [24, 72]}","{""colsample_bytree"": 0.7, ""gamma"": 0.0, ""learning_rate"": 0.07, ""max_depth"": 5, ""min_child_weight"": 1, ""n_estimators"": 250, ""subsample"": 0.7}",4,5259,0.7358813462635482,0.010551543302390559,5.6655914191648706e+23,2374.4351995711604,0.1298266129012534,54.90207254366662
stage2,3770,48,0.62,74933,24,"{""atr_period"": 21, ""horizon_h"": 6, ""ma_windows"": [6, 18, 72], ""mtf_intervals"": [""1d""], ""ret_windows"": [1, 2, 4, 8, 24], ""rsi_period"": 14, ""target_threshold"": 0.0025, ""vol_windows"": [24, 72]}","{""colsample_bytree"": 0.7, ""gamma"": 0.0, ""learning_rate"": 0.07, ""max_depth"": 5, ""min_child_weight"": 1, ""n_estimators"": 250, ""subsample"": 0.7}",4,4764,0.7470612930310663,0.011084796797943322,4.011527592624042e+22,2374.4351995711604,0.1298266129012533,52.267458262795365
stage2,3770,48,0.65,74933,24,"{""atr_period"": 21, ""horizon_h"": 6, ""ma_windows"": [6, 18, 72], ""mtf_intervals"": [""1d""], ""ret_windows"": [1, 2, 4, 8, 24], ""rsi_period"": 14, ""target_threshold"": 0.0025, ""vol_windows"": [24, 72]}","{""colsample_bytree"": 0.7, ""gamma"": 0.0, ""learning_rate"": 0.07, ""max_depth"": 5, ""min_child_weight"": 1, ""n_estimators"": 250, ""subsample"": 0.7}",4,4050,0.7634567901234568,0.011975873414403404,5.673982768233213e+20,2374.4351995711604,0.12982661290125308,48.02925227225651
stage2,3770,57,0.52,74933,24,"{""atr_period"": 21, ""horizon_h"": 6, ""ma_windows"": [6, 18, 72], ""mtf_intervals"": [""1d""], ""ret_windows"": [1, 2, 4, 8, 24], ""rsi_period"": 14, ""target_threshold"": 0.0025, ""vol_windows"": [24, 72]}","{""colsample_bytree"": 0.7, ""gamma"": 0.2, ""learning_rate"": 0.07, ""max_depth"": 5, ""min_child_weight"": 1, ""n_estimators"": 250, ""subsample"": 1.0}",4,7457,0.6836529435429798,0.00845052705913731,9.393949987302349e+26,2374.4351995711604,0.231724695711519,62.20594250498956
stage2,3770,57,0.55,74933,24,"{""atr_period"": 21, ""horizon_h"": 6, ""ma_windows"": [6, 18, 72], ""mtf_intervals"": [""1d""], ""ret_windows"": [1, 2, 4, 8, 24], ""rsi_period"": 14, ""target_threshold"": 0.0025, ""vol_windows"": [24, 72]}","{""colsample_bytree"": 0.7, ""gamma"": 0.2, ""learning_rate"": 0.07, ""max_depth"": 5, ""min_child_weight"": 1, ""n_estimators"": 250, ""subsample"": 1.0}",4,6611,0.7008016941461201,0.009154222858114115,8.034169802962494e+25,2374.4351995711604,0.1858945942101401,59.78925883718587
stage2,3770,57,0.58,74933,24,"{""atr_period"": 21, ""horizon_h"": 6, ""ma_windows"": [6, 18, 72], ""mtf_intervals"": [""1d""], ""ret_windows"": [1, 2, 4, 8, 24], ""rsi_period"": 14, ""target_threshold"": 0.0025, ""vol_windows"": [24, 72]}","{""colsample_bytree"": 0.7, ""gamma"": 0.2, ""learning_rate"": 0.07, ""max_depth"": 5, ""min_child_weight"": 1, ""n_estimators"": 250, ""subsample"": 1.0}",4,5775,0.7238095238095238,0.010011474513344264,5.572845544658352e+24,2374.4351995711604,0.18589459421013999,57.146140143173135
stage2,3770,57,0.6,74933,24,"{""atr_period"": 21, ""horizon_h"": 6, ""ma_windows"": [6, 18, 72], ""mtf_intervals"": [""1d""], ""ret_windows"": [1, 2, 4, 8, 24], ""rsi_period"": 14, ""target_threshold"": 0.0025, ""vol_windows"": [24, 72]}","{""colsample_bytree"": 0.7, ""gamma"": 0.2, ""learning_rate"": 0.07, ""max_depth"": 5, ""min_child_weight"": 1, ""n_estimators"": 250, ""subsample"": 1.0}",4,5227,0.7394298832982591,0.010658287265302643,6.996571020993887e+23,2374.4351995711604,0.18589459421013999,55.088740221412856
stage2,3770,57,0.62,74933,24,"{""atr_period"": 21, ""horizon_h"": 6, ""ma_windows"": [6, 18, 72], ""mtf_intervals"": [""1d""], ""ret_windows"": [1, 2, 4, 8, 24], ""rsi_period"": 14, ""target_threshold"": 0.0025, ""vol_windows"": [24, 72]}","{""colsample_bytree"": 0.7, ""gamma"": 0.2, ""learning_rate"": 0.07, ""max_depth"": 5, ""min_child_weight"": 1, ""n_estimators"": 250, ""subsample"": 1.0}",4,4713,0.7528113727986421,0.011271400931662057,5.450726261298883e+22,2374.4351995711604,0.18589459421013999,52.55209391320704
stage2,3770,57,0.65,74933,24,"{""atr_period"": 21, ""horizon_h"": 6, ""ma_windows"": [6, 18, 72], ""mtf_intervals"": [""1d""], ""ret_windows"": [1, 2, 4, 8, 24], ""rsi_period"": 14, ""target_threshold"": 0.0025, ""vol_windows"": [24, 72]}","{""colsample_bytree"": 0.7, ""gamma"": 0.2, ""learning_rate"": 0.07, ""max_depth"": 5, ""min_child_weight"": 1, ""n_estimators"": 250, ""subsample"": 1.0}",4,4030,0.7694789081885856,0.012217707673499164,1.1716784946182142e+21,2374.4351995711604,0.17096467509418323,48.74056673479028
stage2,3770,61,0.52,74933,24,"{""atr_period"": 21, ""horizon_h"": 6, ""ma_windows"": [6, 18, 72], ""mtf_intervals"": [""1d""], ""ret_windows"": [1, 2, 4, 8, 24], ""rsi_period"": 14, ""target_threshold"": 0.0025, ""vol_windows"": [24, 72]}","{""colsample_bytree"": 1.0, ""gamma"": 0.2, ""learning_rate"": 0.07, ""max_depth"": 5, ""min_child_weight"": 1, ""n_estimators"": 250, ""subsample"": 1.0}",4,7555,0.6786234281932495,0.008361926007804424,1.0892751627447351e+27,2374.4351995711604,0.22379067637827132,62.35320880999781
stage2,3770,61,0.55,74933,24,"{""atr_period"": 21, ""horizon_h"": 6, ""ma_windows"": [6, 18, 72], ""mtf_intervals"": [""1d""], ""ret_windows"": [1, 2, 4, 8, 24], ""rsi_period"": 14, ""target_threshold"": 0.0025, ""vol_windows"": [24, 72]}","{""colsample_bytree"": 1.0, ""gamma"": 0.2, ""learning_rate"": 0.07, ""max_depth"": 5, ""min_child_weight"": 1, ""n_estimators"": 250, ""subsample"": 1.0}",4,6701,0.6982539919415013,0.009053354121785302,9.268978400897857e+25,2374.4351995711604,0.18188126947447592,59.93138988528076
stage2,3770,61,0.58,74933,24,"{""atr_period"": 21, ""horizon_h"": 6, ""ma_windows"": [6, 18, 72], ""mtf_intervals"": [""1d""], ""ret_windows"": [1, 2, 4, 8, 24], ""rsi_period"": 14, ""target_threshold"": 0.0025, ""vol_windows"": [24, 72]}","{""colsample_bytree"": 1.0, ""gamma"": 0.2, ""learning_rate"": 0.07, ""max_depth"": 5, ""min_child_weight"": 1, ""n_estimators"": 250, ""subsample"": 1.0}",4,5837,0.717663183142025,0.009918648521340825,6.0318643685904e+24,2374.4351995711604,0.17096467509418312,57.22709577413394
stage2,3770,61,0.6,74933,24,"{""atr_period"": 21, ""horizon_h"": 6, ""ma_windows"": [6, 18, 72], ""mtf_intervals"": [""1d""], ""ret_windows"": [1, 2, 4, 8, 24], ""rsi_period"": 14, ""target_threshold"": 0.0025, ""vol_windows"": [24, 72]}","{""colsample_bytree"": 1.0, ""gamma"": 0.2, ""learning_rate"": 0.07, ""max_depth"": 5, ""min_child_weight"": 1, ""n_estimators"": 250, ""subsample"": 1.0}",4,5313,0.730660643704122,0.010502804286152896,7.693333435577682e+23,2374.4351995711604,0.1298266129012532,55.203448947926724
stage2,3770,61,0.62,74933,24,"{""atr_period"": 21, ""horizon_h"": 6, ""ma_windows"": [6, 18, 72], ""mtf_intervals"": [""1d""], ""ret_windows"": [1, 2, 4, 8, 24], ""rsi_period"": 14, ""target_threshold"": 0.0025, ""vol_windows"": [24, 72]}","{""colsample_bytree"": 1.0, ""gamma"": 0.2, ""learning_rate"": 0.07, ""max_depth"": 5, ""min_child_weight"": 1, ""n_estimators"": 250, ""subsample"": 1.0}",4,4782,0.7473860309493936,0.011210256574128812,8.870847605903529e+22,2374.4351995711604,0.1298266129012532,53.06231996725341
stage2,3770,61,0.65,74933,24,"{""atr_period"": 21, ""horizon_h"": 6, ""ma_windows"": [6, 18, 72], ""mtf_intervals"": [""1d""], ""ret_windows"": [1, 2, 4, 8, 24], ""rsi_period"": 14, ""target_threshold"": 0.0025, ""vol_windows"": [24, 72]}","{""colsample_bytree"": 1.0, ""gamma"": 0.2, ""learning_rate"": 0.07, ""max_depth"": 5, ""min_child_weight"": 1, ""n_estimators"": 250, ""subsample"": 1.0}",4,4074,0.7670594010800197,0.01213058569657807,1.4154392377374036e+21,2374.4351995711604,0.11744206402674373,48.95369802558667
stage2,3770,38,0.52,74933,24,"{""atr_period"": 21, ""horizon_h"": 6, ""ma_windows"": [6, 18, 72], ""mtf_intervals"": [""1d""], ""ret_windows"": [1, 2, 4, 8, 24], ""rsi_period"": 14, ""target_threshold"": 0.0025, ""vol_windows"": [24, 72]}","{""colsample_bytree"": 1.0, ""gamma"": 0.0, ""learning_rate"": 0.03, ""max_depth"": 5, ""min_child_weight"": 5, ""n_estimators"": 250, ""subsample"": 0.7}",4,7152,0.6902964205816555,0.008750072581255828,6.173692083231277e+26,2374.4351995711604,0.18589459421013987,61.81679988955137
stage2,3770,38,0.55,74933,24,"{""atr_period"": 21, ""horizon_h"": 6, ""ma_windows"": [6, 18, 72], ""mtf_intervals"": [""1d""], ""ret_windows"": [1, 2, 4, 8, 24], ""rsi_period"": 14, ""target_threshold"": 0.0025, ""vol_windows"": [24, 72]}","{""colsample_bytree"": 1.0, ""gamma"": 0.0, ""learning_rate"": 0.03, ""max_depth"": 5, ""min_child_weight"": 5, ""n_estimators"": 250, ""subsample"": 0.7}",4,6237,0.7142857142857143,0.009616251876536972,4.7564017101162495e+25,2374.4351995711604,0.14549737854410238,59.299728661141216
stage2,3770,38,0.58,74933,24,"{""atr_period"": 21, ""horizon_h"": 6, ""ma_windows"": [6, 18, 72], ""mtf_intervals"": [""1d""], ""ret_windows"": [1, 2, 4, 8, 24], ""rsi_period"": 14, ""target_threshold"": 0.0025, ""vol_windows"": [24, 72]}","{""colsample_bytree"": 1.0, ""gamma"": 0.0, ""learning_rate"": 0.03, ""max_depth"": 5, ""min_child_weight"": 5, ""n_estimators"": 250, ""subsample"": 0.7}",4,5400,0.7351851851851852,0.010538199568870895,2.2933913477884056e+24,2374.4351995711604,0.14128490619962608,56.29388518341434
stage2,3770,38,0.6,74933,24,"{""atr_period"": 21, ""horizon_h"": 6, ""ma_windows"": [6, 18, 72], ""mtf_intervals"": [""1d""], ""ret_windows"": [1, 2, 4, 8, 24], ""rsi_period"": 14, ""target_threshold"": 0.0025, ""vol_windows"": [24, 72]}","{""colsample_bytree"": 1.0, ""gamma"": 0.0, ""learning_rate"": 0.03, ""max_depth"": 5, ""min_child_weight"": 5, ""n_estimators"": 250, ""subsample"": 0.7}",4,4849,0.7521138379047226,0.011241900000235476,2.1611646945894806e+23,2374.4351995711604,0.1298266129012533,53.956817389570524
stage2,3770,38,0.62,74933,24,"{""atr_period"": 21, ""horizon_h"": 6, ""ma_windows"": [6, 18, 72], ""mtf_intervals"": [""1d""], ""ret_windows"": [1, 2, 4, 8, 24], ""rsi_period"": 14, ""target_threshold"": 0.0025, ""vol_windows"": [24, 72]}","{""colsample_bytree"": 1.0, ""gamma"": 0.0, ""learning_rate"": 0.03, ""max_depth"": 5, ""min_child_weight"": 5, ""n_estimators"": 250, ""subsample"": 0.7}",4,4341,0.7654918221607925,0.011961130476365957,1.6725231004957605e+22,2374.4351995711604,0.10246331362828787,51.42805621547489
stage2,3770,38,0.65,74933,24,"{""atr_period"": 21, ""horizon_h"": 6, ""ma_windows"": [6, 18, 72], ""mtf_intervals"": [""1d""], ""ret_windows"": [1, 2, 4, 8, 24], ""rsi_period"": 14, ""target_threshold"": 0.0025, ""vol_windows"": [24, 72]}","{""colsample_bytree"": 1.0, ""gamma"": 0.0, ""learning_rate"": 0.03, ""max_depth"": 5, ""min_child_weight"": 5, ""n_estimators"": 250, ""subsample"": 0.7}",4,3610,0.7822714681440444,0.013000112588562965,1.2022556225558674e+20,2374.4351995711604,0.10246331362828764,46.51448775614963
stage2,3770,36,0.52,74933,24,"{""atr_period"": 21, ""horizon_h"": 6, ""ma_windows"": [6, 18, 72], ""mtf_intervals"": [""1d""], ""ret_windows"": [1, 2, 4, 8, 24], ""rsi_period"": 14, ""target_threshold"": 0.0025, ""vol_windows"": [24, 72]}","{""colsample_bytree"": 1.0, ""gamma"": 0.0, ""learning_rate"": 0.03, ""max_depth"": 5, ""min_child_weight"": 1, ""n_estimators"": 250, ""subsample"": 0.7}",4,7199,0.6874565911932213,0.008666431868182238,5.058778924405375e+26,2374.4351995711604,0.18835120293288243,61.613458679168495
stage2,3770,36,0.55,74933,24,"{""atr_period"": 21, ""horizon_h"": 6, ""ma_windows"": [6, 18, 72], ""mtf_intervals"": [""1d""], ""ret_windows"": [1, 2, 4, 8, 24], ""rsi_period"": 14, ""target_threshold"": 0.0025, ""vol_windows"": [24, 72]}","{""colsample_bytree"": 1.0, ""gamma"": 0.0, ""learning_rate"": 0.03, ""max_depth"": 5, ""min_child_weight"": 1, ""n_estimators"": 250, ""subsample"": 0.7}",4,6241,0.7135074507290499,0.009612022277068512,4.8196845534513e+25,2374.4351995711604,0.14128490619962586,59.31439549112993
stage2,3770,36,0.58,74933,24,"{""atr_period"": 21, ""horizon_h"": 6, ""ma_windows"": [6, 18, 72], ""mtf_intervals"": [""1d""], ""ret_windows"": [1, 2, 4, 8, 24], ""rsi_period"": 14, ""target_threshold"": 0.0025, ""vol_windows"": [24, 72]}","{""colsample_bytree"": 1.0, ""gamma"": 0.0, ""learning_rate"": 0.03, ""max_depth"": 5, ""min_child_weight"": 1, ""n_estimators"": 250, ""subsample"": 0.7}",4,5422,0.734599778679454,0.010485700686455462,2.1789461476412242e+24,2374.4351995711604,0.1412849061996262,56.24180654859589
stage2,3770,36,0.6,74933,24,"{""atr_period"": 21, ""horizon_h"": 6, ""ma_windows"": [6, 18, 72], ""mtf_intervals"": [""1d""], ""ret_windows"": [1, 2, 4, 8, 24], ""rsi_period"": 14, ""target_threshold"": 0.0025, ""vol_windows"": [24, 72]}","{""colsample_bytree"": 1.0, ""gamma"": 0.0, ""learning_rate"": 0.03, ""max_depth"": 5, ""min_child_weight"": 1, ""n_estimators"": 250, ""subsample"": 0.7}",4,4838,0.7496899545266639,0.011203290101319442,1.5893128926483927e+23,2374.4351995711604,0.14128490619962597,53.641494750038134
stage2,3770,36,0.62,74933,24,"{""atr_period"": 21, ""horizon_h"": 6, ""ma_windows"": [6, 18, 72], ""mtf_intervals"": [""1d""], ""ret_windows"": [1, 2, 4, 8, 24], ""rsi_period"": 14, ""target_threshold"": 0.0025, ""vol_windows"": [24, 72]}","{""colsample_bytree"": 1.0, ""gamma"": 0.0, ""learning_rate"": 0.03, ""max_depth"": 5, ""min_child_weight"": 1, ""n_estimators"": 250, ""subsample"": 0.7}",4,4336,0.7652214022140221,0.011903307273991972,1.230590970622044e+22,2374.4351995711604,0.1298266129012532,51.10685683730039
stage2,3770,36,0.65,74933,24,"{""atr_period"": 21, ""horizon_h"": 6, ""ma_windows"": [6, 18, 72], ""mtf_intervals"": [""1d""], ""ret_windows"": [1, 2, 4, 8, 24], ""rsi_period"": 14, ""target_threshold"": 0.0025, ""vol_windows"": [24, 72]}","{""colsample_bytree"": 1.0, ""gamma"": 0.0, ""learning_rate"": 0.03, ""max_depth"": 5, ""min_child_weight"": 1, ""n_estimators"": 250, ""subsample"": 0.7}",4,3627,0.7841191066997518,0.013042864948707215,1.7371564200943727e+20,2374.4351995711604,0.1298266129012532,46.870676293452085
stage2,3770,32,0.52,74933,24,"{""atr_period"": 21, ""horizon_h"": 6, ""ma_windows"": [6, 18, 72], ""mtf_intervals"": [""1d""], ""ret_windows"": [1, 2, 4, 8, 24], ""rsi_period"": 14, ""target_threshold"": 0.0025, ""vol_windows"": [24, 72]}","{""colsample_bytree"": 0.7, ""gamma"": 0.0, ""learning_rate"": 0.03, ""max_depth"": 5, ""min_child_weight"": 1, ""n_estimators"": 250, ""subsample"": 0.7}",4,7058,0.6897137999433267,0.00879298805682286,3.6597587570102075e+26,2374.4351995711604,0.20999290248790747,61.28172814286618
stage2,3770,32,0.55,74933,24,"{""atr_period"": 21, ""horizon_h"": 6, ""ma_windows"": [6, 18, 72], ""mtf_intervals"": [""1d""], ""ret_windows"": [1, 2, 4, 8, 24], ""rsi_period"": 14, ""target_threshold"": 0.0025, ""vol_windows"": [24, 72]}","{""colsample_bytree"": 0.7, ""gamma"": 0.0, ""learning_rate"": 0.03, ""max_depth"": 5, ""min_child_weight"": 1, ""n_estimators"": 250, ""subsample"": 0.7}",4,6109,0.713864789654608,0.009661775746025243,1.8430526836315997e+25,2374.4351995711604,0.1858945942101402,58.33148932951827
stage2,3770,32,0.58,74933,24,"{""atr_period"": 21, ""horizon_h"": 6, ""ma_windows"": [6, 18, 72], ""mtf_intervals"": [""1d""], ""ret_windows"": [1, 2, 4, 8, 24], ""rsi_period"": 14, ""target_threshold"": 0.0025, ""vol_windows"": [24, 72]}","{""colsample_bytree"": 0.7, ""gamma"": 0.0, ""learning_rate"": 0.03, ""max_depth"": 5, ""min_child_weight"": 1, ""n_estimators"": 250, ""subsample"": 0.7}",4,5221,0.7398965715380196,0.010722396195292349,9.213625418540047e+23,2374.4351995711604,0.14128490619962608,55.38719452473129
stage2,3770,32,0.6,74933,24,"{""atr_period"": 21, ""horizon_h"": 6, ""ma_windows"": [6, 18, 72], ""mtf_intervals"": [""1d""], ""ret_windows"": [1, 2, 4, 8, 24], ""rsi_period"": 14, ""target_threshold"": 0.0025, ""vol_windows"": [24, 72]}","{""colsample_bytree"": 0.7, ""gamma"": 0.0, ""learning_rate"": 0.03, ""max_depth"": 5, ""min_child_weight"": 1, ""n_estimators"": 250, ""subsample"": 0.7}",4,4692,0.7540494458653026,0.01142073034418672,8.66122650960598e+22,2374.4351995711604,0.12982661290125308,53.04542048069473
stage2,3770,32,0.62,74933,24,"{""atr_period"": 21, ""horizon_h"": 6, ""ma_windows"": [6, 18, 72], ""mtf_intervals"": [""1d""], ""ret_windows"": [1, 2, 4, 8, 24], ""rsi_period"": 14, ""target_threshold"": 0.0025, ""vol_windows"": [24, 72]}","{""colsample_bytree"": 0.7, ""gamma"": 0.0, ""learning_rate"": 0.03, ""max_depth"": 5, ""min_child_weight"": 1, ""n_estimators"": 250, ""subsample"": 0.7}",4,4143,0.7685252232681632,0.012201355974960682,4.2968140597230887e+21,2374.4351995711604,0.1298266129012532,50.05967850458043
stage2,3770,32,0.65,74933,24,"{""atr_period"": 21, ""horizon_h"": 6, ""ma_windows"": [6, 18, 72], ""mtf_intervals"": [""1d""], ""ret_windows"": [1, 2, 4, 8, 24], ""rsi_period"": 14, ""target_threshold"": 0.0025, ""vol_windows"": [24, 72]}","{""colsample_bytree"": 0.7, ""gamma"": 0.0, ""learning_rate"": 0.03, ""max_depth"": 5, ""min_child_weight"": 1, ""n_estimators"": 250, ""subsample"": 0.7}",4,3447,0.7847403539309544,0.013286185040255057,3.907851936006763e+19,2374.4351995711604,0.1298266129012533,45.381273069957125
stage2,3770,42,0.52,74933,24,"{""atr_period"": 21, ""horizon_h"": 6, ""ma_windows"": [6, 18, 72], ""mtf_intervals"": [""1d""], ""ret_windows"": [1, 2, 4, 8, 24], ""rsi_period"": 14, ""target_threshold"": 0.0025, ""vol_windows"": [24, 72]}","{""colsample_bytree"": 0.7, ""gamma"": 0.0, ""learning_rate"": 0.03, ""max_depth"": 5, ""min_child_weight"": 5, ""n_estimators"": 250, ""subsample"": 1.0}",4,7082,0.6917537418808246,0.008779919938256999,4.112773717407034e+26,2374.4351995711604,0.1858945942101402,61.41200514505167
stage2,3770,42,0.55,74933,24,"{""atr_period"": 21, ""horizon_h"": 6, ""ma_windows"": [6, 18, 72], ""mtf_intervals"": [""1d""], ""ret_windows"": [1, 2, 4, 8, 24], ""rsi_period"": 14, ""target_threshold"": 0.0025, ""vol_windows"": [24, 72]}","{""colsample_bytree"": 0.7, ""gamma"": 0.0, ""learning_rate"": 0.03, ""max_depth"": 5, ""min_child_weight"": 5, ""n_estimators"": 250, ""subsample"": 1.0}",4,6126,0.7153117858308847,0.009645394440495211,1.955335782843925e+25,2374.4351995711604,0.1858945942101401,58.39165454655411
stage2,3770,42,0.58,74933,24,"{""atr_period"": 21, ""horizon_h"": 6, ""ma_windows"": [6, 18, 72], ""mtf_intervals"": [""1d""], ""ret_windows"": [1, 2, 4, 8, 24], ""rsi_period"": 14, ""target_threshold"": 0.0025, ""vol_windows"": [24, 72]}","{""colsample_bytree"": 0.7, ""gamma"": 0.0, ""learning_rate"": 0.03, ""max_depth"": 5, ""min_child_weight"": 5, ""n_estimators"": 250, ""subsample"": 1.0}",4,5295,0.7354107648725212,0.010583706983527156,9.736096240656528e+23,2374.4351995711604,0.1412849061996262,55.437653194196294
stage2,3770,42,0.6,74933,24,"{""atr_period"": 21, ""horizon_h"": 6, ""ma_windows"": [6, 18, 72], ""mtf_intervals"": [""1d""], ""ret_windows"": [1, 2, 4, 8, 24], ""rsi_period"": 14, ""target_threshold"": 0.0025, ""vol_windows"": [24, 72]}","{""colsample_bytree"": 0.7, ""gamma"": 0.0, ""learning_rate"": 0.03, ""max_depth"": 5, ""min_child_weight"": 5, ""n_estimators"": 250, ""subsample"": 1.0}",4,4718,0.7507418397626113,0.011309943356324636,6.915828146789017e+22,2374.4351995711604,0.14128490619962608,52.811115330299764
stage2,3770,42,0.62,74933,24,"{""atr_period"": 21, ""horizon_h"": 6, ""ma_windows"": [6, 18, 72], ""mtf_intervals"": [""1d""], ""ret_windows"": [1, 2, 4, 8, 24], ""rsi_period"": 14, ""target_threshold"": 0.0025, ""vol_windows"": [24, 72]}","{""colsample_bytree"": 0.7, ""gamma"": 0.0, ""learning_rate"": 0.03, ""max_depth"": 5, ""min_child_weight"": 5, ""n_estimators"": 250, ""subsample"": 1.0}",4,4199,0.7649440342938795,0.012068969418134302,4.875956468172615e+21,2374.4351995711604,0.14128490619962608,50.17646776636022
stage2,3770,42,0.65,74933,24,"{""atr_period"": 21, ""horizon_h"": 6, ""ma_windows"": [6, 18, 72], ""mtf_intervals"": [""1d""], ""ret_windows"": [1, 2, 4, 8, 24], ""rsi_period"": 14, ""target_threshold"": 0.0025, ""vol_windows"": [24, 72]}","{""colsample_bytree"": 0.7, ""gamma"": 0.0, ""learning_rate"": 0.03, ""max_depth"": 5, ""min_child_weight"": 5, ""n_estimators"": 250, ""subsample"": 1.0}",4,3479,0.7812589824662259,0.013188063938987948,4.238140637789444e+19,2374.4351995711604,0.12513030546126214,45.46118795587985
stage2,3770,44,0.52,74933,24,"{""atr_period"": 21, ""horizon_h"": 6, ""ma_windows"": [6, 18, 72], ""mtf_intervals"": [""1d""], ""ret_windows"": [1, 2, 4, 8, 24], ""rsi_period"": 14, ""target_threshold"": 0.0025, ""vol_windows"": [24, 72]}","{""colsample_bytree"": 1.0, ""gamma"": 0.0, ""learning_rate"": 0.03, ""max_depth"": 5, ""min_child_weight"": 1, ""n_estimators"": 250, ""subsample"": 1.0}",4,7171,0.6874912843397015,0.008668764839247802,4.068425047894369e+26,2374.4351995711604,0.18589459421013999,61.39686422537034
stage2,3770,44,0.55,74933,24,"{""atr_period"": 21, ""horizon_h"": 6, ""ma_windows"": [6, 18, 72], ""mtf_intervals"": [""1d""], ""ret_windows"": [1, 2, 4, 8, 24], ""rsi_period"": 14, ""target_threshold"": 0.0025, ""vol_windows"": [24, 72]}","{""colsample_bytree"": 1.0, ""gamma"": 0.0, ""learning_rate"": 0.03, ""max_depth"": 5, ""min_child_weight"": 1, ""n_estimators"": 250, ""subsample"": 1.0}",4,6228,0.7135517019910084,0.009608175574663183,4.147518336964706e+25,2374.4351995711604,0.18188126947447625,59.143903620585796
stage2,3770,44,0.58,74933,24,"{""atr_period"": 21, ""horizon_h"": 6, ""ma_windows"": [6, 18, 72], ""mtf_intervals"": [""1d""], ""ret_windows"": [1, 2, 4, 8, 24], ""rsi_period"": 14, ""target_threshold"": 0.0025, ""vol_windows"": [24, 72]}","{""colsample_bytree"": 1.0, ""gamma"": 0.0, ""learning_rate"": 0.03, ""max_depth"": 5, ""min_child_weight"": 1, ""n_estimators"": 250, ""subsample"": 1.0}",4,5366,0.7329481923220276,0.010539765125420866,1.623628593700476e+24,2374.4351995711604,0.1298266129012532,55.95246911739116
stage2,3770,44,0.6,74933,24,"{""atr_period"": 21, ""horizon_h"": 6, ""ma_windows"": [6, 18, 72], ""mtf_intervals"": [""1d""], ""ret_windows"": [1, 2, 4, 8, 24], ""rsi_period"": 14, ""target_threshold"": 0.0025, ""vol_windows"": [24, 72]}","{""colsample_bytree"": 1.0, ""gamma"": 0.0, ""learning_rate"": 0.03, ""max_depth"": 5, ""min_child_weight"": 1, ""n_estimators"": 250, ""subsample"": 1.0}",4,4771,0.7512051980716831,0.011293256774242233,1.1548186682625987e+23,2374.4351995711604,0.12982661290125308,53.32979737953688
stage2,3770,44,0.62,74933,24,"{""atr_period"": 21, ""horizon_h"": 6, ""ma_windows"": [6, 18, 72], ""mtf_intervals"": [""1d""], ""ret_windows"": [1, 2, 4, 8, 24], ""rsi_period"": 14, ""target_threshold"": 0.0025, ""vol_windows"": [24, 72]}","{""colsample_bytree"": 1.0, ""gamma"": 0.0, ""learning_rate"": 0.03, ""max_depth"": 5, ""min_child_weight"": 1, ""n_estimators"": 250, ""subsample"": 1.0}",4,4270,0.765807962529274,0.012058561180242235,1.08796219704324e+22,2374.4351995711604,0.1298266129012532,50.985380001349185
stage2,3770,44,0.65,74933,24,"{""atr_period"": 21, ""horizon_h"": 6, ""ma_windows"": [6, 18, 72], ""mtf_intervals"": [""1d""], ""ret_windows"": [1, 2, 4, 8, 24], ""rsi_period"": 14, ""target_threshold"": 0.0025, ""vol_windows"": [24, 72]}","{""colsample_bytree"": 1.0, ""gamma"": 0.0, ""learning_rate"": 0.03, ""max_depth"": 5, ""min_child_weight"": 1, ""n_estimators"": 250, ""subsample"": 1.0}",4,3544,0.7838600451467269,0.013185776214846977,9.810857281066744e+19,2374.4351995711604,0.1298266129012532,46.30026736451946
stage2,3770,23,0.52,74933,24,"{""atr_period"": 21, ""horizon_h"": 6, ""ma_windows"": [6, 18, 72], ""mtf_intervals"": [""1d""], ""ret_windows"": [1, 2, 4, 8, 24], ""rsi_period"": 14, ""target_threshold"": 0.0025, ""vol_windows"": [24, 72]}","{""colsample_bytree"": 1.0, ""gamma"": 0.2, ""learning_rate"": 0.07, ""max_depth"": 3, ""min_child_weight"": 5, ""n_estimators"": 250, ""subsample"": 0.7}",4,6823,0.6891396746299282,0.008955382134359788,1.4152097458076501e+26,2374.4351995711604,0.1858945942101401,60.34449766788188
stage2,3770,23,0.55,74933,24,"{""atr_period"": 21, ""horizon_h"": 6, ""ma_windows"": [6, 18, 72], ""mtf_intervals"": [""1d""], ""ret_windows"": [1, 2, 4, 8, 24], ""rsi_period"": 14, ""target_threshold"": 0.0025, ""vol_windows"": [24, 72]}","{""colsample_bytree"": 1.0, ""gamma"": 0.2, ""learning_rate"": 0.07, ""max_depth"": 3, ""min_child_weight"": 5, ""n_estimators"": 250, ""subsample"": 0.7}",4,5919,0.7139719547220814,0.00982163085056326,7.644031494452755e+24,2374.4351995711604,0.1858945942101401,57.45277069185716
stage2,3770,23,0.58,74933,24,"{""atr_period"": 21, ""horizon_h"": 6, ""ma_windows"": [6, 18, 72], ""mtf_intervals"": [""1d""], ""ret_windows"": [1, 2, 4, 8, 24], ""rsi_period"": 14, ""target_threshold"": 0.0025, ""vol_windows"": [24, 72]}","{""colsample_bytree"": 1.0, ""gamma"": 0.2, ""learning_rate"": 0.07, ""max_depth"": 3, ""min_child_weight"": 5, ""n_estimators"": 250, ""subsample"": 0.7}",4,5050,0.7320792079207921,0.010752435857057114,1.728480634647353e+23,2374.4351995711604,0.14128490619962597,53.70774031571358
stage2,3770,23,0.6,74933,24,"{""atr_period"": 21, ""horizon_h"": 6, ""ma_windows"": [6, 18, 72], ""mtf_intervals"": [""1d""], ""ret_windows"": [1, 2, 4, 8, 24], ""rsi_period"": 14, ""target_threshold"": 0.0025, ""vol_windows"": [24, 72]}","{""colsample_bytree"": 1.0, ""gamma"": 0.2, ""learning_rate"": 0.07, ""max_depth"": 3, ""min_child_weight"": 5, ""n_estimators"": 250, ""subsample"": 0.7}",4,4530,0.7423841059602649,0.011375496429934226,1.1224595338542526e+22,2374.4351995711604,0.14128490619962608,50.98666313894285
stage2,3770,23,0.62,74933,24,"{""atr_period"": 21, ""horizon_h"": 6, ""ma_windows"": [6, 18, 72], ""mtf_intervals"": [""1d""], ""ret_windows"": [1, 2, 4, 8, 24], ""rsi_period"": 14, ""target_threshold"": 0.0025, ""vol_windows"": [24, 72]}","{""colsample_bytree"": 1.0, ""gamma"": 0.2, ""learning_rate"": 0.07, ""max_depth"": 3, ""min_child_weight"": 5, ""n_estimators"": 250, ""subsample"": 0.7}",4,4010,0.7513715710723192,0.012004137323919093,3.904101803505283e+20,2374.4351995711604,0.1298266129012532,47.6459466538079
stage2,3770,23,0.65,74933,24,"{""atr_period"": 21, ""horizon_h"": 6, ""ma_windows"": [6, 18, 72], ""mtf_intervals"": [""1d""], ""ret_windows"": [1, 2, 4, 8, 24], ""rsi_period"": 14, ""target_threshold"": 0.0025, ""vol_windows"": [24, 72]}","{""colsample_bytree"": 1.0, ""gamma"": 0.2, ""learning_rate"": 0.07, ""max_depth"": 3, ""min_child_weight"": 5, ""n_estimators"": 250, ""subsample"": 0.7}",4,3290,0.7689969604863222,0.013103135331303199,2.7181409905077376e+18,2374.4351995711604,0.1298266129012532,42.701589205752605
stage2,1790,51,0.52,74933,24,"{""atr_period"": 14, ""horizon_h"": 6, ""ma_windows"": [6, 18, 72], ""mtf_intervals"": [""1d""], ""ret_windows"": [1, 3, 6, 12, 24], ""rsi_period"": 14, ""target_threshold"": 0.0025, ""vol_windows"": [12, 48]}","{""colsample_bytree"": 0.7, ""gamma"": 0.2, ""learning_rate"": 0.07, ""max_depth"": 5, ""min_child_weight"": 5, ""n_estimators"": 250, ""subsample"": 0.7}",4,7518,0.6812982176110668,0.008414744974431208,1.2025456992298229e+27,2374.4351995711604,0.18589459421013987,62.47364747341165
stage2,1790,51,0.55,74933,24,"{""atr_period"": 14, ""horizon_h"": 6, ""ma_windows"": [6, 18, 72], ""mtf_intervals"": [""1d""], ""ret_windows"": [1, 3, 6, 12, 24], ""rsi_period"": 14, ""target_threshold"": 0.0025, ""vol_windows"": [12, 48]}","{""colsample_bytree"": 0.7, ""gamma"": 0.2, ""learning_rate"": 0.07, ""max_depth"": 5, ""min_child_weight"": 5, ""n_estimators"": 250, ""subsample"": 0.7}",4,6595,0.7044730856709629,0.009249253112620209,1.2995274402614833e+26,2374.4351995711604,0.18589459421013987,60.27383830506931
stage2,1790,51,0.58,74933,24,"{""atr_period"": 14, ""horizon_h"": 6, ""ma_windows"": [6, 18, 72], ""mtf_intervals"": [""1d""], ""ret_windows"": [1, 3, 6, 12, 24], ""rsi_period"": 14, ""target_threshold"": 0.0025, ""vol_windows"": [12, 48]}","{""colsample_bytree"": 0.7, ""gamma"": 0.2, ""learning_rate"": 0.07, ""max_depth"": 5, ""min_child_weight"": 5, ""n_estimators"": 250, ""subsample"": 0.7}",4,5727,0.7227169547756243,0.00998828056469238,3.0526242511886176e+24,2374.4351995711604,0.18589459421013976,56.54317637399447
stage2,1790,51,0.6,74933,24,"{""atr_period"": 14, ""horizon_h"": 6, ""ma_windows"": [6, 18, 72], ""mtf_intervals"": [""1d""], ""ret_windows"": [1, 3, 6, 12, 24], ""rsi_period"": 14, ""target_threshold"": 0.0025, ""vol_windows"": [12, 48]}","{""colsample_bytree"": 0.7, ""gamma"": 0.2, ""learning_rate"": 0.07, ""max_depth"": 5, ""min_child_weight"": 5, ""n_estimators"": 250, ""subsample"": 0.7}",4,5224,0.735260336906585,0.010570079661340279,4.3087465007941676e+23,2374.4351995711604,0.1858945942101401,54.599925775306346
stage2,1790,51,0.62,74933,24,"{""atr_period"": 14, ""horizon_h"": 6, ""ma_windows"": [6, 18, 72], ""mtf_intervals"": [""1d""], ""ret_windows"": [1, 3, 6, 12, 24], ""rsi_period"": 14, ""target_threshold"": 0.0025, ""vol_windows"": [12, 48]}","{""colsample_bytree"": 0.7, ""gamma"": 0.2, ""learning_rate"": 0.07, ""max_depth"": 5, ""min_child_weight"": 5, ""n_estimators"": 250, ""subsample"": 0.7}",4,4736,0.7495777027027027,0.011172052982518789,4.424277239408782e+22,2374.4351995711604,0.14549737854410272,52.360268872011595
stage2,1790,51,0.65,74933,24,"{""atr_period"": 14, ""horizon_h"": 6, ""ma_windows"": [6, 18, 72], ""mtf_intervals"": [""1d""], ""ret_windows"": [1, 3, 6, 12, 24], ""rsi_period"": 14, ""target_threshold"": 0.0025, ""vol_windows"": [12, 48]}","{""colsample_bytree"": 0.7, ""gamma"": 0.2, ""learning_rate"": 0.07, ""max_depth"": 5, ""min_child_weight"": 5, ""n_estimators"": 250, ""subsample"": 0.7}",4,4069,0.7655443597935611,0.012031862211885248,8.889172242578445e+20,2374.4351995711604,0.12177149869550197,48.484340430182755
stage2,1790,58,0.52,74933,24,"{""atr_period"": 14, ""horizon_h"": 6, ""ma_windows"": [6, 18, 72], ""mtf_intervals"": [""1d""], ""ret_windows"": [1, 3, 6, 12, 24], ""rsi_period"": 14, ""target_threshold"": 0.0025, ""vol_windows"": [12, 48]}","{""colsample_bytree"": 0.7, ""gamma"": 0.0, ""learning_rate"": 0.07, ""max_depth"": 5, ""min_child_weight"": 5, ""n_estimators"": 250, ""subsample"": 1.0}",4,7520,0.6780585106382979,0.00837888515362647,9.296367615860966e+26,2374.4351995711604,0.19436381291212268,62.20913214605248
stage2,1790,58,0.55,74933,24,"{""atr_period"": 14, ""horizon_h"": 6, ""ma_windows"": [6, 18, 72], ""mtf_intervals"": [""1d""], ""ret_windows"": [1, 3, 6, 12, 24], ""rsi_period"": 14, ""target_threshold"": 0.0025, ""vol_windows"": [12, 48]}","{""colsample_bytree"": 0.7, ""gamma"": 0.0, ""learning_rate"": 0.07, ""max_depth"": 5, ""min_child_weight"": 5, ""n_estimators"": 250, ""subsample"": 1.0}",4,6634,0.6976183298160988,0.00908770269776953,6.354778062711106e+25,2374.4351995711604,0.19436381291212268,59.54744868460617
stage2,1790,58,0.58,74933,24,"{""atr_period"": 14, ""horizon_h"": 6, ""ma_windows"": [6, 18, 72], ""mtf_intervals"": [""1d""], ""ret_windows"": [1, 3, 6, 12, 24], ""rsi_period"": 14, ""target_threshold"": 0.0025, ""vol_windows"": [12, 48]}","{""colsample_bytree"": 0.7, ""gamma"": 0.0, ""learning_rate"": 0.07, ""max_depth"": 5, ""min_child_weight"": 5, ""n_estimators"": 250, ""subsample"": 1.0}",4,5819,0.7212579481010483,0.0099117131272852,4.85585422235688e+24,2374.4351995711604,0.1651596916669359,57.01594748272161
stage2,1790,58,0.6,74933,24,"{""atr_period"": 14, ""horizon_h"": 6, ""ma_windows"": [6, 18, 72], ""mtf_intervals"": [""1d""], ""ret_windows"": [1, 3, 6, 12, 24], ""rsi_period"": 14, ""target_threshold"": 0.0025, ""vol_windows"": [12, 48]}","{""colsample_bytree"": 0.7, ""gamma"": 0.0, ""learning_rate"": 0.07, ""max_depth"": 5, ""min_child_weight"": 5, ""n_estimators"": 250, ""subsample"": 1.0}",4,5274,0.7347364429275692,0.010501124933275267,5.048310349669005e+23,2374.4351995711604,0.16515969166693578,54.76772904991536
stage2,1790,58,0.62,74933,24,"{""atr_period"": 14, ""horizon_h"": 6, ""ma_windows"": [6, 18, 72], ""mtf_intervals"": [""1d""], ""ret_windows"": [1, 3, 6, 12, 24], ""rsi_period"": 14, ""target_threshold"": 0.0025, ""vol_windows"": [12, 48]}","{""colsample_bytree"": 0.7, ""gamma"": 0.0, ""learning_rate"": 0.07, ""max_depth"": 5, ""min_child_weight"": 5, ""n_estimators"": 250, ""subsample"": 1.0}",4,4756,0.7489486963835156,0.011158341219997212,5.170492382162829e+22,2374.4351995711604,0.16329037210844888,52.50662046899639
stage2,1790,58,0.65,74933,24,"{""atr_period"": 14, ""horizon_h"": 6, ""ma_windows"": [6, 18, 72], ""mtf_intervals"": [""1d""], ""ret_windows"": [1, 3, 6, 12, 24], ""rsi_period"": 14, ""target_threshold"": 0.0025, ""vol_windows"": [12, 48]}","{""colsample_bytree"": 0.7, ""gamma"": 0.0, ""learning_rate"": 0.07, ""max_depth"": 5, ""min_child_weight"": 5, ""n_estimators"": 250, ""subsample"": 1.0}",4,4025,0.7711801242236025,0.012239248707303082,1.2086520895226666e+21,2374.4351995711604,0.12177149869550208,48.79776505564006
stage2,1790,50,0.52,74933,24,"{""atr_period"": 14, ""horizon_h"": 6, ""ma_windows"": [6, 18, 72], ""mtf_intervals"": [""1d""], ""ret_windows"": [1, 3, 6, 12, 24], ""rsi_period"": 14, ""target_threshold"": 0.0025, ""vol_windows"": [12, 48]}","{""colsample_bytree"": 0.7, ""gamma"": 0.0, ""learning_rate"": 0.07, ""max_depth"": 5, ""min_child_weight"": 5, ""n_estimators"": 250, ""subsample"": 0.7}",4,7546,0.6802279353299762,0.008384523271189033,1.2055976769726453e+27,2374.4351995711604,0.25211263809151163,62.44197516769117
stage2,1790,50,0.55,74933,24,"{""atr_period"": 14, ""horizon_h"": 6, ""ma_windows"": [6, 18, 72], ""mtf_intervals"": [""1d""], ""ret_windows"": [1, 3, 6, 12, 24], ""rsi_period"": 14, ""target_threshold"": 0.0025, ""vol_windows"": [12, 48]}","{""colsample_bytree"": 0.7, ""gamma"": 0.0, ""learning_rate"": 0.07, ""max_depth"": 5, ""min_child_weight"": 5, ""n_estimators"": 250, ""subsample"": 0.7}",4,6629,0.7020666767234877,0.00917912131052635,1.1135075809581587e+26,2374.4351995711604,0.18589459421013987,60.116866448519886
stage2,1790,50,0.58,74933,24,"{""atr_period"": 14, ""horizon_h"": 6, ""ma_windows"": [6, 18, 72], ""mtf_intervals"": [""1d""], ""ret_windows"": [1, 3, 6, 12, 24], ""rsi_period"": 14, ""target_threshold"": 0.0025, ""vol_windows"": [12, 48]}","{""colsample_bytree"": 0.7, ""gamma"": 0.0, ""learning_rate"": 0.07, ""max_depth"": 5, ""min_child_weight"": 5, ""n_estimators"": 250, ""subsample"": 0.7}",4,5769,0.7243889755590224,0.010022394117334755,5.635159146655365e+24,2374.4351995711604,0.18589459421013999,57.15781065776064
stage2,1790,50,0.6,74933,24,"{""atr_period"": 14, ""horizon_h"": 6, ""ma_windows"": [6, 18, 72], ""mtf_intervals"": [""1d""], ""ret_windows"": [1, 3, 6, 12, 24], ""rsi_period"": 14, ""target_threshold"": 0.0025, ""vol_windows"": [12, 48]}","{""colsample_bytree"": 0.7, ""gamma"": 0.0, ""learning_rate"": 0.07, ""max_depth"": 5, ""min_child_weight"": 5, ""n_estimators"": 250, ""subsample"": 0.7}",4,5242,0.7390309042350248,0.010591903255712923,5.8349335393969946e+23,2374.4351995711604,0.1858945942101401,54.9063326668734
stage2,1790,50,0.62,74933,24,"{""atr_period"": 14, ""horizon_h"": 6, ""ma_windows"": [6, 18, 72], ""mtf_intervals"": [""1d""], ""ret_windows"": [1, 3, 6, 12, 24], ""rsi_period"": 14, ""target_threshold"": 0.0025, ""vol_windows"": [12, 48]}","{""colsample_bytree"": 0.7, ""gamma"": 0.0, ""learning_rate"": 0.07, ""max_depth"": 5, ""min_child_weight"": 5, ""n_estimators"": 250, ""subsample"": 0.7}",4,4761,0.7485822306238186,0.011105877692817642,4.2665782802600834e+22,2374.4351995711604,0.1454973785441025,52.3226483291174
stage2,1790,50,0.65,74933,24,"{""atr_period"": 14, ""horizon_h"": 6, ""ma_windows"": [6, 18, 72], ""mtf_intervals"": [""1d""], ""ret_windows"": [1, 3, 6, 12, 24], ""rsi_period"": 14, ""target_threshold"": 0.0025, ""vol_windows"": [12, 48]}","{""colsample_bytree"": 0.7, ""gamma"": 0.0, ""learning_rate"": 0.07, ""max_depth"": 5, ""min_child_weight"": 5, ""n_estimators"": 250, ""subsample"": 0.7}",4,4079,0.766119146849718,0.012053592806789146,1.0921183302398963e+21,2374.4351995711604,0.12177149869550186,48.690844495938926
stage2,1790,48,0.52,74933,24,"{""atr_period"": 14, ""horizon_h"": 6, ""ma_windows"": [6, 18, 72], ""mtf_intervals"": [""1d""], ""ret_windows"": [1, 3, 6, 12, 24], ""rsi_period"": 14, ""target_threshold"": 0.0025, ""vol_windows"": [12, 48]}","{""colsample_bytree"": 0.7, ""gamma"": 0.0, ""learning_rate"": 0.07, ""max_depth"": 5, ""min_child_weight"": 1, ""n_estimators"": 250, ""subsample"": 0.7}",4,7476,0.6804440877474586,0.00839299744004091,7.166037317357502e+26,2374.4351995711604,0.2240905631606085,61.93601921240994
stage2,1790,48,0.55,74933,24,"{""atr_period"": 14, ""horizon_h"": 6, ""ma_windows"": [6, 18, 72], ""mtf_intervals"": [""1d""], ""ret_windows"": [1, 3, 6, 12, 24], ""rsi_period"": 14, ""target_threshold"": 0.0025, ""vol_windows"": [12, 48]}","{""colsample_bytree"": 0.7, ""gamma"": 0.0, ""learning_rate"": 0.07, ""max_depth"": 5, ""min_child_weight"": 1, ""n_estimators"": 250, ""subsample"": 0.7}",4,6568,0.7008221680876979,0.009141891595704256,5.008993241034445e+25,2374.4351995711604,0.2240905631606086,59.29760985551694
stage2,1790,48,0.58,74933,24,"{""atr_period"": 14, ""horizon_h"": 6, ""ma_windows"": [6, 18, 72], ""mtf_intervals"": [""1d""], ""ret_windows"": [1, 3, 6, 12, 24], ""rsi_period"": 14, ""target_threshold"": 0.0025, ""vol_windows"": [12, 48]}","{""colsample_bytree"": 0.7, ""gamma"": 0.0, ""learning_rate"": 0.07, ""max_depth"": 5, ""min_child_weight"": 1, ""n_estimators"": 250, ""subsample"": 0.7}",4,5717,0.7218821059996502,0.009991323959444628,2.8142103430101196e+24,2374.4351995711604,0.18589459421013976,56.46121291588577
stage2,1790,48,0.6,74933,24,"{""atr_period"": 14, ""horizon_h"": 6, ""ma_windows"": [6, 18, 72], ""mtf_intervals"": [""1d""], ""ret_windows"": [1, 3, 6, 12, 24], ""rsi_period"": 14, ""target_threshold"": 0.0025, ""vol_windows"": [12, 48]}","{""colsample_bytree"": 0.7, ""gamma"": 0.0, ""learning_rate"": 0.07, ""max_depth"": 5, ""min_child_weight"": 1, ""n_estimators"": 250, ""subsample"": 0.7}",4,5216,0.7342791411042945,0.010528637143907737,3.183848869151196e+23,2374.4351995711604,0.1436019510834049,54.31739937449281
stage2,1790,48,0.62,74933,24,"{""atr_period"": 14, ""horizon_h"": 6, ""ma_windows"": [6, 18, 72], ""mtf_intervals"": [""1d""], ""ret_windows"": [1, 3, 6, 12, 24], ""rsi_period"": 14, ""target_threshold"": 0.0025, ""vol_windows"": [12, 48]}","{""colsample_bytree"": 0.7, ""gamma"": 0.0, ""learning_rate"": 0.07, ""max_depth"": 5, ""min_child_weight"": 1, ""n_estimators"": 250, ""subsample"": 0.7}",4,4685,0.751760939167556,0.011151662566469598,2.2853705327926456e+22,2374.4351995711604,0.1233555763733094,51.7123444795194
stage2,1790,48,0.65,74933,24,"{""atr_period"": 14, ""horizon_h"": 6, ""ma_windows"": [6, 18, 72], ""mtf_intervals"": [""1d""], ""ret_windows"": [1, 3, 6, 12, 24], ""rsi_period"": 14, ""target_threshold"": 0.0025, ""vol_windows"": [12, 48]}","{""colsample_bytree"": 0.7, ""gamma"": 0.0, ""learning_rate"": 0.07, ""max_depth"": 5, ""min_child_weight"": 1, ""n_estimators"": 250, ""subsample"": 0.7}",4,4012,0.7699401794616152,0.012134095396266748,6.82019873133169e+20,2374.4351995711604,0.11703171797382306,48.2260995185557
stage2,1790,57,0.52,74933,24,"{""atr_period"": 14, ""horizon_h"": 6, ""ma_windows"": [6, 18, 72], ""mtf_intervals"": [""1d""], ""ret_windows"": [1, 3, 6, 12, 24], ""rsi_period"": 14, ""target_threshold"": 0.0025, ""vol_windows"": [12, 48]}","{""colsample_bytree"": 0.7, ""gamma"": 0.2, ""learning_rate"": 0.07, ""max_depth"": 5, ""min_child_weight"": 1, ""n_estimators"": 250, ""subsample"": 1.0}",4,7556,0.6789306511381683,0.008414871078523983,1.6461216157285097e+27,2374.4351995711604,0.1750315517613955,62.79116720964151
stage2,1790,57,0.55,74933,24,"{""atr_period"": 14, ""horizon_h"": 6, ""ma_windows"": [6, 18, 72], ""mtf_intervals"": [""1d""], ""ret_windows"": [1, 3, 6, 12, 24], ""rsi_period"": 14, ""target_threshold"": 0.0025, ""vol_windows"": [12, 48]}","{""colsample_bytree"": 0.7, ""gamma"": 0.2, ""learning_rate"": 0.07, ""max_depth"": 5, ""min_child_weight"": 1, ""n_estimators"": 250, ""subsample"": 1.0}",4,6658,0.6969059777711024,0.009095400038860698,8.321141724753415e+25,2374.4351995711604,0.17503155176139518,59.826199003449496
stage2,1790,57,0.58,74933,24,"{""atr_period"": 14, ""horizon_h"": 6, ""ma_windows"": [6, 18, 72], ""mtf_intervals"": [""1d""], ""ret_windows"": [1, 3, 6, 12, 24], ""rsi_period"": 14, ""target_threshold"": 0.0025, ""vol_windows"": [12, 48]}","{""colsample_bytree"": 0.7, ""gamma"": 0.2, ""learning_rate"": 0.07, ""max_depth"": 5, ""min_child_weight"": 1, ""n_estimators"": 250, ""subsample"": 1.0}",4,5807,0.7205097296366454,0.009963989392134845,5.893791898419591e+24,2374.4351995711604,0.1750315517613953,57.20454573115489
stage2,1790,57,0.6,74933,24,"{""atr_period"": 14, ""horizon_h"": 6, ""ma_windows"": [6, 18, 72], ""mtf_intervals"": [""1d""], ""ret_windows"": [1, 3, 6, 12, 24], ""rsi_period"": 14, ""target_threshold"": 0.0025, ""vol_windows"": [12, 48]}","{""colsample_bytree"": 0.7, ""gamma"": 0.2, ""learning_rate"": 0.07, ""max_depth"": 5, ""min_child_weight"": 1, ""n_estimators"": 250, ""subsample"": 1.0}",4,5266,0.7352829472085074,0.01063090724316255,9.256117023724076e+23,2374.4351995711604,0.16329037210844888,55.376370201344926
stage2,1790,57,0.62,74933,24,"{""atr_period"": 14, ""horizon_h"": 6, ""ma_windows"": [6, 18, 72], ""mtf_intervals"": [""1d""], ""ret_windows"": [1, 3, 6, 12, 24], ""rsi_period"": 14, ""target_threshold"": 0.0025, ""vol_windows"": [12, 48]}","{""colsample_bytree"": 0.7, ""gamma"": 0.2, ""learning_rate"": 0.07, ""max_depth"": 5, ""min_child_weight"": 1, ""n_estimators"": 250, ""subsample"": 1.0}",4,4755,0.7518401682439537,0.011280375612377762,9.146814370834704e+22,2374.4351995711604,0.1587746678719857,53.082605513901264
stage2,1790,57,0.65,74933,24,"{""atr_period"": 14, ""horizon_h"": 6, ""ma_windows"": [6, 18, 72], ""mtf_intervals"": [""1d""], ""ret_windows"": [1, 3, 6, 12, 24], ""rsi_period"": 14, ""target_threshold"": 0.0025, ""vol_windows"": [12, 48]}","{""colsample_bytree"": 0.7, ""gamma"": 0.2, ""learning_rate"": 0.07, ""max_depth"": 5, ""min_child_weight"": 1, ""n_estimators"": 250, ""subsample"": 1.0}",4,4033,0.7716340193404414,0.012221480036231178,1.2438085708822322e+21,2374.4351995711604,0.08926607297958389,48.842911072695856
stage2,1790,61,0.52,74933,24,"{""atr_period"": 14, ""horizon_h"": 6, ""ma_windows"": [6, 18, 72], ""mtf_intervals"": [""1d""], ""ret_windows"": [1, 3, 6, 12, 24], ""rsi_period"": 14, ""target_threshold"": 0.0025, ""vol_windows"": [12, 48]}","{""colsample_bytree"": 1.0, ""gamma"": 0.2, ""learning_rate"": 0.07, ""max_depth"": 5, ""min_child_weight"": 1, ""n_estimators"": 250, ""subsample"": 1.0}",4,7506,0.6769251265654144,0.008370487934963457,7.827300498447046e+26,2374.4351995711604,0.17503155176139518,62.04581833332692
stage2,1790,61,0.55,74933,24,"{""atr_period"": 14, ""horizon_h"": 6, ""ma_windows"": [6, 18, 72], ""mtf_intervals"": [""1d""], ""ret_windows"": [1, 3, 6, 12, 24], ""rsi_period"": 14, ""target_threshold"": 0.0025, ""vol_windows"": [12, 48]}","{""colsample_bytree"": 1.0, ""gamma"": 0.2, ""learning_rate"": 0.07, ""max_depth"": 5, ""min_child_weight"": 1, ""n_estimators"": 250, ""subsample"": 1.0}",4,6643,0.6972753274123137,0.00906787094329706,6.076471017257651e+25,2374.4351995711604,0.1750315517613954,59.51189888111992
stage2,1790,61,0.58,74933,24,"{""atr_period"": 14, ""horizon_h"": 6, ""ma_windows"": [6, 18, 72], ""mtf_intervals"": [""1d""], ""ret_windows"": [1, 3, 6, 12, 24], ""rsi_period"": 14, ""target_threshold"": 0.0025, ""vol_windows"": [12, 48]}","{""colsample_bytree"": 1.0, ""gamma"": 0.2, ""learning_rate"": 0.07, ""max_depth"": 5, ""min_child_weight"": 1, ""n_estimators"": 250, ""subsample"": 1.0}",4,5852,0.7199248120300752,0.009918279511686764,7.044216978477222e+24,2374.4351995711604,0.16329037210844877,57.387890124984516
stage2,1790,61,0.6,74933,24,"{""atr_period"": 14, ""horizon_h"": 6, ""ma_windows"": [6, 18, 72], ""mtf_intervals"": [""1d""], ""ret_windows"": [1, 3, 6, 12, 24], ""rsi_period"": 14, ""target_threshold"": 0.0025, ""vol_windows"": [12, 48]}","{""colsample_bytree"": 1.0, ""gamma"": 0.2, ""learning_rate"": 0.07, ""max_depth"": 5, ""min_child_weight"": 1, ""n_estimators"": 250, ""subsample"": 1.0}",4,5326,0.7360120165227187,0.010508465758654457,9.108183076909845e+23,2374.4351995711604,0.12177149869550219,55.380621977473005
stage2,1790,61,0.62,74933,24,"{""atr_period"": 14, ""horizon_h"": 6, ""ma_windows"": [6, 18, 72], ""mtf_intervals"": [""1d""], ""ret_windows"": [1, 3, 6, 12, 24], ""rsi_period"": 14, ""target_threshold"": 0.0025, ""vol_windows"": [12, 48]}","{""colsample_bytree"": 1.0, ""gamma"": 0.2, ""learning_rate"": 0.07, ""max_depth"": 5, ""min_child_weight"": 1, ""n_estimators"": 250, ""subsample"": 1.0}",4,4825,0.7517098445595854,0.011159502564630901,1.1249790243324638e+23,2374.4351995711604,0.12177149869550175,53.30697967612477
stage2,1790,61,0.65,74933,24,"{""atr_period"": 14, ""horizon_h"": 6, ""ma_windows"": [6, 18, 72], ""mtf_intervals"": [""1d""], ""ret_windows"": [1, 3, 6, 12, 24], ""rsi_period"": 14, ""target_threshold"": 0.0025, ""vol_windows"": [12, 48]}","{""colsample_bytree"": 1.0, ""gamma"": 0.2, ""learning_rate"": 0.07, ""max_depth"": 5, ""min_child_weight"": 1, ""n_estimators"": 250, ""subsample"": 1.0}",4,4102,0.7681618722574354,0.01212341854910279,1.9195641305726507e+21,2374.4351995711604,0.12177149869550186,49.25701619466704
stage2,1790,38,0.52,74933,24,"{""atr_period"": 14, ""horizon_h"": 6, ""ma_windows"": [6, 18, 72], ""mtf_intervals"": [""1d""], ""ret_windows"": [1, 3, 6, 12, 24], ""rsi_period"": 14, ""target_threshold"": 0.0025, ""vol_windows"": [12, 48]}","{""colsample_bytree"": 1.0, ""gamma"": 0.0, ""learning_rate"": 0.03, ""max_depth"": 5, ""min_child_weight"": 5, ""n_estimators"": 250, ""subsample"": 0.7}",4,7185,0.6938065414057063,0.008771231773731852,9.540813542337395e+26,2374.4351995711604,0.18589459421013999,62.25505896685343
stage2,1790,38,0.55,74933,24,"{""atr_period"": 14, ""horizon_h"": 6, ""ma_windows"": [6, 18, 72], ""mtf_intervals"": [""1d""], ""ret_windows"": [1, 3, 6, 12, 24], ""rsi_period"": 14, ""target_threshold"": 0.0025, ""vol_windows"": [12, 48]}","{""colsample_bytree"": 1.0, ""gamma"": 0.0, ""learning_rate"": 0.03, ""max_depth"": 5, ""min_child_weight"": 5, ""n_estimators"": 250, ""subsample"": 0.7}",4,6278,0.7148773494743549,0.009583222892824195,5.713262823946516e+25,2374.4351995711604,0.18589459421013987,59.463037973693964
stage2,1790,38,0.58,74933,24,"{""atr_period"": 14, ""horizon_h"": 6, ""ma_windows"": [6, 18, 72], ""mtf_intervals"": [""1d""], ""ret_windows"": [1, 3, 6, 12, 24], ""rsi_period"": 14, ""target_threshold"": 0.0025, ""vol_windows"": [12, 48]}","{""colsample_bytree"": 1.0, ""gamma"": 0.0, ""learning_rate"": 0.03, ""max_depth"": 5, ""min_child_weight"": 5, ""n_estimators"": 250, ""subsample"": 0.7}",4,5395,0.7408711770157553,0.010619304058666157,3.3750164214211943e+24,2374.4351995711604,0.13409529450999302,56.68904614860297
stage2,1790,38,0.6,74933,24,"{""atr_period"": 14, ""horizon_h"": 6, ""ma_windows"": [6, 18, 72], ""mtf_intervals"": [""1d""], ""ret_windows"": [1, 3, 6, 12, 24], ""rsi_period"": 14, ""target_threshold"": 0.0025, ""vol_windows"": [12, 48]}","{""colsample_bytree"": 1.0, ""gamma"": 0.0, ""learning_rate"": 0.03, ""max_depth"": 5, ""min_child_weight"": 5, ""n_estimators"": 250, ""subsample"": 0.7}",4,4879,0.7546628407460545,0.0112897189502154,3.798492637239619e+23,2374.4351995711604,0.12177149869550197,54.52722372733947
stage2,1790,38,0.62,74933,24,"{""atr_period"": 14, ""horizon_h"": 6, ""ma_windows"": [6, 18, 72], ""mtf_intervals"": [""1d""], ""ret_windows"": [1, 3, 6, 12, 24], ""rsi_period"": 14, ""target_threshold"": 0.0025, ""vol_windows"": [12, 48]}","{""colsample_bytree"": 1.0, ""gamma"": 0.0, ""learning_rate"": 0.03, ""max_depth"": 5, ""min_child_weight"": 5, ""n_estimators"": 250, ""subsample"": 0.7}",4,4379,0.7672984699703128,0.011954986766613301,2.551594652993781e+22,2374.4351995711604,0.11744206402674351,51.84434820179793
stage2,1790,38,0.65,74933,24,"{""atr_period"": 14, ""horizon_h"": 6, ""ma_windows"": [6, 18, 72], ""mtf_intervals"": [""1d""], ""ret_windows"": [1, 3, 6, 12, 24], ""rsi_period"": 14, ""target_threshold"": 0.0025, ""vol_windows"": [12, 48]}","{""colsample_bytree"": 1.0, ""gamma"": 0.0, ""learning_rate"": 0.03, ""max_depth"": 5, ""min_child_weight"": 5, ""n_estimators"": 250, ""subsample"": 0.7}",4,3631,0.7843569264665381,0.013064208487584305,1.9754338305719435e+20,2374.4351995711604,0.08968932269287588,47.0196444428886
stage2,1790,36,0.52,74933,24,"{""atr_period"": 14, ""horizon_h"": 6, ""ma_windows"": [6, 18, 72], ""mtf_intervals"": [""1d""], ""ret_windows"": [1, 3, 6, 12, 24], ""rsi_period"": 14, ""target_threshold"": 0.0025, ""vol_windows"": [12, 48]}","{""colsample_bytree"": 1.0, ""gamma"": 0.0, ""learning_rate"": 0.03, ""max_depth"": 5, ""min_child_weight"": 1, ""n_estimators"": 250, ""subsample"": 0.7}",4,7200,0.6934722222222223,0.008755288883861494,9.660070892828687e+26,2374.4351995711604,0.18589459421013954,62.26708619658843
stage2,1790,36,0.55,74933,24,"{""atr_period"": 14, ""horizon_h"": 6, ""ma_windows"": [6, 18, 72], ""mtf_intervals"": [""1d""], ""ret_windows"": [1, 3, 6, 12, 24], ""rsi_period"": 14, ""target_threshold"": 0.0025, ""vol_windows"": [12, 48]}","{""colsample_bytree"": 1.0, ""gamma"": 0.0, ""learning_rate"": 0.03, ""max_depth"": 5, ""min_child_weight"": 1, ""n_estimators"": 250, ""subsample"": 0.7}",4,6274,0.7137392413133568,0.009585240592452799,5.580303608870465e+25,2374.4351995711604,0.14549737854410238,59.45879513847427
stage2,1790,36,0.58,74933,24,"{""atr_period"": 14, ""horizon_h"": 6, ""ma_windows"": [6, 18, 72], ""mtf_intervals"": [""1d""], ""ret_windows"": [1, 3, 6, 12, 24], ""rsi_period"": 14, ""target_threshold"": 0.0025, ""vol_windows"": [12, 48]}","{""colsample_bytree"": 1.0, ""gamma"": 0.0, ""learning_rate"": 0.03, ""max_depth"": 5, ""min_child_weight"": 1, ""n_estimators"": 250, ""subsample"": 0.7}",4,5376,0.7388392857142857,0.010561045161844359,2.0281833038695398e+24,2374.4351995711604,0.1454973785441026,56.171993800618985
stage2,1790,36,0.6,74933,24,"{""atr_period"": 14, ""horizon_h"": 6, ""ma_windows"": [6, 18, 72], ""mtf_intervals"": [""1d""], ""ret_windows"": [1, 3, 6, 12, 24], ""rsi_period"": 14, ""target_threshold"": 0.0025, ""vol_windows"": [12, 48]}","{""colsample_bytree"": 1.0, ""gamma"": 0.0, ""learning_rate"": 0.03, ""max_depth"": 5, ""min_child_weight"": 1, ""n_estimators"": 250, ""subsample"": 0.7}",4,4852,0.7578318219291014,0.011269127718926712,2.551295329832342e+23,2374.4351995711604,0.13409529450999325,54.125429173582006
stage2,1790,36,0.62,74933,24,"{""atr_period"": 14, ""horizon_h"": 6, ""ma_windows"": [6, 18, 72], ""mtf_intervals"": [""1d""], ""ret_windows"": [1, 3, 6, 12, 24], ""rsi_period"": 14, ""target_threshold"": 0.0025, ""vol_windows"": [12, 48]}","{""colsample_bytree"": 1.0, ""gamma"": 0.0, ""learning_rate"": 0.03, ""max_depth"": 5, ""min_child_weight"": 1, ""n_estimators"": 250, ""subsample"": 0.7}",4,4354,0.7680293982544787,0.011898295639569392,1.489124847323907e+22,2374.4351995711604,0.11744206402674351,51.30594949418576
stage2,1790,36,0.65,74933,24,"{""atr_period"": 14, ""horizon_h"": 6, ""ma_windows"": [6, 18, 72], ""mtf_intervals"": [""1d""], ""ret_windows"": [1, 3, 6, 12, 24], ""rsi_period"": 14, ""target_threshold"": 0.0025, ""vol_windows"": [12, 48]}","{""colsample_bytree"": 1.0, ""gamma"": 0.0, ""learning_rate"": 0.03, ""max_depth"": 5, ""min_child_weight"": 1, ""n_estimators"": 250, ""subsample"": 0.7}",4,3621,0.7854183927091963,0.013096484882101942,1.9510414892987246e+20,2374.4351995711604,0.089689322692876,47.008327118831495
stage2,1790,32,0.52,74933,24,"{""atr_period"": 14, ""horizon_h"": 6, ""ma_windows"": [6, 18, 72], ""mtf_intervals"": [""1d""], ""ret_windows"": [1, 3, 6, 12, 24], ""rsi_period"": 14, ""target_threshold"": 0.0025, ""vol_windows"": [12, 48]}","{""colsample_bytree"": 0.7, ""gamma"": 0.0, ""learning_rate"": 0.03, ""max_depth"": 5, ""min_child_weight"": 1, ""n_estimators"": 250, ""subsample"": 0.7}",4,7075,0.6913074204946996,0.008780479637235402,3.894894678729089e+26,2374.4351995711604,0.18589459421013999,61.35722153306998
stage2,1790,32,0.55,74933,24,"{""atr_period"": 14, ""horizon_h"": 6, ""ma_windows"": [6, 18, 72], ""mtf_intervals"": [""1d""], ""ret_windows"": [1, 3, 6, 12, 24], ""rsi_period"": 14, ""target_threshold"": 0.0025, ""vol_windows"": [12, 48]}","{""colsample_bytree"": 0.7, ""gamma"": 0.0, ""learning_rate"": 0.03, ""max_depth"": 5, ""min_child_weight"": 1, ""n_estimators"": 250, ""subsample"": 0.7}",4,6142,0.7124715076522306,0.009635548731991116,2.1572172204623305e+25,2374.4351995711604,0.1750315517613954,58.49299221218155
stage2,1790,32,0.58,74933,24,"{""atr_period"": 14, ""horizon_h"": 6, ""ma_windows"": [6, 18, 72], ""mtf_intervals"": [""1d""], ""ret_windows"": [1, 3, 6, 12, 24], ""rsi_period"": 14, ""target_threshold"": 0.0025, ""vol_windows"": [12, 48]}","{""colsample_bytree"": 0.7, ""gamma"": 0.0, ""learning_rate"": 0.03, ""max_depth"": 5, ""min_child_weight"": 1, ""n_estimators"": 250, ""subsample"": 0.7}",4,5279,0.735934836143209,0.010558617334318973,7.211509546429111e+23,2374.4351995711604,0.1750315517613953,55.12083646839059
stage2,1790,32,0.6,74933,24,"{""atr_period"": 14, ""horizon_h"": 6, ""ma_windows"": [6, 18, 72], ""mtf_intervals"": [""1d""], ""ret_windows"": [1, 3, 6, 12, 24], ""rsi_period"": 14, ""target_threshold"": 0.0025, ""vol_windows"": [12, 48]}","{""colsample_bytree"": 0.7, ""gamma"": 0.0, ""learning_rate"": 0.03, ""max_depth"": 5, ""min_child_weight"": 1, ""n_estimators"": 250, ""subsample"": 0.7}",4,4742,0.752425137072965,0.011289754928780708,8.24917602179894e+22,2374.4351995711604,0.12177149869550219,52.99835776482292
stage2,1790,32,0.62,74933,24,"{""atr_period"": 14, ""horizon_h"": 6, ""ma_windows"": [6, 18, 72], ""mtf_intervals"": [""1d""], ""ret_windows"": [1, 3, 6, 12, 24], ""rsi_period"": 14, ""target_threshold"": 0.0025, ""vol_windows"": [12, 48]}","{""colsample_bytree"": 0.7, ""gamma"": 0.0, ""learning_rate"": 0.03, ""max_depth"": 5, ""min_child_weight"": 1, ""n_estimators"": 250, ""subsample"": 0.7}",4,4231,0.7674308674072323,0.012017243002579187,5.770991223276014e+21,2374.4351995711604,0.12177149869550186,50.356327696368865
stage2,1790,32,0.65,74933,24,"{""atr_period"": 14, ""horizon_h"": 6, ""ma_windows"": [6, 18, 72], ""mtf_intervals"": [""1d""], ""ret_windows"": [1, 3, 6, 12, 24], ""rsi_period"": 14, ""target_threshold"": 0.0025, ""vol_windows"": [12, 48]}","{""colsample_bytree"": 0.7, ""gamma"": 0.0, ""learning_rate"": 0.03, ""max_depth"": 5, ""min_child_weight"": 1, ""n_estimators"": 250, ""subsample"": 0.7}",4,3475,0.7818705035971223,0.013137071996900779,3.3906591750982935e+19,2374.4351995711604,0.089689322692876,45.255889433814986
stage2,1790,42,0.52,74933,24,"{""atr_period"": 14, ""horizon_h"": 6, ""ma_windows"": [6, 18, 72], ""mtf_intervals"": [""1d""], ""ret_windows"": [1, 3, 6, 12, 24], ""rsi_period"": 14, ""target_threshold"": 0.0025, ""vol_windows"": [12, 48]}","{""colsample_bytree"": 0.7, ""gamma"": 0.0, ""learning_rate"": 0.03, ""max_depth"": 5, ""min_child_weight"": 5, ""n_estimators"": 250, ""subsample"": 1.0}",4,7122,0.6925021061499579,0.00875607983159862,4.9198722300799955e+26,2374.4351995711604,0.1858945942101401,61.59159800498394
stage2,1790,42,0.55,74933,24,"{""atr_period"": 14, ""horizon_h"": 6, ""ma_windows"": [6, 18, 72], ""mtf_intervals"": [""1d""], ""ret_windows"": [1, 3, 6, 12, 24], ""rsi_period"": 14, ""target_threshold"": 0.0025, ""vol_windows"": [12, 48]}","{""colsample_bytree"": 0.7, ""gamma"": 0.0, ""learning_rate"": 0.03, ""max_depth"": 5, ""min_child_weight"": 5, ""n_estimators"": 250, ""subsample"": 1.0}",4,6156,0.7144249512670565,0.009607776741925358,2.0861307914610786e+25,2374.4351995711604,0.1750315517613955,58.4608247781783
stage2,1790,42,0.58,74933,24,"{""atr_period"": 14, ""horizon_h"": 6, ""ma_windows"": [6, 18, 72], ""mtf_intervals"": [""1d""], ""ret_windows"": [1, 3, 6, 12, 24], ""rsi_period"": 14, ""target_threshold"": 0.0025, ""vol_windows"": [12, 48]}","{""colsample_bytree"": 0.7, ""gamma"": 0.0, ""learning_rate"": 0.03, ""max_depth"": 5, ""min_child_weight"": 5, ""n_estimators"": 250, ""subsample"": 1.0}",4,5299,0.7410832232496698,0.010629405175839565,1.2962215841199168e+24,2374.4351995711604,0.17503155176139562,55.711881834699476
stage2,1790,42,0.6,74933,24,"{""atr_period"": 14, ""horizon_h"": 6, ""ma_windows"": [6, 18, 72], ""mtf_intervals"": [""1d""], ""ret_windows"": [1, 3, 6, 12, 24], ""rsi_period"": 14, ""target_threshold"": 0.0025, ""vol_windows"": [12, 48]}","{""colsample_bytree"": 0.7, ""gamma"": 0.0, ""learning_rate"": 0.03, ""max_depth"": 5, ""min_child_weight"": 5, ""n_estimators"": 250, ""subsample"": 1.0}",4,4766,0.7555602182123374,0.011315391090549156,1.212234043899831e+23,2374.4351995711604,0.16329037210844877,53.36524823063565
stage2,1790,42,0.62,74933,24,"{""atr_period"": 14, ""horizon_h"": 6, ""ma_windows"": [6, 18, 72], ""mtf_intervals"": [""1d""], ""ret_windows"": [1, 3, 6, 12, 24], ""rsi_period"": 14, ""target_threshold"": 0.0025, ""vol_windows"": [12, 48]}","{""colsample_bytree"": 0.7, ""gamma"": 0.0, ""learning_rate"": 0.03, ""max_depth"": 5, ""min_child_weight"": 5, ""n_estimators"": 250, ""subsample"": 1.0}",4,4225,0.7666272189349113,0.012005274537846538,5.094073527693007e+21,2374.4351995711604,0.11267891743735681,50.23536927623617
stage2,1790,42,0.65,74933,24,"{""atr_period"": 14, ""horizon_h"": 6, ""ma_windows"": [6, 18, 72], ""mtf_intervals"": [""1d""], ""ret_windows"": [1, 3, 6, 12, 24], ""rsi_period"": 14, ""target_threshold"": 0.0025, ""vol_windows"": [12, 48]}","{""colsample_bytree"": 0.7, ""gamma"": 0.0, ""learning_rate"": 0.03, ""max_depth"": 5, ""min_child_weight"": 5, ""n_estimators"": 250, ""subsample"": 1.0}",4,3482,0.781160252728317,0.013156109133785229,3.941674437653321e+19,2374.4351995711604,0.1126789174373567,45.39456000062674
stage2,1790,44,0.52,74933,24,"{""atr_period"": 14, ""horizon_h"": 6, ""ma_windows"": [6, 18, 72], ""mtf_intervals"": [""1d""], ""ret_windows"": [1, 3, 6, 12, 24], ""rsi_period"": 14, ""target_threshold"": 0.0025, ""vol_windows"": [12, 48]}","{""colsample_bytree"": 1.0, ""gamma"": 0.0, ""learning_rate"": 0.03, ""max_depth"": 5, ""min_child_weight"": 1, ""n_estimators"": 250, ""subsample"": 1.0}",4,7198,0.6903306474020561,0.008678269878388807,5.492945468671335e+26,2374.4351995711604,0.1858945942101402,61.69942042457815
stage2,1790,44,0.55,74933,24,"{""atr_period"": 14, ""horizon_h"": 6, ""ma_windows"": [6, 18, 72], ""mtf_intervals"": [""1d""], ""ret_windows"": [1, 3, 6, 12, 24], ""rsi_period"": 14, ""target_threshold"": 0.0025, ""vol_windows"": [12, 48]}","{""colsample_bytree"": 1.0, ""gamma"": 0.0, ""learning_rate"": 0.03, ""max_depth"": 5, ""min_child_weight"": 1, ""n_estimators"": 250, ""subsample"": 1.0}",4,6257,0.7110436311331308,0.009530897403050211,3.399452066007072e+25,2374.4351995711604,0.1750315517613955,58.94580789467953
stage2,1790,44,0.58,74933,24,"{""atr_period"": 14, ""horizon_h"": 6, ""ma_windows"": [6, 18, 72], ""mtf_intervals"": [""1d""], ""ret_windows"": [1, 3, 6, 12, 24], ""rsi_period"": 14, ""target_threshold"": 0.0025, ""vol_windows"": [12, 48]}","{""colsample_bytree"": 1.0, ""gamma"": 0.0, ""learning_rate"": 0.03, ""max_depth"": 5, ""min_child_weight"": 1, ""n_estimators"": 250, ""subsample"": 1.0}",4,5380,0.7369888475836431,0.01050689472522172,1.5809148494732864e+24,2374.4351995711604,0.17503155176139573,55.906176389971314
stage2,1790,44,0.6,74933,24,"{""atr_period"": 14, ""horizon_h"": 6, ""ma_windows"": [6, 18, 72], ""mtf_intervals"": [""1d""], ""ret_windows"": [1, 3, 6, 12, 24], ""rsi_period"": 14, ""target_threshold"": 0.0025, ""vol_windows"": [12, 48]}","{""colsample_bytree"": 1.0, ""gamma"": 0.0, ""learning_rate"": 0.03, ""max_depth"": 5, ""min_child_weight"": 1, ""n_estimators"": 250, ""subsample"": 1.0}",4,4853,0.7516999793941892,0.011195317252322392,1.8073502430365974e+23,2374.4351995711604,0.1340952945099929,53.775193831668474
stage2,1790,44,0.62,74933,24,"{""atr_period"": 14, ""horizon_h"": 6, ""ma_windows"": [6, 18, 72], ""mtf_intervals"": [""1d""], ""ret_windows"": [1, 3, 6, 12, 24], ""rsi_period"": 14, ""target_threshold"": 0.0025, ""vol_windows"": [12, 48]}","{""colsample_bytree"": 1.0, ""gamma"": 0.0, ""learning_rate"": 0.03, ""max_depth"": 5, ""min_child_weight"": 1, ""n_estimators"": 250, ""subsample"": 1.0}",4,4321,0.7646378153205277,0.011892946311484708,9.82369127939683e+21,2374.4351995711604,0.11744206402674351,50.887216689378064
stage2,1790,44,0.65,74933,24,"{""atr_period"": 14, ""horizon_h"": 6, ""ma_windows"": [6, 18, 72], ""mtf_intervals"": [""1d""], ""ret_windows"": [1, 3, 6, 12, 24], ""rsi_period"": 14, ""target_threshold"": 0.0025, ""vol_windows"": [12, 48]}","{""colsample_bytree"": 1.0, ""gamma"": 0.0, ""learning_rate"": 0.03, ""max_depth"": 5, ""min_child_weight"": 1, ""n_estimators"": 250, ""subsample"": 1.0}",4,3571,0.7838140576869225,0.013123917623553867,1.1146246182302769e+20,2374.4351995711604,0.1174420640267434,46.43354109796879
stage2,1790,23,0.52,74933,24,"{""atr_period"": 14, ""horizon_h"": 6, ""ma_windows"": [6, 18, 72], ""mtf_intervals"": [""1d""], ""ret_windows"": [1, 3, 6, 12, 24], ""rsi_period"": 14, ""target_threshold"": 0.0025, ""vol_windows"": [12, 48]}","{""colsample_bytree"": 1.0, ""gamma"": 0.2, ""learning_rate"": 0.07, ""max_depth"": 3, ""min_child_weight"": 5, ""n_estimators"": 250, ""subsample"": 0.7}",4,6909,0.6893906498769721,0.008857314758638376,1.5520868258923827e+26,2374.4351995711604,0.18589459421013987,60.436236523425286
stage2,1790,23,0.55,74933,24,"{""atr_period"": 14, ""horizon_h"": 6, ""ma_windows"": [6, 18, 72], ""mtf_intervals"": [""1d""], ""ret_windows"": [1, 3, 6, 12, 24], ""rsi_period"": 14, ""target_threshold"": 0.0025, ""vol_windows"": [12, 48]}","{""colsample_bytree"": 1.0, ""gamma"": 0.2, ""learning_rate"": 0.07, ""max_depth"": 3, ""min_child_weight"": 5, ""n_estimators"": 250, ""subsample"": 0.7}",4,5907,0.7094972067039106,0.009703163391734363,3.392551617345687e+24,2374.4351995711604,0.14549737854410238,56.65609894282824
stage2,1790,23,0.58,74933,24,"{""atr_period"": 14, ""horizon_h"": 6, ""ma_windows"": [6, 18, 72], ""mtf_intervals"": [""1d""], ""ret_windows"": [1, 3, 6, 12, 24], ""rsi_period"": 14, ""target_threshold"": 0.0025, ""vol_windows"": [12, 48]}","{""colsample_bytree"": 1.0, ""gamma"": 0.2, ""learning_rate"": 0.07, ""max_depth"": 3, ""min_child_weight"": 5, ""n_estimators"": 250, ""subsample"": 0.7}",4,5050,0.7312871287128713,0.010626035300187197,9.229984185680606e+22,2374.4351995711604,0.14549737854410272,53.076618677121324
stage2,1790,23,0.6,74933,24,"{""atr_period"": 14, ""horizon_h"": 6, ""ma_windows"": [6, 18, 72], ""mtf_intervals"": [""1d""], ""ret_windows"": [1, 3, 6, 12, 24], ""rsi_period"": 14, ""target_threshold"": 0.0025, ""vol_windows"": [12, 48]}","{""colsample_bytree"": 1.0, ""gamma"": 0.2, ""learning_rate"": 0.07, ""max_depth"": 3, ""min_child_weight"": 5, ""n_estimators"": 250, ""subsample"": 0.7}",4,4534,0.745037494486105,0.01132214476061172,9.24966231117027e+21,2374.4351995711604,0.1340952945099929,50.79843350325117
stage2,1790,23,0.62,74933,24,"{""atr_period"": 14, ""horizon_h"": 6, ""ma_windows"": [6, 18, 72], ""mtf_intervals"": [""1d""], ""ret_windows"": [1, 3, 6, 12, 24], ""rsi_period"": 14, ""target_threshold"": 0.0025, ""vol_windows"": [12, 48]}","{""colsample_bytree"": 1.0, ""gamma"": 0.2, ""learning_rate"": 0.07, ""max_depth"": 3, ""min_child_weight"": 5, ""n_estimators"": 250, ""subsample"": 0.7}",4,4021,0.7572743098731659,0.012010008269267753,4.570004854085098e+20,2374.4351995711604,0.1298266129012533,47.80820233455155
stage2,1790,23,0.65,74933,24,"{""atr_period"": 14, ""horizon_h"": 6, ""ma_windows"": [6, 18, 72], ""mtf_intervals"": [""1d""], ""ret_windows"": [1, 3, 6, 12, 24], ""rsi_period"": 14, ""target_threshold"": 0.0025, ""vol_windows"": [12, 48]}","{""colsample_bytree"": 1.0, ""gamma"": 0.2, ""learning_rate"": 0.07, ""max_depth"": 3, ""min_child_weight"": 5, ""n_estimators"": 250, ""subsample"": 0.7}",4,3303,0.7680896155010597,0.013119860496689522,3.389652760460884e+18,2374.4351995711604,0.11744206402674362,42.927968703857296
stage2,4562,51,0.52,74318,24,"{""atr_period"": 7, ""horizon_h"": 6, ""ma_windows"": [6, 18, 72], ""mtf_intervals"": [""1d""], ""ret_windows"": [1, 2, 4, 8, 24], ""rsi_period"": 7, ""target_threshold"": 0.0025, ""vol_windows"": [12, 48]}","{""colsample_bytree"": 0.7, ""gamma"": 0.2, ""learning_rate"": 0.07, ""max_depth"": 5, ""min_child_weight"": 5, ""n_estimators"": 250, ""subsample"": 0.7}",4,7244,0.6873274434014357,0.0085431804093679,3.1236006770355405e+26,831.2673808836377,0.2134175941631007,61.11769741831456
stage2,4562,51,0.55,74318,24,"{""atr_period"": 7, ""horizon_h"": 6, ""ma_windows"": [6, 18, 72], ""mtf_intervals"": [""1d""], ""ret_windows"": [1, 2, 4, 8, 24], ""rsi_period"": 7, ""target_threshold"": 0.0025, ""vol_windows"": [12, 48]}","{""colsample_bytree"": 0.7, ""gamma"": 0.2, ""learning_rate"": 0.07, ""max_depth"": 5, ""min_child_weight"": 5, ""n_estimators"": 250, ""subsample"": 0.7}",4,6358,0.7083988675684177,0.009301401537472727,2.071899234549887e+25,831.2673808836377,0.21341759416310058,58.42751452536478
stage2,4562,51,0.58,74318,24,"{""atr_period"": 7, ""horizon_h"": 6, ""ma_windows"": [6, 18, 72], ""mtf_intervals"": [""1d""], ""ret_windows"": [1, 2, 4, 8, 24], ""rsi_period"": 7, ""target_threshold"": 0.0025, ""vol_windows"": [12, 48]}","{""colsample_bytree"": 0.7, ""gamma"": 0.2, ""learning_rate"": 0.07, ""max_depth"": 5, ""min_child_weight"": 5, ""n_estimators"": 250, ""subsample"": 0.7}",4,5551,0.7272563502071698,0.010063577458629465,8.203168570396062e+23,831.2673808836377,0.1802875897112124,55.23614753449882
stage2,4562,51,0.6,74318,24,"{""atr_period"": 7, ""horizon_h"": 6, ""ma_windows"": [6, 18, 72], ""mtf_intervals"": [""1d""], ""ret_windows"": [1, 2, 4, 8, 24], ""rsi_period"": 7, ""target_threshold"": 0.0025, ""vol_windows"": [12, 48]}","{""colsample_bytree"": 0.7, ""gamma"": 0.2, ""learning_rate"": 0.07, ""max_depth"": 5, ""min_child_weight"": 5, ""n_estimators"": 250, ""subsample"": 0.7}",4,5033,0.7401152394198292,0.010669429882781212,9.654089751522553e+22,831.2673808836377,0.18028758971121261,53.1115575156289
stage2,4562,51,0.62,74318,24,"{""atr_period"": 7, ""horizon_h"": 6, ""ma_windows"": [6, 18, 72], ""mtf_intervals"": [""1d""], ""ret_windows"": [1, 2, 4, 8, 24], ""rsi_period"": 7, ""target_threshold"": 0.0025, ""vol_windows"": [12, 48]}","{""colsample_bytree"": 0.7, ""gamma"": 0.2, ""learning_rate"": 0.07, ""max_depth"": 5, ""min_child_weight"": 5, ""n_estimators"": 250, ""subsample"": 0.7}",4,4567,0.7514779943069849,0.011195902890748302,7.667537582963313e+21,831.2673808836377,0.1298266129012532,50.61711878358303
stage2,4562,51,0.65,74318,24,"{""atr_period"": 7, ""horizon_h"": 6, ""ma_windows"": [6, 18, 72], ""mtf_intervals"": [""1d""], ""ret_windows"": [1, 2, 4, 8, 24], ""rsi_period"": 7, ""target_threshold"": 0.0025, ""vol_windows"": [12, 48]}","{""colsample_bytree"": 0.7, ""gamma"": 0.2, ""learning_rate"": 0.07, ""max_depth"": 5, ""min_child_weight"": 5, ""n_estimators"": 250, ""subsample"": 0.7}",4,3866,0.7713398861872737,0.012170905053851926,1.3686804978670146e+20,831.2673808836377,0.10246331362828764,46.628756487926786
stage2,4562,58,0.52,74318,24,"{""atr_period"": 7, ""horizon_h"": 6, ""ma_windows"": [6, 18, 72], ""mtf_intervals"": [""1d""], ""ret_windows"": [1, 2, 4, 8, 24], ""rsi_period"": 7, ""target_threshold"": 0.0025, ""vol_windows"": [12, 48]}","{""colsample_bytree"": 0.7, ""gamma"": 0.0, ""learning_rate"": 0.07, ""max_depth"": 5, ""min_child_weight"": 5, ""n_estimators"": 250, ""subsample"": 1.0}",4,7228,0.6881571665744327,0.008607713325726508,4.313801491073385e+26,831.2673808836377,0.18589459421013999,61.4554720924635
stage2,4562,58,0.55,74318,24,"{""atr_period"": 7, ""horizon_h"": 6, ""ma_windows"": [6, 18, 72], ""mtf_intervals"": [""1d""], ""ret_windows"": [1, 2, 4, 8, 24], ""rsi_period"": 7, ""target_threshold"": 0.0025, ""vol_windows"": [12, 48]}","{""colsample_bytree"": 0.7, ""gamma"": 0.0, ""learning_rate"": 0.07, ""max_depth"": 5, ""min_child_weight"": 5, ""n_estimators"": 250, ""subsample"": 1.0}",4,6346,0.7065868263473054,0.009316169643564649,2.036425328901805e+25,831.2673808836377,0.18589459421013987,58.42267482701901
stage2,4562,58,0.58,74318,24,"{""atr_period"": 7, ""horizon_h"": 6, ""ma_windows"": [6, 18, 72], ""mtf_intervals"": [""1d""], ""ret_windows"": [1, 2, 4, 8, 24], ""rsi_period"": 7, ""target_threshold"": 0.0025, ""vol_windows"": [12, 48]}","{""colsample_bytree"": 0.7, ""gamma"": 0.0, ""learning_rate"": 0.07, ""max_depth"": 5, ""min_child_weight"": 5, ""n_estimators"": 250, ""subsample"": 1.0}",4,5501,0.7293219414651881,0.010124104849292598,6.901080886243884e+23,831.2673808836377,0.1858945942101402,55.0626382832396
stage2,4562,58,0.6,74318,24,"{""atr_period"": 7, ""horizon_h"": 6, ""ma_windows"": [6, 18, 72], ""mtf_intervals"": [""1d""], ""ret_windows"": [1, 2, 4, 8, 24], ""rsi_period"": 7, ""target_threshold"": 0.0025, ""vol_windows"": [12, 48]}","{""colsample_bytree"": 0.7, ""gamma"": 0.0, ""learning_rate"": 0.07, ""max_depth"": 5, ""min_child_weight"": 5, ""n_estimators"": 250, ""subsample"": 1.0}",4,5018,0.7429254683140694,0.010674065389046269,8.476449227492343e+22,831.2673808836377,0.18589459421013999,52.98094928546927
stage2,4562,58,0.62,74318,24,"{""atr_period"": 7, ""horizon_h"": 6, ""ma_windows"": [6, 18, 72], ""mtf_intervals"": [""1d""], ""ret_windows"": [1, 2, 4, 8, 24], ""rsi_period"": 7, ""target_threshold"": 0.0025, ""vol_windows"": [12, 48]}","{""colsample_bytree"": 0.7, ""gamma"": 0.0, ""learning_rate"": 0.07, ""max_depth"": 5, ""min_child_weight"": 5, ""n_estimators"": 250, ""subsample"": 1.0}",4,4496,0.7557829181494662,0.01127915090885577,5.063070134243844e+21,831.2673808836377,0.1858945942101401,50.17817224276181
stage2,4562,58,0.65,74318,24,"{""atr_period"": 7, ""horizon_h"": 6, ""ma_windows"": [6, 18, 72], ""mtf_intervals"": [""1d""], ""ret_windows"": [1, 2, 4, 8, 24], ""rsi_period"": 7, ""target_threshold"": 0.0025, ""vol_windows"": [12, 48]}","{""colsample_bytree"": 0.7, ""gamma"": 0.0, ""learning_rate"": 0.07, ""max_depth"": 5, ""min_child_weight"": 5, ""n_estimators"": 250, ""subsample"": 1.0}",4,3797,0.7740321306294443,0.012336159148299802,1.0992753663146644e+20,831.2673808836377,0.12982661290125308,46.39935473595249
stage2,4562,50,0.52,74318,24,"{""atr_period"": 7, ""horizon_h"": 6, ""ma_windows"": [6, 18, 72], ""mtf_intervals"": [""1d""], ""ret_windows"": [1, 2, 4, 8, 24], ""rsi_period"": 7, ""target_threshold"": 0.0025, ""vol_windows"": [12, 48]}","{""colsample_bytree"": 0.7, ""gamma"": 0.0, ""learning_rate"": 0.07, ""max_depth"": 5, ""min_child_weight"": 5, ""n_estimators"": 250, ""subsample"": 0.7}",4,7214,0.6851954532852786,0.008572541444765337,2.977529451770031e+26,831.2673808836377,0.1858945942101401,61.08209572856736
stage2,4562,50,0.55,74318,24,"{""atr_period"": 7, ""horizon_h"": 6, ""ma_windows"": [6, 18, 72], ""mtf_intervals"": [""1d""], ""ret_windows"": [1, 2, 4, 8, 24], ""rsi_period"": 7, ""target_threshold"": 0.0025, ""vol_windows"": [12, 48]}","{""colsample_bytree"": 0.7, ""gamma"": 0.0, ""learning_rate"": 0.07, ""max_depth"": 5, ""min_child_weight"": 5, ""n_estimators"": 250, ""subsample"": 0.7}",4,6359,0.70451328825287,0.009219235557349256,1.253545529852477e+25,831.2673808836377,0.18589459421013987,57.935020502943615
stage2,4562,50,0.58,74318,24,"{""atr_period"": 7, ""horizon_h"": 6, ""ma_windows"": [6, 18, 72], ""mtf_intervals"": [""1d""], ""ret_windows"": [1, 2, 4, 8, 24], ""rsi_period"": 7, ""target_threshold"": 0.0025, ""vol_windows"": [12, 48]}","{""colsample_bytree"": 0.7, ""gamma"": 0.0, ""learning_rate"": 0.07, ""max_depth"": 5, ""min_child_weight"": 5, ""n_estimators"": 250, ""subsample"": 0.7}",4,5577,0.7258382642998028,0.009972419067330528,6.439169725746568e+23,831.2673808836377,0.18028758971121261,54.99216291521719
stage2,4562,50,0.6,74318,24,"{""atr_period"": 7, ""horizon_h"": 6, ""ma_windows"": [6, 18, 72], ""mtf_intervals"": [""1d""], ""ret_windows"": [1, 2, 4, 8, 24], ""rsi_period"": 7, ""target_threshold"": 0.0025, ""vol_windows"": [12, 48]}","{""colsample_bytree"": 0.7, ""gamma"": 0.0, ""learning_rate"": 0.07, ""max_depth"": 5, ""min_child_weight"": 5, ""n_estimators"": 250, ""subsample"": 0.7}",4,5055,0.734915924826904,0.010529864152834002,6.090737969303139e+22,831.2673808836377,0.1298266129012533,52.67089964410848
stage2,4562,50,0.62,74318,24,"{""atr_period"": 7, ""horizon_h"": 6, ""ma_windows"": [6, 18, 72], ""mtf_intervals"": [""1d""], ""ret_windows"": [1, 2, 4, 8, 24], ""rsi_period"": 7, ""target_threshold"": 0.0025, ""vol_windows"": [12, 48]}","{""colsample_bytree"": 0.7, ""gamma"": 0.0, ""learning_rate"": 0.07, ""max_depth"": 5, ""min_child_weight"": 5, ""n_estimators"": 250, ""subsample"": 0.7}",4,4544,0.7508802816901409,0.011187338021058979,5.722306811757599e+21,831.2673808836377,0.12982661290125308,50.323948588806374
stage2,4562,50,0.65,74318,24,"{""atr_period"": 7, ""horizon_h"": 6, ""ma_windows"": [6, 18, 72], ""mtf_intervals"": [""1d""], ""ret_windows"": [1, 2, 4, 8, 24], ""rsi_period"": 7, ""target_threshold"": 0.0025, ""vol_windows"": [12, 48]}","{""colsample_bytree"": 0.7, ""gamma"": 0.0, ""learning_rate"": 0.07, ""max_depth"": 5, ""min_child_weight"": 5, ""n_estimators"": 250, ""subsample"": 0.7}",4,3847,0.7707304393033533,0.01210409842774452,8.41827103190327e+19,831.2673808836377,0.12513030546126203,46.13037321956078
stage2,4562,48,0.52,74318,24,"{""atr_period"": 7, ""horizon_h"": 6, ""ma_windows"": [6, 18, 72], ""mtf_intervals"": [""1d""], ""ret_windows"": [1, 2, 4, 8, 24], ""rsi_period"": 7, ""target_threshold"": 0.0025, ""vol_windows"": [12, 48]}","{""colsample_bytree"": 0.7, ""gamma"": 0.0, ""learning_rate"": 0.07, ""max_depth"": 5, ""min_child_weight"": 1, ""n_estimators"": 250, ""subsample"": 0.7}",4,7259,0.6828764292602287,0.008463417469368954,1.971444303300227e+26,831.2673808836377,0.2752098659534582,60.6223823910425
stage2,4562,48,0.55,74318,24,"{""atr_period"": 7, ""horizon_h"": 6, ""ma_windows"": [6, 18, 72], ""mtf_intervals"": [""1d""], ""ret_windows"": [1, 2, 4, 8, 24], ""rsi_period"": 7, ""target_threshold"": 0.0025, ""vol_windows"": [12, 48]}","{""colsample_bytree"": 0.7, ""gamma"": 0.0, ""learning_rate"": 0.07, ""max_depth"": 5, ""min_child_weight"": 1, ""n_estimators"": 250, ""subsample"": 0.7}",4,6409,0.7018255578093306,0.009229141946105862,2.0814115686108413e+25,831.2673808836377,0.20214429641625364,58.43189506075662
stage2,4562,48,0.58,74318,24,"{""atr_period"": 7, ""horizon_h"": 6, ""ma_windows"": [6, 18, 72], ""mtf_intervals"": [""1d""], ""ret_windows"": [1, 2, 4, 8, 24], ""rsi_period"": 7, ""target_threshold"": 0.0025, ""vol_windows"": [12, 48]}","{""colsample_bytree"": 0.7, ""gamma"": 0.0, ""learning_rate"": 0.07, ""max_depth"": 5, ""min_child_weight"": 1, ""n_estimators"": 250, ""subsample"": 0.7}",4,5580,0.7213261648745519,0.009987892378033943,7.17165812606646e+23,831.2673808836377,0.16853947279504644,55.10228836013037
stage2,4562,48,0.6,74318,24,"{""atr_period"": 7, ""horizon_h"": 6, ""ma_windows"": [6, 18, 72], ""mtf_intervals"": [""1d""], ""ret_windows"": [1, 2, 4, 8, 24], ""rsi_period"": 7, ""target_threshold"": 0.0025, ""vol_windows"": [12, 48]}","{""colsample_bytree"": 0.7, ""gamma"": 0.0, ""learning_rate"": 0.07, ""max_depth"": 5, ""min_child_weight"": 1, ""n_estimators"": 250, ""subsample"": 0.7}",4,5069,0.734464391398698,0.010484124156270567,5.6081262429409475e+22,831.2673808836377,0.14128490619962608,52.581890759840654
stage2,4562,48,0.62,74318,24,"{""atr_period"": 7, ""horizon_h"": 6, ""ma_windows"": [6, 18, 72], ""mtf_intervals"": [""1d""], ""ret_windows"": [1, 2, 4, 8, 24], ""rsi_period"": 7, ""target_threshold"": 0.0025, ""vol_windows"": [12, 48]}","{""colsample_bytree"": 0.7, ""gamma"": 0.0, ""learning_rate"": 0.07, ""max_depth"": 5, ""min_child_weight"": 1, ""n_estimators"": 250, ""subsample"": 0.7}",4,4587,0.749509483322433,0.011095238775133088,6.075701077280367e+21,831.2673808836377,0.1298266129012532,50.38204052951902
stage2,4562,48,0.65,74318,24,"{""atr_period"": 7, ""horizon_h"": 6, ""ma_windows"": [6, 18, 72], ""mtf_intervals"": [""1d""], ""ret_windows"": [1, 2, 4, 8, 24], ""rsi_period"": 7, ""target_threshold"": 0.0025, ""vol_windows"": [12, 48]}","{""colsample_bytree"": 0.7, ""gamma"": 0.0, ""learning_rate"": 0.07, ""max_depth"": 5, ""min_child_weight"": 1, ""n_estimators"": 250, ""subsample"": 0.7}",4,3869,0.7660894287929697,0.012102405281600807,1.0846911087177915e+20,831.2673808836377,0.12982661290125297,46.37777459275131
stage2,4562,57,0.52,74318,24,"{""atr_period"": 7, ""horizon_h"": 6, ""ma_windows"": [6, 18, 72], ""mtf_intervals"": [""1d""], ""ret_windows"": [1, 2, 4, 8, 24], ""rsi_period"": 7, ""target_threshold"": 0.0025, ""vol_windows"": [12, 48]}","{""colsample_bytree"": 0.7, ""gamma"": 0.2, ""learning_rate"": 0.07, ""max_depth"": 5, ""min_child_weight"": 1, ""n_estimators"": 250, ""subsample"": 1.0}",4,7216,0.6881929046563193,0.008633969696736651,4.6913206587432665e+26,831.2673808836377,0.18589459421013976,61.539605335208506
stage2,4562,57,0.55,74318,24,"{""atr_period"": 7, ""horizon_h"": 6, ""ma_windows"": [6, 18, 72], ""mtf_intervals"": [""1d""], ""ret_windows"": [1, 2, 4, 8, 24], ""rsi_period"": 7, ""target_threshold"": 0.0025, ""vol_windows"": [12, 48]}","{""colsample_bytree"": 0.7, ""gamma"": 0.2, ""learning_rate"": 0.07, ""max_depth"": 5, ""min_child_weight"": 1, ""n_estimators"": 250, ""subsample"": 1.0}",4,6347,0.707105719237435,0.00931209119943112,1.9880390576126027e+25,831.2673808836377,0.1750315517613954,58.404441608683655
stage2,4562,57,0.58,74318,24,"{""atr_period"": 7, ""horizon_h"": 6, ""ma_windows"": [6, 18, 72], ""mtf_intervals"": [""1d""], ""ret_windows"": [1, 2, 4, 8, 24], ""rsi_period"": 7, ""target_threshold"": 0.0025, ""vol_windows"": [12, 48]}","{""colsample_bytree"": 0.7, ""gamma"": 0.2, ""learning_rate"": 0.07, ""max_depth"": 5, ""min_child_weight"": 1, ""n_estimators"": 250, ""subsample"": 1.0}",4,5530,0.7294755877034358,0.010142027818275822,1.0176461206788996e+24,831.2673808836377,0.1340952945099929,55.47720351288192
stage2,4562,57,0.6,74318,24,"{""atr_period"": 7, ""horizon_h"": 6, ""ma_windows"": [6, 18, 72], ""mtf_intervals"": [""1d""], ""ret_windows"": [1, 2, 4, 8, 24], ""rsi_period"": 7, ""target_threshold"": 0.0025, ""vol_windows"": [12, 48]}","{""colsample_bytree"": 0.7, ""gamma"": 0.2, ""learning_rate"": 0.07, ""max_depth"": 5, ""min_child_weight"": 1, ""n_estimators"": 250, ""subsample"": 1.0}",4,4953,0.7448011306279023,0.010817873101227117,8.621993791252016e+22,831.2673808836377,0.1298266129012534,53.028658984949885
stage2,4562,57,0.62,74318,24,"{""atr_period"": 7, ""horizon_h"": 6, ""ma_windows"": [6, 18, 72], ""mtf_intervals"": [""1d""], ""ret_windows"": [1, 2, 4, 8, 24], ""rsi_period"": 7, ""target_threshold"": 0.0025, ""vol_windows"": [12, 48]}","{""colsample_bytree"": 0.7, ""gamma"": 0.2, ""learning_rate"": 0.07, ""max_depth"": 5, ""min_child_weight"": 1, ""n_estimators"": 250, ""subsample"": 1.0}",4,4444,0.7545004500450045,0.011416584354895704,5.17528962347143e+21,831.2673808836377,0.12982661290125308,50.2282019847731
stage2,4562,57,0.65,74318,24,"{""atr_period"": 7, ""horizon_h"": 6, ""ma_windows"": [6, 18, 72], ""mtf_intervals"": [""1d""], ""ret_windows"": [1, 2, 4, 8, 24], ""rsi_period"": 7, ""target_threshold"": 0.0025, ""vol_windows"": [12, 48]}","{""colsample_bytree"": 0.7, ""gamma"": 0.2, ""learning_rate"": 0.07, ""max_depth"": 5, ""min_child_weight"": 1, ""n_estimators"": 250, ""subsample"": 1.0}",4,3780,0.7727513227513227,0.012362417908868122,9.885802301527187e+19,831.2673808836377,0.12982661290125308,46.292403478770595
stage2,4562,61,0.52,74318,24,"{""atr_period"": 7, ""horizon_h"": 6, ""ma_windows"": [6, 18, 72], ""mtf_intervals"": [""1d""], ""ret_windows"": [1, 2, 4, 8, 24], ""rsi_period"": 7, ""target_threshold"": 0.0025, ""vol_windows"": [12, 48]}","{""colsample_bytree"": 1.0, ""gamma"": 0.2, ""learning_rate"": 0.07, ""max_depth"": 5, ""min_child_weight"": 1, ""n_estimators"": 250, ""subsample"": 1.0}",4,7304,0.681407447973713,0.008426911406603364,2.2166074131145707e+26,831.2673808836377,0.1883512029328822,60.78155590072716
stage2,4562,61,0.55,74318,24,"{""atr_period"": 7, ""horizon_h"": 6, ""ma_windows"": [6, 18, 72], ""mtf_intervals"": [""1d""], ""ret_windows"": [1, 2, 4, 8, 24], ""rsi_period"": 7, ""target_threshold"": 0.0025, ""vol_windows"": [12, 48]}","{""colsample_bytree"": 1.0, ""gamma"": 0.2, ""learning_rate"": 0.07, ""max_depth"": 5, ""min_child_weight"": 1, ""n_estimators"": 250, ""subsample"": 1.0}",4,6436,0.7032318210068366,0.009199463950483778,2.2237247204249457e+25,831.2673808836377,0.1340952945099929,58.532944437945496
stage2,4562,61,0.58,74318,24,"{""atr_period"": 7, ""horizon_h"": 6, ""ma_windows"": [6, 18, 72], ""mtf_intervals"": [""1d""], ""ret_windows"": [1, 2, 4, 8, 24], ""rsi_period"": 7, ""target_threshold"": 0.0025, ""vol_windows"": [12, 48]}","{""colsample_bytree"": 1.0, ""gamma"": 0.2, ""learning_rate"": 0.07, ""max_depth"": 5, ""min_child_weight"": 1, ""n_estimators"": 250, ""subsample"": 1.0}",4,5604,0.7244825124910778,0.009997115443696403,9.600946409255569e+23,831.2673808836377,0.1298266129012534,55.41596844386699
stage2,4562,61,0.6,74318,24,"{""atr_period"": 7, ""horizon_h"": 6, ""ma_windows"": [6, 18, 72], ""mtf_intervals"": [""1d""], ""ret_windows"": [1, 2, 4, 8, 24], ""rsi_period"": 7, ""target_threshold"": 0.0025, ""vol_windows"": [12, 48]}","{""colsample_bytree"": 1.0, ""gamma"": 0.2, ""learning_rate"": 0.07, ""max_depth"": 5, ""min_child_weight"": 1, ""n_estimators"": 250, ""subsample"": 1.0}",4,5094,0.7389085198272477,0.010633956198206245,1.5413297993922625e+23,831.2673808836377,0.11744206402674351,53.60958012221463
stage2,4562,61,0.62,74318,24,"{""atr_period"": 7, ""horizon_h"": 6, ""ma_windows"": [6, 18, 72], ""mtf_intervals"": [""1d""], ""ret_windows"": [1, 2, 4, 8, 24], ""rsi_period"": 7, ""target_threshold"": 0.0025, ""vol_windows"": [12, 48]}","{""colsample_bytree"": 1.0, ""gamma"": 0.2, ""learning_rate"": 0.07, ""max_depth"": 5, ""min_child_weight"": 1, ""n_estimators"": 250, ""subsample"": 1.0}",4,4554,0.7520860781730347,0.011273506950991144,9.420162352711163e+21,831.2673808836377,0.11744206402674351,50.83027516234272
stage2,4562,61,0.65,74318,24,"{""atr_period"": 7, ""horizon_h"": 6, ""ma_windows"": [6, 18, 72], ""mtf_intervals"": [""1d""], ""ret_windows"": [1, 2, 4, 8, 24], ""rsi_period"": 7, ""target_threshold"": 0.0025, ""vol_windows"": [12, 48]}","{""colsample_bytree"": 1.0, ""gamma"": 0.2, ""learning_rate"": 0.07, ""max_depth"": 5, ""min_child_weight"": 1, ""n_estimators"": 250, ""subsample"": 1.0}",4,3882,0.7720247295208655,0.012189146662209226,1.7696713917388197e+20,831.2673808836377,0.11744206402674362,46.878907659746886
stage2,4562,38,0.52,74318,24,"{""atr_period"": 7, ""horizon_h"": 6, ""ma_windows"": [6, 18, 72], ""mtf_intervals"": [""1d""], ""ret_windows"": [1, 2, 4, 8, 24], ""rsi_period"": 7, ""target_threshold"": 0.0025, ""vol_windows"": [12, 48]}","{""colsample_bytree"": 1.0, ""gamma"": 0.0, ""learning_rate"": 0.03, ""max_depth"": 5, ""min_child_weight"": 5, ""n_estimators"": 250, ""subsample"": 0.7}",4,6973,0.693101964721067,0.008795598316434514,1.8030093794113166e+26,831.2673808836377,0.1858945942101401,60.58856862536997
stage2,4562,38,0.55,74318,24,"{""atr_period"": 7, ""horizon_h"": 6, ""ma_windows"": [6, 18, 72], ""mtf_intervals"": [""1d""], ""ret_windows"": [1, 2, 4, 8, 24], ""rsi_period"": 7, ""target_threshold"": 0.0025, ""vol_windows"": [12, 48]}","{""colsample_bytree"": 1.0, ""gamma"": 0.0, ""learning_rate"": 0.03, ""max_depth"": 5, ""min_child_weight"": 5, ""n_estimators"": 250, ""subsample"": 0.7}",4,6057,0.716691431401684,0.009668798459705159,1.1782677599124079e+25,831.2673808836377,0.18589459421013987,57.8864289203806
stage2,4562,38,0.58,74318,24,"{""atr_period"": 7, ""horizon_h"": 6, ""ma_windows"": [6, 18, 72], ""mtf_intervals"": [""1d""], ""ret_windows"": [1, 2, 4, 8, 24], ""rsi_period"": 7, ""target_threshold"": 0.0025, ""vol_windows"": [12, 48]}","{""colsample_bytree"": 1.0, ""gamma"": 0.0, ""learning_rate"": 0.03, ""max_depth"": 5, ""min_child_weight"": 5, ""n_estimators"": 250, ""subsample"": 0.7}",4,5198,0.7389380530973452,0.010613529799800146,4.137805605402684e+23,831.2673808836377,0.1412849061996262,54.58503896694798
stage2,4562,38,0.6,74318,24,"{""atr_period"": 7, ""horizon_h"": 6, ""ma_windows"": [6, 18, 72], ""mtf_intervals"": [""1d""], ""ret_windows"": [1, 2, 4, 8, 24], ""rsi_period"": 7, ""target_threshold"": 0.0025, ""vol_windows"": [12, 48]}","{""colsample_bytree"": 1.0, ""gamma"": 0.0, ""learning_rate"": 0.03, ""max_depth"": 5, ""min_child_weight"": 5, ""n_estimators"": 250, ""subsample"": 0.7}",4,4690,0.7575692963752665,0.011257790406592125,3.99046373641827e+22,831.2673808836377,0.1298266129012532,52.27198394858577
stage2,4562,38,0.62,74318,24,"{""atr_period"": 7, ""horizon_h"": 6, ""ma_windows"": [6, 18, 72], ""mtf_intervals"": [""1d""], ""ret_windows"": [1, 2, 4, 8, 24], ""rsi_period"": 7, ""target_threshold"": 0.0025, ""vol_windows"": [12, 48]}","{""colsample_bytree"": 1.0, ""gamma"": 0.0, ""learning_rate"": 0.03, ""max_depth"": 5, ""min_child_weight"": 5, ""n_estimators"": 250, ""subsample"": 0.7}",4,4166,0.7686029764762362,0.011967353592802994,2.181964344648458e+21,831.2673808836377,0.1298266129012532,49.38022040295072
stage2,4562,38,0.65,74318,24,"{""atr_period"": 7, ""horizon_h"": 6, ""ma_windows"": [6, 18, 72], ""mtf_intervals"": [""1d""], ""ret_windows"": [1, 2, 4, 8, 24], ""rsi_period"": 7, ""target_threshold"": 0.0025, ""vol_windows"": [12, 48]}","{""colsample_bytree"": 1.0, ""gamma"": 0.0, ""learning_rate"": 0.03, ""max_depth"": 5, ""min_child_weight"": 5, ""n_estimators"": 250, ""subsample"": 0.7}",4,3457,0.7847844952270755,0.01308527335406219,2.264282468446788e+19,831.2673808836377,0.08263081178940712,44.85756906177974
stage2,4562,36,0.52,74318,24,"{""atr_period"": 7, ""horizon_h"": 6, ""ma_windows"": [6, 18, 72], ""mtf_intervals"": [""1d""], ""ret_windows"": [1, 2, 4, 8, 24], ""rsi_period"": 7, ""target_threshold"": 0.0025, ""vol_windows"": [12, 48]}","{""colsample_bytree"": 1.0, ""gamma"": 0.0, ""learning_rate"": 0.03, ""max_depth"": 5, ""min_child_weight"": 1, ""n_estimators"": 250, ""subsample"": 0.7}",4,7018,0.6906526075805073,0.008747064180773131,1.904939278927882e+26,831.2673808836377,0.1858945942101401,60.64121385374283
stage2,4562,36,0.55,74318,24,"{""atr_period"": 7, ""horizon_h"": 6, ""ma_windows"": [6, 18, 72], ""mtf_intervals"": [""1d""], ""ret_windows"": [1, 2, 4, 8, 24], ""rsi_period"": 7, ""target_threshold"": 0.0025, ""vol_windows"": [12, 48]}","{""colsample_bytree"": 1.0, ""gamma"": 0.0, ""learning_rate"": 0.03, ""max_depth"": 5, ""min_child_weight"": 1, ""n_estimators"": 250, ""subsample"": 0.7}",4,6094,0.7154578273711848,0.009680852936495713,1.813104915836038e+25,831.2673808836377,0.18589459421013987,58.31653391186881
stage2,4562,36,0.58,74318,24,"{""atr_period"": 7, ""horizon_h"": 6, ""ma_windows"": [6, 18, 72], ""mtf_intervals"": [""1d""], ""ret_windows"": [1, 2, 4, 8, 24], ""rsi_period"": 7, ""target_threshold"": 0.0025, ""vol_windows"": [12, 48]}","{""colsample_bytree"": 1.0, ""gamma"": 0.0, ""learning_rate"": 0.03, ""max_depth"": 5, ""min_child_weight"": 1, ""n_estimators"": 250, ""subsample"": 0.7}",4,5223,0.7401876316293318,0.010627346634357344,5.783436917536266e+23,831.2673808836377,0.1298266129012532,54.9267108391683
stage2,4562,36,0.6,74318,24,"{""atr_period"": 7, ""horizon_h"": 6, ""ma_windows"": [6, 18, 72], ""mtf_intervals"": [""1d""], ""ret_windows"": [1, 2, 4, 8, 24], ""rsi_period"": 7, ""target_threshold"": 0.0025, ""vol_windows"": [12, 48]}","{""colsample_bytree"": 1.0, ""gamma"": 0.0, ""learning_rate"": 0.03, ""max_depth"": 5, ""min_child_weight"": 1, ""n_estimators"": 250, ""subsample"": 0.7}",4,4717,0.7523849904600381,0.011168716043602223,3.543493758447704e+22,831.2673808836377,0.1298266129012532,52.14832963799298
stage2,4562,36,0.62,74318,24,"{""atr_period"": 7, ""horizon_h"": 6, ""ma_windows"": [6, 18, 72], ""mtf_intervals"": [""1d""], ""ret_windows"": [1, 2, 4, 8, 24], ""rsi_period"": 7, ""target_threshold"": 0.0025, ""vol_windows"": [12, 48]}","{""colsample_bytree"": 1.0, ""gamma"": 0.0, ""learning_rate"": 0.03, ""max_depth"": 5, ""min_child_weight"": 1, ""n_estimators"": 250, ""subsample"": 0.7}",4,4162,0.764776549735704,0.011945227775847096,1.895787401201188e+21,831.2673808836377,0.10332444021700449,49.249642062139415
stage2,4562,36,0.65,74318,24,"{""atr_period"": 7, ""horizon_h"": 6, ""ma_windows"": [6, 18, 72], ""mtf_intervals"": [""1d""], ""ret_windows"": [1, 2, 4, 8, 24], ""rsi_period"": 7, ""target_threshold"": 0.0025, ""vol_windows"": [12, 48]}","{""colsample_bytree"": 1.0, ""gamma"": 0.0, ""learning_rate"": 0.03, ""max_depth"": 5, ""min_child_weight"": 1, ""n_estimators"": 250, ""subsample"": 0.7}",4,3501,0.7846329620108541,0.01307032777031175,3.7972331274875806e+19,831.2673808836377,0.10332444021700471,45.36399621572523
stage2,4562,32,0.52,74318,24,"{""atr_period"": 7, ""horizon_h"": 6, ""ma_windows"": [6, 18, 72], ""mtf_intervals"": [""1d""], ""ret_windows"": [1, 2, 4, 8, 24], ""rsi_period"": 7, ""target_threshold"": 0.0025, ""vol_windows"": [12, 48]}","{""colsample_bytree"": 0.7, ""gamma"": 0.0, ""learning_rate"": 0.03, ""max_depth"": 5, ""min_child_weight"": 1, ""n_estimators"": 250, ""subsample"": 0.7}",4,6872,0.694848661233993,0.00886874352780959,1.2278430215672197e+26,831.2673808836377,0.18589459421013999,60.20635298690347
stage2,4562,32,0.55,74318,24,"{""atr_period"": 7, ""horizon_h"": 6, ""ma_windows"": [6, 18, 72], ""mtf_intervals"": [""1d""], ""ret_windows"": [1, 2, 4, 8, 24], ""rsi_period"": 7, ""target_threshold"": 0.0025, ""vol_windows"": [12, 48]}","{""colsample_bytree"": 0.7, ""gamma"": 0.0, ""learning_rate"": 0.03, ""max_depth"": 5, ""min_child_weight"": 1, ""n_estimators"": 250, ""subsample"": 0.7}",4,5970,0.7179229480737018,0.009743884049843334,8.009974971510454e+24,831.2673808836377,0.14549737854410238,57.522270609862765
stage2,4562,32,0.58,74318,24,"{""atr_period"": 7, ""horizon_h"": 6, ""ma_windows"": [6, 18, 72], ""mtf_intervals"": [""1d""], ""ret_windows"": [1, 2, 4, 8, 24], ""rsi_period"": 7, ""target_threshold"": 0.0025, ""vol_windows"": [12, 48]}","{""colsample_bytree"": 0.7, ""gamma"": 0.0, ""learning_rate"": 0.03, ""max_depth"": 5, ""min_child_weight"": 1, ""n_estimators"": 250, ""subsample"": 0.7}",4,5096,0.7394034536891679,0.010715714084244054,2.3724935054130094e+23,831.2673808836377,0.14128490619962597,54.030004675442264
stage2,4562,32,0.6,74318,24,"{""atr_period"": 7, ""horizon_h"": 6, ""ma_windows"": [6, 18, 72], ""mtf_intervals"": [""1d""], ""ret_windows"": [1, 2, 4, 8, 24], ""rsi_period"": 7, ""target_threshold"": 0.0025, ""vol_windows"": [12, 48]}","{""colsample_bytree"": 0.7, ""gamma"": 0.0, ""learning_rate"": 0.03, ""max_depth"": 5, ""min_child_weight"": 1, ""n_estimators"": 250, ""subsample"": 0.7}",4,4543,0.7543473475676865,0.011348170316470353,1.1618458918717552e+22,831.2673808836377,0.1298266129012533,51.03623200646473
stage2,4562,32,0.62,74318,24,"{""atr_period"": 7, ""horizon_h"": 6, ""ma_windows"": [6, 18, 72], ""mtf_intervals"": [""1d""], ""ret_windows"": [1, 2, 4, 8, 24], ""rsi_period"": 7, ""target_threshold"": 0.0025, ""vol_windows"": [12, 48]}","{""colsample_bytree"": 0.7, ""gamma"": 0.0, ""learning_rate"": 0.03, ""max_depth"": 5, ""min_child_weight"": 1, ""n_estimators"": 250, ""subsample"": 0.7}",4,4032,0.7661210317460317,0.012078840675763883,6.898411619420347e+20,831.2673808836377,0.1298266129012534,48.22760728925232
stage2,4562,32,0.65,74318,24,"{""atr_period"": 7, ""horizon_h"": 6, ""ma_windows"": [6, 18, 72], ""mtf_intervals"": [""1d""], ""ret_windows"": [1, 2, 4, 8, 24], ""rsi_period"": 7, ""target_threshold"": 0.0025, ""vol_windows"": [12, 48]}","{""colsample_bytree"": 0.7, ""gamma"": 0.0, ""learning_rate"": 0.03, ""max_depth"": 5, ""min_child_weight"": 1, ""n_estimators"": 250, ""subsample"": 0.7}",4,3335,0.7853073463268366,0.013261349766081544,8.286724448507885e+18,831.2673808836377,0.0976193270385276,43.84671345582284
stage2,4562,42,0.52,74318,24,"{""atr_period"": 7, ""horizon_h"": 6, ""ma_windows"": [6, 18, 72], ""mtf_intervals"": [""1d""], ""ret_windows"": [1, 2, 4, 8, 24], ""rsi_period"": 7, ""target_threshold"": 0.0025, ""vol_windows"": [12, 48]}","{""colsample_bytree"": 0.7, ""gamma"": 0.0, ""learning_rate"": 0.03, ""max_depth"": 5, ""min_child_weight"": 5, ""n_estimators"": 250, ""subsample"": 1.0}",4,6855,0.6935083880379285,0.008887682371341861,1.2011909667357724e+26,831.2673808836377,0.14549737854410238,60.20368543487299
stage2,4562,42,0.55,74318,24,"{""atr_period"": 7, ""horizon_h"": 6, ""ma_windows"": [6, 18, 72], ""mtf_intervals"": [""1d""], ""ret_windows"": [1, 2, 4, 8, 24], ""rsi_period"": 7, ""target_threshold"": 0.0025, ""vol_windows"": [12, 48]}","{""colsample_bytree"": 0.7, ""gamma"": 0.0, ""learning_rate"": 0.03, ""max_depth"": 5, ""min_child_weight"": 5, ""n_estimators"": 250, ""subsample"": 1.0}",4,5964,0.716130114017438,0.009720702577306927,6.522879473492365e+24,831.2673808836377,0.1454973785441025,57.315279169901785
stage2,4562,42,0.58,74318,24,"{""atr_period"": 7, ""horizon_h"": 6, ""ma_windows"": [6, 18, 72], ""mtf_intervals"": [""1d""], ""ret_windows"": [1, 2, 4, 8, 24], ""rsi_period"": 7, ""target_threshold"": 0.0025, ""vol_windows"": [12, 48]}","{""colsample_bytree"": 0.7, ""gamma"": 0.0, ""learning_rate"": 0.03, ""max_depth"": 5, ""min_child_weight"": 5, ""n_estimators"": 250, ""subsample"": 1.0}",4,5101,0.7390707704371692,0.010733646774470177,2.7376449784730812e+23,831.2673808836377,0.1412849061996263,54.173038530221824
stage2,4562,42,0.6,74318,24,"{""atr_period"": 7, ""horizon_h"": 6, ""ma_windows"": [6, 18, 72], ""mtf_intervals"": [""1d""], ""ret_windows"": [1, 2, 4, 8, 24], ""rsi_period"": 7, ""target_threshold"": 0.0025, ""vol_windows"": [12, 48]}","{""colsample_bytree"": 0.7, ""gamma"": 0.0, ""learning_rate"": 0.03, ""max_depth"": 5, ""min_child_weight"": 5, ""n_estimators"": 250, ""subsample"": 1.0}",4,4539,0.755232430050672,0.011399639841318558,1.3997071366072566e+22,831.2673808836377,0.1412849061996263,51.21787568214093
stage2,4562,42,0.62,74318,24,"{""atr_period"": 7, ""horizon_h"": 6, ""ma_windows"": [6, 18, 72], ""mtf_intervals"": [""1d""], ""ret_windows"": [1, 2, 4, 8, 24], ""rsi_period"": 7, ""target_threshold"": 0.0025, ""vol_windows"": [12, 48]}","{""colsample_bytree"": 0.7, ""gamma"": 0.0, ""learning_rate"": 0.03, ""max_depth"": 5, ""min_child_weight"": 5, ""n_estimators"": 250, ""subsample"": 1.0}",4,4033,0.7674187949417307,0.01209662358674674,7.535531458229242e+20,831.2673808836377,0.1412849061996262,48.31139679296779
stage2,4562,42,0.65,74318,24,"{""atr_period"": 7, ""horizon_h"": 6, ""ma_windows"": [6, 18, 72], ""mtf_intervals"": [""1d""], ""ret_windows"": [1, 2, 4, 8, 24], ""rsi_period"": 7, ""target_threshold"": 0.0025, ""vol_windows"": [12, 48]}","{""colsample_bytree"": 0.7, ""gamma"": 0.0, ""learning_rate"": 0.03, ""max_depth"": 5, ""min_child_weight"": 5, ""n_estimators"": 250, ""subsample"": 1.0}",4,3318,0.7869198312236287,0.01333375248944466,8.436949349304363e+18,831.2673808836377,0.10246331362828776,43.86412669373744
stage2,4562,44,0.52,74318,24,"{""atr_period"": 7, ""horizon_h"": 6, ""ma_windows"": [6, 18, 72], ""mtf_intervals"": [""1d""], ""ret_windows"": [1, 2, 4, 8, 24], ""rsi_period"": 7, ""target_threshold"": 0.0025, ""vol_windows"": [12, 48]}","{""colsample_bytree"": 1.0, ""gamma"": 0.0, ""learning_rate"": 0.03, ""max_depth"": 5, ""min_child_weight"": 1, ""n_estimators"": 250, ""subsample"": 1.0}",4,6935,0.6873828406633021,0.008670861789365639,5.423742929518879e+25,831.2673808836377,0.18589459421013976,59.38173934910635
stage2,4562,44,0.55,74318,24,"{""atr_period"": 7, ""horizon_h"": 6, ""ma_windows"": [6, 18, 72], ""mtf_intervals"": [""1d""], ""ret_windows"": [1, 2, 4, 8, 24], ""rsi_period"": 7, ""target_threshold"": 0.0025, ""vol_windows"": [12, 48]}","{""colsample_bytree"": 1.0, ""gamma"": 0.0, ""learning_rate"": 0.03, ""max_depth"": 5, ""min_child_weight"": 1, ""n_estimators"": 250, ""subsample"": 1.0}",4,6015,0.712551953449709,0.009594900476896255,5.089527750908752e+24,831.2673808836377,0.18589459421013999,57.04308074780292
stage2,4562,44,0.58,74318,24,"{""atr_period"": 7, ""horizon_h"": 6, ""ma_windows"": [6, 18, 72], ""mtf_intervals"": [""1d""], ""ret_windows"": [1, 2, 4, 8, 24], ""rsi_period"": 7, ""target_threshold"": 0.0025, ""vol_windows"": [12, 48]}","{""colsample_bytree"": 1.0, ""gamma"": 0.0, ""learning_rate"": 0.03, ""max_depth"": 5, ""min_child_weight"": 1, ""n_estimators"": 250, ""subsample"": 1.0}",4,5151,0.7414094350611532,0.010649836833450851,3.044224096481657e+23,831.2673808836377,0.17096467509418334,54.26554710040287
stage2,4562,44,0.6,74318,24,"{""atr_period"": 7, ""horizon_h"": 6, ""ma_windows"": [6, 18, 72], ""mtf_intervals"": [""1d""], ""ret_windows"": [1, 2, 4, 8, 24], ""rsi_period"": 7, ""target_threshold"": 0.0025, ""vol_windows"": [12, 48]}","{""colsample_bytree"": 1.0, ""gamma"": 0.0, ""learning_rate"": 0.03, ""max_depth"": 5, ""min_child_weight"": 1, ""n_estimators"": 250, ""subsample"": 1.0}",4,4587,0.7527795945062132,0.011313453805392793,1.623159569652971e+22,831.2673808836377,0.1298266129012532,51.369064646882016
stage2,4562,44,0.62,74318,24,"{""atr_period"": 7, ""horizon_h"": 6, ""ma_windows"": [6, 18, 72], ""mtf_intervals"": [""1d""], ""ret_windows"": [1, 2, 4, 8, 24], ""rsi_period"": 7, ""target_threshold"": 0.0025, ""vol_windows"": [12, 48]}","{""colsample_bytree"": 1.0, ""gamma"": 0.0, ""learning_rate"": 0.03, ""max_depth"": 5, ""min_child_weight"": 1, ""n_estimators"": 250, ""subsample"": 1.0}",4,4109,0.7649063032367973,0.011973571902757111,1.1321123259222882e+21,831.2673808836377,0.1298266129012532,48.7211724669406
stage2,4562,44,0.65,74318,24,"{""atr_period"": 7, ""horizon_h"": 6, ""ma_windows"": [6, 18, 72], ""mtf_intervals"": [""1d""], ""ret_windows"": [1, 2, 4, 8, 24], ""rsi_period"": 7, ""target_threshold"": 0.0025, ""vol_windows"": [12, 48]}","{""colsample_bytree"": 1.0, ""gamma"": 0.0, ""learning_rate"": 0.03, ""max_depth"": 5, ""min_child_weight"": 1, ""n_estimators"": 250, ""subsample"": 1.0}",4,3359,0.7862459065197975,0.013179674561276477,8.651527790285428e+18,831.2673808836377,0.10332444021700438,43.887039503992504
stage2,4562,23,0.52,74318,24,"{""atr_period"": 7, ""horizon_h"": 6, ""ma_windows"": [6, 18, 72], ""mtf_intervals"": [""1d""], ""ret_windows"": [1, 2, 4, 8, 24], ""rsi_period"": 7, ""target_threshold"": 0.0025, ""vol_windows"": [12, 48]}","{""colsample_bytree"": 1.0, ""gamma"": 0.2, ""learning_rate"": 0.07, ""max_depth"": 3, ""min_child_weight"": 5, ""n_estimators"": 250, ""subsample"": 0.7}",4,6752,0.6919431279620853,0.008883402783419894,4.69445466260633e+25,831.2673808836377,0.18589459421013987,59.24268370549756
stage2,4562,23,0.55,74318,24,"{""atr_period"": 7, ""horizon_h"": 6, ""ma_windows"": [6, 18, 72], ""mtf_intervals"": [""1d""], ""ret_windows"": [1, 2, 4, 8, 24], ""rsi_period"": 7, ""target_threshold"": 0.0025, ""vol_windows"": [12, 48]}","{""colsample_bytree"": 1.0, ""gamma"": 0.2, ""learning_rate"": 0.07, ""max_depth"": 3, ""min_child_weight"": 5, ""n_estimators"": 250, ""subsample"": 0.7}",4,5829,0.7133299022130726,0.009756272622676039,2.1880484189901306e+24,831.2673808836377,0.18589459421013987,56.200819051156124
stage2,4562,23,0.58,74318,24,"{""atr_period"": 7, ""horizon_h"": 6, ""ma_windows"": [6, 18, 72], ""mtf_intervals"": [""1d""], ""ret_windows"": [1, 2, 4, 8, 24], ""rsi_period"": 7, ""target_threshold"": 0.0025, ""vol_windows"": [12, 48]}","{""colsample_bytree"": 1.0, ""gamma"": 0.2, ""learning_rate"": 0.07, ""max_depth"": 3, ""min_child_weight"": 5, ""n_estimators"": 250, ""subsample"": 0.7}",4,4908,0.7347188264058679,0.010721491782943232,3.310897681833839e+22,831.2673808836377,0.1412849061996262,52.056995943748475
stage2,4562,23,0.6,74318,24,"{""atr_period"": 7, ""horizon_h"": 6, ""ma_windows"": [6, 18, 72], ""mtf_intervals"": [""1d""], ""ret_windows"": [1, 2, 4, 8, 24], ""rsi_period"": 7, ""target_threshold"": 0.0025, ""vol_windows"": [12, 48]}","{""colsample_bytree"": 1.0, ""gamma"": 0.2, ""learning_rate"": 0.07, ""max_depth"": 3, ""min_child_weight"": 5, ""n_estimators"": 250, ""subsample"": 0.7}",4,4366,0.7485112230874943,0.011443039191633158,2.391708940082109e+21,831.2673808836377,0.1298266129012532,49.45173508654442
stage2,4562,23,0.62,74318,24,"{""atr_period"": 7, ""horizon_h"": 6, ""ma_windows"": [6, 18, 72], ""mtf_intervals"": [""1d""], ""ret_windows"": [1, 2, 4, 8, 24], ""rsi_period"": 7, ""target_threshold"": 0.0025, ""vol_windows"": [12, 48]}","{""colsample_bytree"": 1.0, ""gamma"": 0.2, ""learning_rate"": 0.07, ""max_depth"": 3, ""min_child_weight"": 5, ""n_estimators"": 250, ""subsample"": 0.7}",4,3864,0.7559523809523809,0.012083961470831357,9.416116444227188e+19,831.2673808836377,0.12982661290125297,46.228059793480455
stage2,4562,23,0.65,74318,24,"{""atr_period"": 7, ""horizon_h"": 6, ""ma_windows"": [6, 18, 72], ""mtf_intervals"": [""1d""], ""ret_windows"": [1, 2, 4, 8, 24], ""rsi_period"": 7, ""target_threshold"": 0.0025, ""vol_windows"": [12, 48]}","{""colsample_bytree"": 1.0, ""gamma"": 0.2, ""learning_rate"": 0.07, ""max_depth"": 3, ""min_child_weight"": 5, ""n_estimators"": 250, ""subsample"": 0.7}",4,3197,0.7704097591492024,0.013164044841753772,9.874405606564863e+17,831.2673808836377,0.1033244402170046,41.70387064407899
stage2,5930,51,0.52,74318,24,"{""atr_period"": 21, ""horizon_h"": 6, ""ma_windows"": [12, 24, 72], ""mtf_intervals"": [""1d""], ""ret_windows"": [1, 6, 12, 24, 48], ""rsi_period"": 7, ""target_threshold"": 0.0025, ""vol_windows"": [24, 72]}","{""colsample_bytree"": 0.7, ""gamma"": 0.2, ""learning_rate"": 0.07, ""max_depth"": 5, ""min_child_weight"": 5, ""n_estimators"": 250, ""subsample"": 0.7}",4,7343,0.6830995505924009,0.008445318823018171,3.4872315474934385e+26,831.2673808836377,0.1815040057947268,61.23961077456148
stage2,5930,51,0.55,74318,24,"{""atr_period"": 21, ""horizon_h"": 6, ""ma_windows"": [12, 24, 72], ""mtf_intervals"": [""1d""], ""ret_windows"": [1, 6, 12, 24, 48], ""rsi_period"": 7, ""target_threshold"": 0.0025, ""vol_windows"": [24, 72]}","{""colsample_bytree"": 0.7, ""gamma"": 0.2, ""learning_rate"": 0.07, ""max_depth"": 5, ""min_child_weight"": 5, ""n_estimators"": 250, ""subsample"": 0.7}",4,6440,0.7052795031055901,0.00922919825374919,2.7558376298943742e+25,831.2673808836377,0.17096467509418323,58.73092361210169
stage2,5930,51,0.58,74318,24,"{""atr_period"": 21, ""horizon_h"": 6, ""ma_windows"": [12, 24, 72], ""mtf_intervals"": [""1d""], ""ret_windows"": [1, 6, 12, 24, 48], ""rsi_period"": 7, ""target_threshold"": 0.0025, ""vol_windows"": [24, 72]}","{""colsample_bytree"": 0.7, ""gamma"": 0.2, ""learning_rate"": 0.07, ""max_depth"": 5, ""min_child_weight"": 5, ""n_estimators"": 250, ""subsample"": 0.7}",4,5635,0.7258207630878438,0.010099864035254298,2.3040182263722446e+24,831.2673808836377,0.15916561452508993,56.27856960090105
stage2,5930,51,0.6,74318,24,"{""atr_period"": 21, ""horizon_h"": 6, ""ma_windows"": [12, 24, 72], ""mtf_intervals"": [""1d""], ""ret_windows"": [1, 6, 12, 24, 48], ""rsi_period"": 7, ""target_threshold"": 0.0025, ""vol_windows"": [24, 72]}","{""colsample_bytree"": 0.7, ""gamma"": 0.2, ""learning_rate"": 0.07, ""max_depth"": 5, ""min_child_weight"": 5, ""n_estimators"": 250, ""subsample"": 0.7}",4,5123,0.7392153035330861,0.010693870152230788,2.8208394755047364e+23,831.2673808836377,0.1174420640267434,54.21469383789342
stage2,5930,51,0.62,74318,24,"{""atr_period"": 21, ""horizon_h"": 6, ""ma_windows"": [12, 24, 72], ""mtf_intervals"": [""1d""], ""ret_windows"": [1, 6, 12, 24, 48], ""rsi_period"": 7, ""target_threshold"": 0.0025, ""vol_windows"": [24, 72]}","{""colsample_bytree"": 0.7, ""gamma"": 0.2, ""learning_rate"": 0.07, ""max_depth"": 5, ""min_child_weight"": 5, ""n_estimators"": 250, ""subsample"": 0.7}",4,4621,0.7537329582341484,0.011364680743609301,3.0118919809413868e+22,831.2673808836377,0.11744206402674329,51.99462327278512
stage2,5930,51,0.65,74318,24,"{""atr_period"": 21, ""horizon_h"": 6, ""ma_windows"": [12, 24, 72], ""mtf_intervals"": [""1d""], ""ret_windows"": [1, 6, 12, 24, 48], ""rsi_period"": 7, ""target_threshold"": 0.0025, ""vol_windows"": [24, 72]}","{""colsample_bytree"": 0.7, ""gamma"": 0.2, ""learning_rate"": 0.07, ""max_depth"": 5, ""min_child_weight"": 5, ""n_estimators"": 250, ""subsample"": 0.7}",4,3939,0.7791317593297792,0.012367241461665136,7.057641841028149e+20,831.2673808836377,0.11267891743735692,48.27171671917694
stage2,5930,58,0.52,74318,24,"{""atr_period"": 21, ""horizon_h"": 6, ""ma_windows"": [12, 24, 72], ""mtf_intervals"": [""1d""], ""ret_windows"": [1, 6, 12, 24, 48], ""rsi_period"": 7, ""target_threshold"": 0.0025, ""vol_windows"": [24, 72]}","{""colsample_bytree"": 0.7, ""gamma"": 0.0, ""learning_rate"": 0.07, ""max_depth"": 5, ""min_child_weight"": 5, ""n_estimators"": 250, ""subsample"": 1.0}",4,7277,0.6806376253950804,0.008494672791143392,2.9001473309381974e+26,831.2673808836377,0.18589459421013976,61.05149414285908
stage2,5930,58,0.55,74318,24,"{""atr_period"": 21, ""horizon_h"": 6, ""ma_windows"": [12, 24, 72], ""mtf_intervals"": [""1d""], ""ret_windows"": [1, 6, 12, 24, 48], ""rsi_period"": 7, ""target_threshold"": 0.0025, ""vol_windows"": [24, 72]}","{""colsample_bytree"": 0.7, ""gamma"": 0.0, ""learning_rate"": 0.07, ""max_depth"": 5, ""min_child_weight"": 5, ""n_estimators"": 250, ""subsample"": 1.0}",4,6428,0.7059738643434972,0.009261268607540613,3.057370321172147e+25,831.2673808836377,0.17148622643902545,58.83530862629312
stage2,5930,58,0.58,74318,24,"{""atr_period"": 21, ""horizon_h"": 6, ""ma_windows"": [12, 24, 72], ""mtf_intervals"": [""1d""], ""ret_windows"": [1, 6, 12, 24, 48], ""rsi_period"": 7, ""target_threshold"": 0.0025, ""vol_windows"": [24, 72]}","{""colsample_bytree"": 0.7, ""gamma"": 0.0, ""learning_rate"": 0.07, ""max_depth"": 5, ""min_child_weight"": 5, ""n_estimators"": 250, ""subsample"": 1.0}",4,5577,0.7292451138604985,0.010171600230691073,1.9236627667928874e+24,831.2673808836377,0.1587746678719857,56.10165485060104
stage2,5930,58,0.6,74318,24,"{""atr_period"": 21, ""horizon_h"": 6, ""ma_windows"": [12, 24, 72], ""mtf_intervals"": [""1d""], ""ret_windows"": [1, 6, 12, 24, 48], ""rsi_period"": 7, ""target_threshold"": 0.0025, ""vol_windows"": [24, 72]}","{""colsample_bytree"": 0.7, ""gamma"": 0.0, ""learning_rate"": 0.07, ""max_depth"": 5, ""min_child_weight"": 5, ""n_estimators"": 250, ""subsample"": 1.0}",4,5078,0.7422213469870027,0.010757174029760636,2.4182773755605666e+23,831.2673808836377,0.1546276490588373,54.04503324257911
stage2,5930,58,0.62,74318,24,"{""atr_period"": 21, ""horizon_h"": 6, ""ma_windows"": [12, 24, 72], ""mtf_intervals"": [""1d""], ""ret_windows"": [1, 6, 12, 24, 48], ""rsi_period"": 7, ""target_threshold"": 0.0025, ""vol_windows"": [24, 72]}","{""colsample_bytree"": 0.7, ""gamma"": 0.0, ""learning_rate"": 0.07, ""max_depth"": 5, ""min_child_weight"": 5, ""n_estimators"": 250, ""subsample"": 1.0}",4,4626,0.7529182879377432,0.01129788089613575,2.3439074185597168e+22,831.2673808836377,0.15462764905883708,51.72409527259211
stage2,5930,58,0.65,74318,24,"{""atr_period"": 21, ""horizon_h"": 6, ""ma_windows"": [12, 24, 72], ""mtf_intervals"": [""1d""], ""ret_windows"": [1, 6, 12, 24, 48], ""rsi_period"": 7, ""target_threshold"": 0.0025, ""vol_windows"": [24, 72]}","{""colsample_bytree"": 0.7, ""gamma"": 0.0, ""learning_rate"": 0.07, ""max_depth"": 5, ""min_child_weight"": 5, ""n_estimators"": 250, ""subsample"": 1.0}",4,3888,0.7749485596707819,0.012337081519629516,3.361506496338155e+20,831.2673808836377,0.1546276490588372,47.505432770741464
stage2,5930,50,0.52,74318,24,"{""atr_period"": 21, ""horizon_h"": 6, ""ma_windows"": [12, 24, 72], ""mtf_intervals"": [""1d""], ""ret_windows"": [1, 6, 12, 24, 48], ""rsi_period"": 7, ""target_threshold"": 0.0025, ""vol_windows"": [24, 72]}","{""colsample_bytree"": 0.7, ""gamma"": 0.0, ""learning_rate"": 0.07, ""max_depth"": 5, ""min_child_weight"": 5, ""n_estimators"": 250, ""subsample"": 0.7}",4,7353,0.6823065415476676,0.008436276514294993,3.567972406947028e+26,831.2673808836377,0.18589459421013987,61.259598047301495
stage2,5930,50,0.55,74318,24,"{""atr_period"": 21, ""horizon_h"": 6, ""ma_windows"": [12, 24, 72], ""mtf_intervals"": [""1d""], ""ret_windows"": [1, 6, 12, 24, 48], ""rsi_period"": 7, ""target_threshold"": 0.0025, ""vol_windows"": [24, 72]}","{""colsample_bytree"": 0.7, ""gamma"": 0.0, ""learning_rate"": 0.07, ""max_depth"": 5, ""min_child_weight"": 5, ""n_estimators"": 250, ""subsample"": 0.7}",4,6436,0.7036979490366687,0.009229173605066832,2.664383798074476e+25,831.2673808836377,0.1750315517613953,58.693876107687885
stage2,5930,50,0.58,74318,24,"{""atr_period"": 21, ""horizon_h"": 6, ""ma_windows"": [12, 24, 72], ""mtf_intervals"": [""1d""], ""ret_windows"": [1, 6, 12, 24, 48], ""rsi_period"": 7, ""target_threshold"": 0.0025, ""vol_windows"": [24, 72]}","{""colsample_bytree"": 0.7, ""gamma"": 0.0, ""learning_rate"": 0.07, ""max_depth"": 5, ""min_child_weight"": 5, ""n_estimators"": 250, ""subsample"": 0.7}",4,5629,0.7251732101616628,0.01008510614596295,2.000075881544363e+24,831.2673808836377,0.1750315517613955,56.12853099388583
stage2,5930,50,0.6,74318,24,"{""atr_period"": 21, ""horizon_h"": 6, ""ma_windows"": [12, 24, 72], ""mtf_intervals"": [""1d""], ""ret_windows"": [1, 6, 12, 24, 48], ""rsi_period"": 7, ""target_threshold"": 0.0025, ""vol_windows"": [24, 72]}","{""colsample_bytree"": 0.7, ""gamma"": 0.0, ""learning_rate"": 0.07, ""max_depth"": 5, ""min_child_weight"": 5, ""n_estimators"": 250, ""subsample"": 0.7}",4,5137,0.7403153591590422,0.01064948044806416,2.614453583810549e+23,831.2673808836377,0.163290372108449,54.11631520483766
stage2,5930,50,0.62,74318,24,"{""atr_period"": 21, ""horizon_h"": 6, ""ma_windows"": [12, 24, 72], ""mtf_intervals"": [""1d""], ""ret_windows"": [1, 6, 12, 24, 48], ""rsi_period"": 7, ""target_threshold"": 0.0025, ""vol_windows"": [24, 72]}","{""colsample_bytree"": 0.7, ""gamma"": 0.0, ""learning_rate"": 0.07, ""max_depth"": 5, ""min_child_weight"": 5, ""n_estimators"": 250, ""subsample"": 0.7}",4,4635,0.7551240560949298,0.01133858840182013,3.1172789629801487e+22,831.2673808836377,0.15916561452509015,52.00905768474417
stage2,5930,50,0.65,74318,24,"{""atr_period"": 21, ""horizon_h"": 6, ""ma_windows"": [12, 24, 72], ""mtf_intervals"": [""1d""], ""ret_windows"": [1, 6, 12, 24, 48], ""rsi_period"": 7, ""target_threshold"": 0.0025, ""vol_windows"": [24, 72]}","{""colsample_bytree"": 0.7, ""gamma"": 0.0, ""learning_rate"": 0.07, ""max_depth"": 5, ""min_child_weight"": 5, ""n_estimators"": 250, ""subsample"": 0.7}",4,3942,0.776255707762557,0.012365992843258162,7.25229270146562e+20,831.2673808836377,0.1126789174373567,48.2966125636782
stage2,5930,48,0.52,74318,24,"{""atr_period"": 21, ""horizon_h"": 6, ""ma_windows"": [12, 24, 72], ""mtf_intervals"": [""1d""], ""ret_windows"": [1, 6, 12, 24, 48], ""rsi_period"": 7, ""target_threshold"": 0.0025, ""vol_windows"": [24, 72]}","{""colsample_bytree"": 0.7, ""gamma"": 0.0, ""learning_rate"": 0.07, ""max_depth"": 5, ""min_child_weight"": 1, ""n_estimators"": 250, ""subsample"": 0.7}",4,7299,0.6825592546924236,0.008420797284733623,2.0256387019807947e+26,831.2673808836377,0.22759841230010125,60.672712052940255
stage2,5930,48,0.55,74318,24,"{""atr_period"": 21, ""horizon_h"": 6, ""ma_windows"": [12, 24, 72], ""mtf_intervals"": [""1d""], ""ret_windows"": [1, 6, 12, 24, 48], ""rsi_period"": 7, ""target_threshold"": 0.0025, ""vol_windows"": [24, 72]}","{""colsample_bytree"": 0.7, ""gamma"": 0.0, ""learning_rate"": 0.07, ""max_depth"": 5, ""min_child_weight"": 1, ""n_estimators"": 250, ""subsample"": 0.7}",4,6455,0.7039504260263362,0.009209519736042587,2.79905801599318e+25,831.2673808836377,0.22759841230010103,58.716947555129224
stage2,5930,48,0.58,74318,24,"{""atr_period"": 21, ""horizon_h"": 6, ""ma_windows"": [12, 24, 72], ""mtf_intervals"": [""1d""], ""ret_windows"": [1, 6, 12, 24, 48], ""rsi_period"": 7, ""target_threshold"": 0.0025, ""vol_windows"": [24, 72]}","{""colsample_bytree"": 0.7, ""gamma"": 0.0, ""learning_rate"": 0.07, ""max_depth"": 5, ""min_child_weight"": 1, ""n_estimators"": 250, ""subsample"": 0.7}",4,5647,0.7267575703913582,0.010089203458886246,2.451346832235525e+24,831.2673808836377,0.1750315517613954,56.333283740915505
stage2,5930,48,0.6,74318,24,"{""atr_period"": 21, ""horizon_h"": 6, ""ma_windows"": [12, 24, 72], ""mtf_intervals"": [""1d""], ""ret_windows"": [1, 6, 12, 24, 48], ""rsi_period"": 7, ""target_threshold"": 0.0025, ""vol_windows"": [24, 72]}","{""colsample_bytree"": 0.7, ""gamma"": 0.0, ""learning_rate"": 0.07, ""max_depth"": 5, ""min_child_weight"": 1, ""n_estimators"": 250, ""subsample"": 0.7}",4,5144,0.7361975116640747,0.010611262353090416,2.296576358925732e+23,831.2673808836377,0.16329037210844877,53.983079535326695
stage2,5930,48,0.62,74318,24,"{""atr_period"": 21, ""horizon_h"": 6, ""ma_windows"": [12, 24, 72], ""mtf_intervals"": [""1d""], ""ret_windows"": [1, 6, 12, 24, 48], ""rsi_period"": 7, ""target_threshold"": 0.0025, ""vol_windows"": [24, 72]}","{""colsample_bytree"": 0.7, ""gamma"": 0.0, ""learning_rate"": 0.07, ""max_depth"": 5, ""min_child_weight"": 1, ""n_estimators"": 250, ""subsample"": 0.7}",4,4682,0.7483981204613414,0.011193100714503202,2.6712617242623335e+22,831.2673808836377,0.1587746678719857,51.84829893071439
stage2,5930,48,0.65,74318,24,"{""atr_period"": 21, ""horizon_h"": 6, ""ma_windows"": [12, 24, 72], ""mtf_intervals"": [""1d""], ""ret_windows"": [1, 6, 12, 24, 48], ""rsi_period"": 7, ""target_threshold"": 0.0025, ""vol_windows"": [24, 72]}","{""colsample_bytree"": 0.7, ""gamma"": 0.0, ""learning_rate"": 0.07, ""max_depth"": 5, ""min_child_weight"": 1, ""n_estimators"": 250, ""subsample"": 0.7}",4,4041,0.7703538728037614,0.012110412077890235,8.749460674086112e+20,831.2673808836377,0.15462764905883708,48.45654649144019
stage2,5930,57,0.52,74318,24,"{""atr_period"": 21, ""horizon_h"": 6, ""ma_windows"": [12, 24, 72], ""mtf_intervals"": [""1d""], ""ret_windows"": [1, 6, 12, 24, 48], ""rsi_period"": 7, ""target_threshold"": 0.0025, ""vol_windows"": [24, 72]}","{""colsample_bytree"": 0.7, ""gamma"": 0.2, ""learning_rate"": 0.07, ""max_depth"": 5, ""min_child_weight"": 1, ""n_estimators"": 250, ""subsample"": 1.0}",4,7332,0.6818057828696127,0.008479905859686615,4.1094051152111025e+26,831.2673808836377,0.18589459421013987,61.40082727112093
stage2,5930,57,0.55,74318,24,"{""atr_period"": 21, ""horizon_h"": 6, ""ma_windows"": [12, 24, 72], ""mtf_intervals"": [""1d""], ""ret_windows"": [1, 6, 12, 24, 48], ""rsi_period"": 7, ""target_threshold"": 0.0025, ""vol_windows"": [24, 72]}","{""colsample_bytree"": 0.7, ""gamma"": 0.2, ""learning_rate"": 0.07, ""max_depth"": 5, ""min_child_weight"": 1, ""n_estimators"": 250, ""subsample"": 1.0}",4,6457,0.7034226420938516,0.009245542099398324,3.586969215121367e+25,831.2673808836377,0.1858945942101401,58.985690094382676
stage2,5930,57,0.58,74318,24,"{""atr_period"": 21, ""horizon_h"": 6, ""ma_windows"": [12, 24, 72], ""mtf_intervals"": [""1d""], ""ret_windows"": [1, 6, 12, 24, 48], ""rsi_period"": 7, ""target_threshold"": 0.0025, ""vol_windows"": [24, 72]}","{""colsample_bytree"": 0.7, ""gamma"": 0.2, ""learning_rate"": 0.07, ""max_depth"": 5, ""min_child_weight"": 1, ""n_estimators"": 250, ""subsample"": 1.0}",4,5671,0.7249162405219538,0.010039032982382434,2.3364712785743996e+24,831.2673808836377,0.18589459421013987,56.27798198161172
stage2,5930,57,0.6,74318,24,"{""atr_period"": 21, ""horizon_h"": 6, ""ma_windows"": [12, 24, 72], ""mtf_intervals"": [""1d""], ""ret_windows"": [1, 6, 12, 24, 48], ""rsi_period"": 7, ""target_threshold"": 0.0025, ""vol_windows"": [24, 72]}","{""colsample_bytree"": 0.7, ""gamma"": 0.2, ""learning_rate"": 0.07, ""max_depth"": 5, ""min_child_weight"": 1, ""n_estimators"": 250, ""subsample"": 1.0}",4,5151,0.7404387497573287,0.010669991788304462,3.3660158723240244e+23,831.2673808836377,0.16329037210844866,54.369252698164075
stage2,5930,57,0.62,74318,24,"{""atr_period"": 21, ""horizon_h"": 6, ""ma_windows"": [12, 24, 72], ""mtf_intervals"": [""1d""], ""ret_windows"": [1, 6, 12, 24, 48], ""rsi_period"": 7, ""target_threshold"": 0.0025, ""vol_windows"": [24, 72]}","{""colsample_bytree"": 0.7, ""gamma"": 0.2, ""learning_rate"": 0.07, ""max_depth"": 5, ""min_child_weight"": 1, ""n_estimators"": 250, ""subsample"": 1.0}",4,4656,0.7536512027491409,0.01132474417017615,3.7053958796345176e+22,831.2673808836377,0.1546276490588373,52.182867240044075
stage2,5930,57,0.65,74318,24,"{""atr_period"": 21, ""horizon_h"": 6, ""ma_windows"": [12, 24, 72], ""mtf_intervals"": [""1d""], ""ret_windows"": [1, 6, 12, 24, 48], ""rsi_period"": 7, ""target_threshold"": 0.0025, ""vol_windows"": [24, 72]}","{""colsample_bytree"": 0.7, ""gamma"": 0.2, ""learning_rate"": 0.07, ""max_depth"": 5, ""min_child_weight"": 1, ""n_estimators"": 250, ""subsample"": 1.0}",4,3966,0.7715582450832073,0.012288389909863588,7.141735312549474e+20,831.2673808836377,0.15462764905883697,48.25589753849211
stage2,5930,61,0.52,74318,24,"{""atr_period"": 21, ""horizon_h"": 6, ""ma_windows"": [12, 24, 72], ""mtf_intervals"": [""1d""], ""ret_windows"": [1, 6, 12, 24, 48], ""rsi_period"": 7, ""target_threshold"": 0.0025, ""vol_windows"": [24, 72]}","{""colsample_bytree"": 1.0, ""gamma"": 0.2, ""learning_rate"": 0.07, ""max_depth"": 5, ""min_child_weight"": 1, ""n_estimators"": 250, ""subsample"": 1.0}",4,7374,0.6791429346352048,0.008422830410310082,3.834331707404228e+26,831.2673808836377,0.2203032567954546,61.311752938638975
stage2,5930,61,0.55,74318,24,"{""atr_period"": 21, ""horizon_h"": 6, ""ma_windows"": [12, 24, 72], ""mtf_intervals"": [""1d""], ""ret_windows"": [1, 6, 12, 24, 48], ""rsi_period"": 7, ""target_threshold"": 0.0025, ""vol_windows"": [24, 72]}","{""colsample_bytree"": 1.0, ""gamma"": 0.2, ""learning_rate"": 0.07, ""max_depth"": 5, ""min_child_weight"": 1, ""n_estimators"": 250, ""subsample"": 1.0}",4,6519,0.697499616505599,0.009152986420158068,3.4743169676979634e+25,831.2673808836377,0.20989934747567662,58.936299139317995
stage2,5930,61,0.58,74318,24,"{""atr_period"": 21, ""horizon_h"": 6, ""ma_windows"": [12, 24, 72], ""mtf_intervals"": [""1d""], ""ret_windows"": [1, 6, 12, 24, 48], ""rsi_period"": 7, ""target_threshold"": 0.0025, ""vol_windows"": [24, 72]}","{""colsample_bytree"": 1.0, ""gamma"": 0.2, ""learning_rate"": 0.07, ""max_depth"": 5, ""min_child_weight"": 1, ""n_estimators"": 250, ""subsample"": 1.0}",4,5733,0.7195185766614338,0.00994898085590326,2.59776965031779e+24,831.2673808836377,0.20515557302784004,56.36932440360218
stage2,5930,61,0.6,74318,24,"{""atr_period"": 21, ""horizon_h"": 6, ""ma_windows"": [12, 24, 72], ""mtf_intervals"": [""1d""], ""ret_windows"": [1, 6, 12, 24, 48], ""rsi_period"": 7, ""target_threshold"": 0.0025, ""vol_windows"": [24, 72]}","{""colsample_bytree"": 1.0, ""gamma"": 0.2, ""learning_rate"": 0.07, ""max_depth"": 5, ""min_child_weight"": 1, ""n_estimators"": 250, ""subsample"": 1.0}",4,5246,0.7308425467022494,0.01046111272204746,3.0860235125875356e+23,831.2673808836377,0.19688820944809549,54.256259346303686
stage2,5930,61,0.62,74318,24,"{""atr_period"": 21, ""horizon_h"": 6, ""ma_windows"": [12, 24, 72], ""mtf_intervals"": [""1d""], ""ret_windows"": [1, 6, 12, 24, 48], ""rsi_period"": 7, ""target_threshold"": 0.0025, ""vol_windows"": [24, 72]}","{""colsample_bytree"": 1.0, ""gamma"": 0.2, ""learning_rate"": 0.07, ""max_depth"": 5, ""min_child_weight"": 1, ""n_estimators"": 250, ""subsample"": 1.0}",4,4738,0.7441958632334318,0.011072928954690213,2.8447435792473947e+22,831.2673808836377,0.18668497723428468,51.89294261267519
stage2,5930,61,0.65,74318,24,"{""atr_period"": 21, ""horizon_h"": 6, ""ma_windows"": [12, 24, 72], ""mtf_intervals"": [""1d""], ""ret_windows"": [1, 6, 12, 24, 48], ""rsi_period"": 7, ""target_threshold"": 0.0025, ""vol_windows"": [24, 72]}","{""colsample_bytree"": 1.0, ""gamma"": 0.2, ""learning_rate"": 0.07, ""max_depth"": 5, ""min_child_weight"": 1, ""n_estimators"": 250, ""subsample"": 1.0}",4,4044,0.7682987141444114,0.012119279952053731,9.383429308175849e+20,831.2673808836377,0.15916561452509004,48.522657557640386
stage2,5930,38,0.52,74318,24,"{""atr_period"": 21, ""horizon_h"": 6, ""ma_windows"": [12, 24, 72], ""mtf_intervals"": [""1d""], ""ret_windows"": [1, 6, 12, 24, 48], ""rsi_period"": 7, ""target_threshold"": 0.0025, ""vol_windows"": [24, 72]}","{""colsample_bytree"": 1.0, ""gamma"": 0.0, ""learning_rate"": 0.03, ""max_depth"": 5, ""min_child_weight"": 5, ""n_estimators"": 250, ""subsample"": 0.7}",4,7002,0.6912310768351899,0.008751872276461861,1.6967461303816805e+26,831.2673808836377,0.1858945942101401,60.52597733641304
stage2,5930,38,0.55,74318,24,"{""atr_period"": 21, ""horizon_h"": 6, ""ma_windows"": [12, 24, 72], ""mtf_intervals"": [""1d""], ""ret_windows"": [1, 6, 12, 24, 48], ""rsi_period"": 7, ""target_threshold"": 0.0025, ""vol_windows"": [24, 72]}","{""colsample_bytree"": 1.0, ""gamma"": 0.0, ""learning_rate"": 0.03, ""max_depth"": 5, ""min_child_weight"": 5, ""n_estimators"": 250, ""subsample"": 0.7}",4,6078,0.7158604804211912,0.009705215230068506,1.778310020594056e+25,831.2673808836377,0.17503155176139584,58.303105141828446
stage2,5930,38,0.58,74318,24,"{""atr_period"": 21, ""horizon_h"": 6, ""ma_windows"": [12, 24, 72], ""mtf_intervals"": [""1d""], ""ret_windows"": [1, 6, 12, 24, 48], ""rsi_period"": 7, ""target_threshold"": 0.0025, ""vol_windows"": [24, 72]}","{""colsample_bytree"": 1.0, ""gamma"": 0.0, ""learning_rate"": 0.03, ""max_depth"": 5, ""min_child_weight"": 5, ""n_estimators"": 250, ""subsample"": 0.7}",4,5287,0.7386041233213543,0.010605813502080095,1.0039687676153246e+24,831.2673808836377,0.170964675094183,55.456250613816536
stage2,5930,38,0.6,74318,24,"{""atr_period"": 21, ""horizon_h"": 6, ""ma_windows"": [12, 24, 72], ""mtf_intervals"": [""1d""], ""ret_windows"": [1, 6, 12, 24, 48], ""rsi_period"": 7, ""target_threshold"": 0.0025, ""vol_windows"": [24, 72]}","{""colsample_bytree"": 1.0, ""gamma"": 0.0, ""learning_rate"": 0.03, ""max_depth"": 5, ""min_child_weight"": 5, ""n_estimators"": 250, ""subsample"": 0.7}",4,4729,0.7530133220554028,0.011293315319137109,7.240074485027624e+22,831.2673808836377,0.170964675094183,52.843778382851276
stage2,5930,38,0.62,74318,24,"{""atr_period"": 21, ""horizon_h"": 6, ""ma_windows"": [12, 24, 72], ""mtf_intervals"": [""1d""], ""ret_windows"": [1, 6, 12, 24, 48], ""rsi_period"": 7, ""target_threshold"": 0.0025, ""vol_windows"": [24, 72]}","{""colsample_bytree"": 1.0, ""gamma"": 0.0, ""learning_rate"": 0.03, ""max_depth"": 5, ""min_child_weight"": 5, ""n_estimators"": 250, ""subsample"": 0.7}",4,4238,0.7692307692307693,0.01203218248160772,6.677460628017929e+21,831.2673808836377,0.12513030546126203,50.50210164515045
stage2,5930,38,0.65,74318,24,"{""atr_period"": 21, ""horizon_h"": 6, ""ma_windows"": [12, 24, 72], ""mtf_intervals"": [""1d""], ""ret_windows"": [1, 6, 12, 24, 48], ""rsi_period"": 7, ""target_threshold"": 0.0025, ""vol_windows"": [24, 72]}","{""colsample_bytree"": 1.0, ""gamma"": 0.0, ""learning_rate"": 0.03, ""max_depth"": 5, ""min_child_weight"": 5, ""n_estimators"": 250, ""subsample"": 0.7}",4,3502,0.787835522558538,0.013137750792962699,4.8575744999422845e+19,831.2673808836377,0.08477639514312119,45.62263823295337
stage2,5930,36,0.52,74318,24,"{""atr_period"": 21, ""horizon_h"": 6, ""ma_windows"": [12, 24, 72], ""mtf_intervals"": [""1d""], ""ret_windows"": [1, 6, 12, 24, 48], ""rsi_period"": 7, ""target_threshold"": 0.0025, ""vol_windows"": [24, 72]}","{""colsample_bytree"": 1.0, ""gamma"": 0.0, ""learning_rate"": 0.03, ""max_depth"": 5, ""min_child_weight"": 1, ""n_estimators"": 250, ""subsample"": 0.7}",4,6973,0.6906639896744586,0.008758939759632498,1.3822513673483835e+26,831.2673808836377,0.1750315517613954,60.32601294723584
stage2,5930,36,0.55,74318,24,"{""atr_period"": 21, ""horizon_h"": 6, ""ma_windows"": [12, 24, 72], ""mtf_intervals"": [""1d""], ""ret_windows"": [1, 6, 12, 24, 48], ""rsi_period"": 7, ""target_threshold"": 0.0025, ""vol_windows"": [24, 72]}","{""colsample_bytree"": 1.0, ""gamma"": 0.0, ""learning_rate"": 0.03, ""max_depth"": 5, ""min_child_weight"": 1, ""n_estimators"": 250, ""subsample"": 0.7}",4,6091,0.7153176818256444,0.009659945531723016,1.5317328257669049e+25,831.2673808836377,0.1750315517613955,58.15304491908093
stage2,5930,36,0.58,74318,24,"{""atr_period"": 21, ""horizon_h"": 6, ""ma_windows"": [12, 24, 72], ""mtf_intervals"": [""1d""], ""ret_windows"": [1, 6, 12, 24, 48], ""rsi_period"": 7, ""target_threshold"": 0.0025, ""vol_windows"": [24, 72]}","{""colsample_bytree"": 1.0, ""gamma"": 0.0, ""learning_rate"": 0.03, ""max_depth"": 5, ""min_child_weight"": 1, ""n_estimators"": 250, ""subsample"": 0.7}",4,5287,0.7406846983166256,0.010677241857637881,1.4621230766724252e+24,831.2673808836377,0.1750315517613954,55.832381691045605
stage2,5930,36,0.6,74318,24,"{""atr_period"": 21, ""horizon_h"": 6, ""ma_windows"": [12, 24, 72], ""mtf_intervals"": [""1d""], ""ret_windows"": [1, 6, 12, 24, 48], ""rsi_period"": 7, ""target_threshold"": 0.0025, ""vol_windows"": [24, 72]}","{""colsample_bytree"": 1.0, ""gamma"": 0.0, ""learning_rate"": 0.03, ""max_depth"": 5, ""min_child_weight"": 1, ""n_estimators"": 250, ""subsample"": 0.7}",4,4759,0.7507879806682076,0.011230936709774635,7.48635694407555e+22,831.2673808836377,0.16649038890927503,52.8771870195216
stage2,5930,36,0.62,74318,24,"{""atr_period"": 21, ""horizon_h"": 6, ""ma_windows"": [12, 24, 72], ""mtf_intervals"": [""1d""], ""ret_windows"": [1, 6, 12, 24, 48], ""rsi_period"": 7, ""target_threshold"": 0.0025, ""vol_windows"": [24, 72]}","{""colsample_bytree"": 1.0, ""gamma"": 0.0, ""learning_rate"": 0.03, ""max_depth"": 5, ""min_child_weight"": 1, ""n_estimators"": 250, ""subsample"": 0.7}",4,4245,0.7667844522968198,0.012014278483542057,6.729044335861837e+21,831.2673808836377,0.1126789174373567,50.51392241682078
stage2,5930,36,0.65,74318,24,"{""atr_period"": 21, ""horizon_h"": 6, ""ma_windows"": [12, 24, 72], ""mtf_intervals"": [""1d""], ""ret_windows"": [1, 6, 12, 24, 48], ""rsi_period"": 7, ""target_threshold"": 0.0025, ""vol_windows"": [24, 72]}","{""colsample_bytree"": 1.0, ""gamma"": 0.0, ""learning_rate"": 0.03, ""max_depth"": 5, ""min_child_weight"": 1, ""n_estimators"": 250, ""subsample"": 0.7}",4,3524,0.786038592508513,0.013109963953888382,5.840806720598382e+19,831.2673808836377,0.1126789174373567,45.79135681819496
stage2,5930,32,0.52,74318,24,"{""atr_period"": 21, ""horizon_h"": 6, ""ma_windows"": [12, 24, 72], ""mtf_intervals"": [""1d""], ""ret_windows"": [1, 6, 12, 24, 48], ""rsi_period"": 7, ""target_threshold"": 0.0025, ""vol_windows"": [24, 72]}","{""colsample_bytree"": 0.7, ""gamma"": 0.0, ""learning_rate"": 0.03, ""max_depth"": 5, ""min_child_weight"": 1, ""n_estimators"": 250, ""subsample"": 0.7}",4,6923,0.692907698974433,0.00883371193470872,1.5018561590912146e+26,831.2673808836377,0.1750315517613955,60.41139427912692
stage2,5930,32,0.55,74318,24,"{""atr_period"": 21, ""horizon_h"": 6, ""ma_windows"": [12, 24, 72], ""mtf_intervals"": [""1d""], ""ret_windows"": [1, 6, 12, 24, 48], ""rsi_period"": 7, ""target_threshold"": 0.0025, ""vol_windows"": [24, 72]}","{""colsample_bytree"": 0.7, ""gamma"": 0.0, ""learning_rate"": 0.03, ""max_depth"": 5, ""min_child_weight"": 1, ""n_estimators"": 250, ""subsample"": 0.7}",4,6010,0.718801996672213,0.00977798374698638,1.4305969091182625e+25,831.2673808836377,0.17503155176139562,58.088468792424685
stage2,5930,32,0.58,74318,24,"{""atr_period"": 21, ""horizon_h"": 6, ""ma_windows"": [12, 24, 72], ""mtf_intervals"": [""1d""], ""ret_windows"": [1, 6, 12, 24, 48], ""rsi_period"": 7, ""target_threshold"": 0.0025, ""vol_windows"": [24, 72]}","{""colsample_bytree"": 0.7, ""gamma"": 0.0, ""learning_rate"": 0.03, ""max_depth"": 5, ""min_child_weight"": 1, ""n_estimators"": 250, ""subsample"": 0.7}",4,5191,0.7387786553650549,0.010679645879657852,5.376486279566581e+23,831.2673808836377,0.1750315517613955,54.83043650723024
stage2,5930,32,0.6,74318,24,"{""atr_period"": 21, ""horizon_h"": 6, ""ma_windows"": [12, 24, 72], ""mtf_intervals"": [""1d""], ""ret_windows"": [1, 6, 12, 24, 48], ""rsi_period"": 7, ""target_threshold"": 0.0025, ""vol_windows"": [24, 72]}","{""colsample_bytree"": 0.7, ""gamma"": 0.0, ""learning_rate"": 0.03, ""max_depth"": 5, ""min_child_weight"": 1, ""n_estimators"": 250, ""subsample"": 0.7}",4,4680,0.754059829059829,0.011358166481568564,5.655627170421702e+22,831.2673808836377,0.13409529450999258,52.61658860260098
stage2,5930,32,0.62,74318,24,"{""atr_period"": 21, ""horizon_h"": 6, ""ma_windows"": [12, 24, 72], ""mtf_intervals"": [""1d""], ""ret_windows"": [1, 6, 12, 24, 48], ""rsi_period"": 7, ""target_threshold"": 0.0025, ""vol_windows"": [24, 72]}","{""colsample_bytree"": 0.7, ""gamma"": 0.0, ""learning_rate"": 0.03, ""max_depth"": 5, ""min_child_weight"": 1, ""n_estimators"": 250, ""subsample"": 0.7}",4,4137,0.7674643461445492,0.012063126855301611,2.2726708179510504e+21,831.2673808836377,0.11744206402674351,49.42699812427941
stage2,5930,32,0.65,74318,24,"{""atr_period"": 21, ""horizon_h"": 6, ""ma_windows"": [12, 24, 72], ""mtf_intervals"": [""1d""], ""ret_windows"": [1, 6, 12, 24, 48], ""rsi_period"": 7, ""target_threshold"": 0.0025, ""vol_windows"": [24, 72]}","{""colsample_bytree"": 0.7, ""gamma"": 0.0, ""learning_rate"": 0.03, ""max_depth"": 5, ""min_child_weight"": 1, ""n_estimators"": 250, ""subsample"": 0.7}",4,3442,0.78849506101104,0.013261996383850073,3.3731875830980375e+19,831.2673808836377,0.1126789174373567,45.245527495714114
stage2,5930,42,0.52,74318,24,"{""atr_period"": 21, ""horizon_h"": 6, ""ma_windows"": [12, 24, 72], ""mtf_intervals"": [""1d""], ""ret_windows"": [1, 6, 12, 24, 48], ""rsi_period"": 7, ""target_threshold"": 0.0025, ""vol_windows"": [24, 72]}","{""colsample_bytree"": 0.7, ""gamma"": 0.0, ""learning_rate"": 0.03, ""max_depth"": 5, ""min_child_weight"": 5, ""n_estimators"": 250, ""subsample"": 1.0}",4,6927,0.6906308647322073,0.008802613502071606,1.2564352489534326e+26,831.2673808836377,0.1750315517613955,60.23090078557413
stage2,5930,42,0.55,74318,24,"{""atr_period"": 21, ""horizon_h"": 6, ""ma_windows"": [12, 24, 72], ""mtf_intervals"": [""1d""], ""ret_windows"": [1, 6, 12, 24, 48], ""rsi_period"": 7, ""target_threshold"": 0.0025, ""vol_windows"": [24, 72]}","{""colsample_bytree"": 0.7, ""gamma"": 0.0, ""learning_rate"": 0.03, ""max_depth"": 5, ""min_child_weight"": 5, ""n_estimators"": 250, ""subsample"": 1.0}",4,6029,0.7152098192071654,0.009745521396092348,1.4187724805971563e+25,831.2673808836377,0.17503155176139573,58.07703562298178
stage2,5930,42,0.58,74318,24,"{""atr_period"": 21, ""horizon_h"": 6, ""ma_windows"": [12, 24, 72], ""mtf_intervals"": [""1d""], ""ret_windows"": [1, 6, 12, 24, 48], ""rsi_period"": 7, ""target_threshold"": 0.0025, ""vol_windows"": [24, 72]}","{""colsample_bytree"": 0.7, ""gamma"": 0.0, ""learning_rate"": 0.03, ""max_depth"": 5, ""min_child_weight"": 5, ""n_estimators"": 250, ""subsample"": 1.0}",4,5191,0.7364669620497014,0.01067534270564039,5.286326950919658e+23,831.2673808836377,0.16329037210844877,54.817511930599075
stage2,5930,42,0.6,74318,24,"{""atr_period"": 21, ""horizon_h"": 6, ""ma_windows"": [12, 24, 72], ""mtf_intervals"": [""1d""], ""ret_windows"": [1, 6, 12, 24, 48], ""rsi_period"": 7, ""target_threshold"": 0.0025, ""vol_windows"": [24, 72]}","{""colsample_bytree"": 0.7, ""gamma"": 0.0, ""learning_rate"": 0.03, ""max_depth"": 5, ""min_child_weight"": 5, ""n_estimators"": 250, ""subsample"": 1.0}",4,4657,0.7530599098131845,0.011358011054409773,4.378119175393923e+22,831.2673808836377,0.13232166337851836,52.360642450619665
stage2,5930,42,0.62,74318,24,"{""atr_period"": 21, ""horizon_h"": 6, ""ma_windows"": [12, 24, 72], ""mtf_intervals"": [""1d""], ""ret_windows"": [1, 6, 12, 24, 48], ""rsi_period"": 7, ""target_threshold"": 0.0025, ""vol_windows"": [24, 72]}","{""colsample_bytree"": 0.7, ""gamma"": 0.0, ""learning_rate"": 0.03, ""max_depth"": 5, ""min_child_weight"": 5, ""n_estimators"": 250, ""subsample"": 1.0}",4,4154,0.7650457390467019,0.01199112361947996,2.0700319926961253e+21,831.2673808836377,0.12804423823651967,49.3257944765165
stage2,5930,42,0.65,74318,24,"{""atr_period"": 21, ""horizon_h"": 6, ""ma_windows"": [12, 24, 72], ""mtf_intervals"": [""1d""], ""ret_windows"": [1, 6, 12, 24, 48], ""rsi_period"": 7, ""target_threshold"": 0.0025, ""vol_windows"": [24, 72]}","{""colsample_bytree"": 0.7, ""gamma"": 0.0, ""learning_rate"": 0.03, ""max_depth"": 5, ""min_child_weight"": 5, ""n_estimators"": 250, ""subsample"": 1.0}",4,3441,0.7843650101714618,0.013190040704190675,2.616356329503118e+19,831.2673808836377,0.08477639514312096,45.001523538988764
stage2,5930,44,0.52,74318,24,"{""atr_period"": 21, ""horizon_h"": 6, ""ma_windows"": [12, 24, 72], ""mtf_intervals"": [""1d""], ""ret_windows"": [1, 6, 12, 24, 48], ""rsi_period"": 7, ""target_threshold"": 0.0025, ""vol_windows"": [24, 72]}","{""colsample_bytree"": 1.0, ""gamma"": 0.0, ""learning_rate"": 0.03, ""max_depth"": 5, ""min_child_weight"": 1, ""n_estimators"": 250, ""subsample"": 1.0}",4,7020,0.6877492877492878,0.00869642185474171,1.3450243016297186e+26,831.2673808836377,0.1878700642669533,60.28946027176583
stage2,5930,44,0.55,74318,24,"{""atr_period"": 21, ""horizon_h"": 6, ""ma_windows"": [12, 24, 72], ""mtf_intervals"": [""1d""], ""ret_windows"": [1, 6, 12, 24, 48], ""rsi_period"": 7, ""target_threshold"": 0.0025, ""vol_windows"": [24, 72]}","{""colsample_bytree"": 1.0, ""gamma"": 0.0, ""learning_rate"": 0.03, ""max_depth"": 5, ""min_child_weight"": 1, ""n_estimators"": 250, ""subsample"": 1.0}",4,6108,0.7125081859855926,0.009630883949566297,1.5072541063459405e+25,831.2673808836377,0.17503155176139562,58.134454692135165
stage2,5930,44,0.58,74318,24,"{""atr_period"": 21, ""horizon_h"": 6, ""ma_windows"": [12, 24, 72], ""mtf_intervals"": [""1d""], ""ret_windows"": [1, 6, 12, 24, 48], ""rsi_period"": 7, ""target_threshold"": 0.0025, ""vol_windows"": [24, 72]}","{""colsample_bytree"": 1.0, ""gamma"": 0.0, ""learning_rate"": 0.03, ""max_depth"": 5, ""min_child_weight"": 1, ""n_estimators"": 250, ""subsample"": 1.0}",4,5295,0.730689329556185,0.010497478897333231,6.144256712285641e+23,831.2673808836377,0.17503155176139562,54.955990435377046
stage2,5930,44,0.6,74318,24,"{""atr_period"": 21, ""horizon_h"": 6, ""ma_windows"": [12, 24, 72], ""mtf_intervals"": [""1d""], ""ret_windows"": [1, 6, 12, 24, 48], ""rsi_period"": 7, ""target_threshold"": 0.0025, ""vol_windows"": [24, 72]}","{""colsample_bytree"": 1.0, ""gamma"": 0.0, ""learning_rate"": 0.03, ""max_depth"": 5, ""min_child_weight"": 1, ""n_estimators"": 250, ""subsample"": 1.0}",4,4778,0.7448723315194642,0.011151164467459803,6.356415476789214e+22,831.2673808836377,0.1750315517613955,52.70392806513257
stage2,5930,44,0.62,74318,24,"{""atr_period"": 21, ""horizon_h"": 6, ""ma_windows"": [12, 24, 72], ""mtf_intervals"": [""1d""], ""ret_windows"": [1, 6, 12, 24, 48], ""rsi_period"": 7, ""target_threshold"": 0.0025, ""vol_windows"": [24, 72]}","{""colsample_bytree"": 1.0, ""gamma"": 0.0, ""learning_rate"": 0.03, ""max_depth"": 5, ""min_child_weight"": 1, ""n_estimators"": 250, ""subsample"": 1.0}",4,4270,0.7622950819672131,0.011905043289487442,5.675865662780965e+21,831.2673808836377,0.1546276490588372,50.31827263166676
stage2,5930,44,0.65,74318,24,"{""atr_period"": 21, ""horizon_h"": 6, ""ma_windows"": [12, 24, 72], ""mtf_intervals"": [""1d""], ""ret_windows"": [1, 6, 12, 24, 48], ""rsi_period"": 7, ""target_threshold"": 0.0025, ""vol_windows"": [24, 72]}","{""colsample_bytree"": 1.0, ""gamma"": 0.0, ""learning_rate"": 0.03, ""max_depth"": 5, ""min_child_weight"": 1, ""n_estimators"": 250, ""subsample"": 1.0}",4,3511,0.782398177157505,0.01305035005511968,4.004962875522582e+19,831.2673808836377,0.1126789174373567,45.41063296128007
stage2,5930,23,0.52,74318,24,"{""atr_period"": 21, ""horizon_h"": 6, ""ma_windows"": [12, 24, 72], ""mtf_intervals"": [""1d""], ""ret_windows"": [1, 6, 12, 24, 48], ""rsi_period"": 7, ""target_threshold"": 0.0025, ""vol_windows"": [24, 72]}","{""colsample_bytree"": 1.0, ""gamma"": 0.2, ""learning_rate"": 0.07, ""max_depth"": 3, ""min_child_weight"": 5, ""n_estimators"": 250, ""subsample"": 0.7}",4,6659,0.6963508034239375,0.008991689694329487,4.2374597792935294e+25,831.2673808836377,0.18589459421013999,59.14465816908923
stage2,5930,23,0.55,74318,24,"{""atr_period"": 21, ""horizon_h"": 6, ""ma_windows"": [12, 24, 72], ""mtf_intervals"": [""1d""], ""ret_windows"": [1, 6, 12, 24, 48], ""rsi_period"": 7, ""target_threshold"": 0.0025, ""vol_windows"": [24, 72]}","{""colsample_bytree"": 1.0, ""gamma"": 0.2, ""learning_rate"": 0.07, ""max_depth"": 3, ""min_child_weight"": 5, ""n_estimators"": 250, ""subsample"": 0.7}",4,5748,0.7160751565762005,0.009899547774256168,2.2658138899877903e+24,831.2673808836377,0.18589459421013999,56.239085469925215
stage2,5930,23,0.58,74318,24,"{""atr_period"": 21, ""horizon_h"": 6, ""ma_windows"": [12, 24, 72], ""mtf_intervals"": [""1d""], ""ret_windows"": [1, 6, 12, 24, 48], ""rsi_period"": 7, ""target_threshold"": 0.0025, ""vol_windows"": [24, 72]}","{""colsample_bytree"": 1.0, ""gamma"": 0.2, ""learning_rate"": 0.07, ""max_depth"": 3, ""min_child_weight"": 5, ""n_estimators"": 250, ""subsample"": 0.7}",4,4912,0.7381921824104235,0.010893697942509285,7.943809394857053e+22,831.2673808836377,0.1858945942101401,52.91402101108932
stage2,5930,23,0.6,74318,24,"{""atr_period"": 21, ""horizon_h"": 6, ""ma_windows"": [12, 24, 72], ""mtf_intervals"": [""1d""], ""ret_windows"": [1, 6, 12, 24, 48], ""rsi_period"": 7, ""target_threshold"": 0.0025, ""vol_windows"": [24, 72]}","{""colsample_bytree"": 1.0, ""gamma"": 0.2, ""learning_rate"": 0.07, ""max_depth"": 3, ""min_child_weight"": 5, ""n_estimators"": 250, ""subsample"": 0.7}",4,4424,0.7484177215189873,0.011440879392896838,4.55300700505471e+21,831.2673808836377,0.17096467509418323,50.07485372259572
stage2,5930,23,0.62,74318,24,"{""atr_period"": 21, ""horizon_h"": 6, ""ma_windows"": [12, 24, 72], ""mtf_intervals"": [""1d""], ""ret_windows"": [1, 6, 12, 24, 48], ""rsi_period"": 7, ""target_threshold"": 0.0025, ""vol_windows"": [24, 72]}","{""colsample_bytree"": 1.0, ""gamma"": 0.2, ""learning_rate"": 0.07, ""max_depth"": 3, ""min_child_weight"": 5, ""n_estimators"": 250, ""subsample"": 0.7}",4,3936,0.758130081300813,0.01205215802447191,1.9633398296360898e+20,831.2673808836377,0.16649038890927503,46.94602501246556
stage2,5930,23,0.65,74318,24,"{""atr_period"": 21, ""horizon_h"": 6, ""ma_windows"": [12, 24, 72], ""mtf_intervals"": [""1d""], ""ret_windows"": [1, 6, 12, 24, 48], ""rsi_period"": 7, ""target_threshold"": 0.0025, ""vol_windows"": [24, 72]}","{""colsample_bytree"": 1.0, ""gamma"": 0.2, ""learning_rate"": 0.07, ""max_depth"": 3, ""min_child_weight"": 5, ""n_estimators"": 250, ""subsample"": 0.7}",4,3290,0.7714285714285715,0.013107581916172149,2.7667026306873733e+18,831.2673808836377,0.12513030546126214,42.72362625872801
stage2,998,51,0.52,74318,24,"{""atr_period"": 7, ""horizon_h"": 6, ""ma_windows"": [12, 24, 72], ""mtf_intervals"": [""1d""], ""ret_windows"": [1, 3, 6, 12, 24], ""rsi_period"": 7, ""target_threshold"": 0.0025, ""vol_windows"": [12, 48]}","{""colsample_bytree"": 0.7, ""gamma"": 0.2, ""learning_rate"": 0.07, ""max_depth"": 5, ""min_child_weight"": 5, ""n_estimators"": 250, ""subsample"": 0.7}",4,7296,0.6842105263157895,0.008484129989414547,3.1567825029687864e+26,831.2673808836377,0.1750315517613954,61.1444914165553
stage2,998,51,0.55,74318,24,"{""atr_period"": 7, ""horizon_h"": 6, ""ma_windows"": [12, 24, 72], ""mtf_intervals"": [""1d""], ""ret_windows"": [1, 3, 6, 12, 24], ""rsi_period"": 7, ""target_threshold"": 0.0025, ""vol_windows"": [12, 48]}","{""colsample_bytree"": 0.7, ""gamma"": 0.2, ""learning_rate"": 0.07, ""max_depth"": 5, ""min_child_weight"": 5, ""n_estimators"": 250, ""subsample"": 0.7}",4,6412,0.7050842170929508,0.009259852558776642,2.6413219633437558e+25,831.2673808836377,0.16329037210844877,58.69240786846025
stage2,998,51,0.58,74318,24,"{""atr_period"": 7, ""horizon_h"": 6, ""ma_windows"": [12, 24, 72], ""mtf_intervals"": [""1d""], ""ret_windows"": [1, 3, 6, 12, 24], ""rsi_period"": 7, ""target_threshold"": 0.0025, ""vol_windows"": [12, 48]}","{""colsample_bytree"": 0.7, ""gamma"": 0.2, ""learning_rate"": 0.07, ""max_depth"": 5, ""min_child_weight"": 5, ""n_estimators"": 250, ""subsample"": 0.7}",4,5598,0.7261521972132905,0.010016085494775765,1.0108340904099167e+24,831.2673808836377,0.16329037210844888,55.45222330966221
stage2,998,51,0.6,74318,24,"{""atr_period"": 7, ""horizon_h"": 6, ""ma_windows"": [12, 24, 72], ""mtf_intervals"": [""1d""], ""ret_windows"": [1, 3, 6, 12, 24], ""rsi_period"": 7, ""target_threshold"": 0.0025, ""vol_windows"": [12, 48]}","{""colsample_bytree"": 0.7, ""gamma"": 0.2, ""learning_rate"": 0.07, ""max_depth"": 5, ""min_child_weight"": 5, ""n_estimators"": 250, ""subsample"": 0.7}",4,5090,0.7406679764243614,0.010602185674473122,1.2697719849056912e+23,831.2673808836377,0.13697936755233064,53.40715666652918
stage2,998,51,0.62,74318,24,"{""atr_period"": 7, ""horizon_h"": 6, ""ma_windows"": [12, 24, 72], ""mtf_intervals"": [""1d""], ""ret_windows"": [1, 3, 6, 12, 24], ""rsi_period"": 7, ""target_threshold"": 0.0025, ""vol_windows"": [12, 48]}","{""colsample_bytree"": 0.7, ""gamma"": 0.2, ""learning_rate"": 0.07, ""max_depth"": 5, ""min_child_weight"": 5, ""n_estimators"": 250, ""subsample"": 0.7}",4,4582,0.7527280663465735,0.01122146008184487,1.0215781011330456e+22,831.2673808836377,0.08926607297958389,50.925541732765126
stage2,998,51,0.65,74318,24,"{""atr_period"": 7, ""horizon_h"": 6, ""ma_windows"": [12, 24, 72], ""mtf_intervals"": [""1d""], ""ret_windows"": [1, 3, 6, 12, 24], ""rsi_period"": 7, ""target_threshold"": 0.0025, ""vol_windows"": [12, 48]}","{""colsample_bytree"": 0.7, ""gamma"": 0.2, ""learning_rate"": 0.07, ""max_depth"": 5, ""min_child_weight"": 5, ""n_estimators"": 250, ""subsample"": 0.7}",4,3893,0.7724120215771898,0.012170100256706754,1.8859859985964266e+20,831.2673808836377,0.06928486039257642,46.96680060932183
stage2,998,58,0.52,74318,24,"{""atr_period"": 7, ""horizon_h"": 6, ""ma_windows"": [12, 24, 72], ""mtf_intervals"": [""1d""], ""ret_windows"": [1, 3, 6, 12, 24], ""rsi_period"": 7, ""target_threshold"": 0.0025, ""vol_windows"": [12, 48]}","{""colsample_bytree"": 0.7, ""gamma"": 0.0, ""learning_rate"": 0.07, ""max_depth"": 5, ""min_child_weight"": 5, ""n_estimators"": 250, ""subsample"": 1.0}",4,7283,0.6815872579980777,0.008489261768453264,2.9033412064713592e+26,831.2673808836377,0.22682578737879155,61.032845638652724
stage2,998,58,0.55,74318,24,"{""atr_period"": 7, ""horizon_h"": 6, ""ma_windows"": [12, 24, 72], ""mtf_intervals"": [""1d""], ""ret_windows"": [1, 3, 6, 12, 24], ""rsi_period"": 7, ""target_threshold"": 0.0025, ""vol_windows"": [12, 48]}","{""colsample_bytree"": 0.7, ""gamma"": 0.0, ""learning_rate"": 0.07, ""max_depth"": 5, ""min_child_weight"": 5, ""n_estimators"": 250, ""subsample"": 1.0}",4,6389,0.7044920957896385,0.00924817558054648,1.9550689044656095e+25,831.2673808836377,0.20574704495756846,58.36975832171563
stage2,998,58,0.58,74318,24,"{""atr_period"": 7, ""horizon_h"": 6, ""ma_windows"": [12, 24, 72], ""mtf_intervals"": [""1d""], ""ret_windows"": [1, 3, 6, 12, 24], ""rsi_period"": 7, ""target_threshold"": 0.0025, ""vol_windows"": [12, 48]}","{""colsample_bytree"": 0.7, ""gamma"": 0.0, ""learning_rate"": 0.07, ""max_depth"": 5, ""min_child_weight"": 5, ""n_estimators"": 250, ""subsample"": 1.0}",4,5556,0.7260619150467963,0.01015321928529988,1.3966790007683397e+24,831.2673808836377,0.16329037210844877,55.776569608448696
stage2,998,58,0.6,74318,24,"{""atr_period"": 7, ""horizon_h"": 6, ""ma_windows"": [12, 24, 72], ""mtf_intervals"": [""1d""], ""ret_windows"": [1, 3, 6, 12, 24], ""rsi_period"": 7, ""target_threshold"": 0.0025, ""vol_windows"": [12, 48]}","{""colsample_bytree"": 0.7, ""gamma"": 0.0, ""learning_rate"": 0.07, ""max_depth"": 5, ""min_child_weight"": 5, ""n_estimators"": 250, ""subsample"": 1.0}",4,5068,0.7401341752170482,0.010720703913062983,1.794930843611322e+23,831.2673808836377,0.16329037210844877,53.74065141824898
stage2,998,58,0.62,74318,24,"{""atr_period"": 7, ""horizon_h"": 6, ""ma_windows"": [12, 24, 72], ""mtf_intervals"": [""1d""], ""ret_windows"": [1, 3, 6, 12, 24], ""rsi_period"": 7, ""target_threshold"": 0.0025, ""vol_windows"": [12, 48]}","{""colsample_bytree"": 0.7, ""gamma"": 0.0, ""learning_rate"": 0.07, ""max_depth"": 5, ""min_child_weight"": 5, ""n_estimators"": 250, ""subsample"": 1.0}",4,4537,0.7568878113290721,0.011422941856336051,1.519713200234695e+22,831.2673808836377,0.11744206402674351,51.31356643076856
stage2,998,58,0.65,74318,24,"{""atr_period"": 7, ""horizon_h"": 6, ""ma_windows"": [12, 24, 72], ""mtf_intervals"": [""1d""], ""ret_windows"": [1, 3, 6, 12, 24], ""rsi_period"": 7, ""target_threshold"": 0.0025, ""vol_windows"": [12, 48]}","{""colsample_bytree"": 0.7, ""gamma"": 0.0, ""learning_rate"": 0.07, ""max_depth"": 5, ""min_child_weight"": 5, ""n_estimators"": 250, ""subsample"": 1.0}",4,3841,0.7745378807602187,0.012373298860459209,2.1741450072987913e+20,831.2673808836377,0.11267891743735681,47.09061458381813
stage2,998,50,0.52,74318,24,"{""atr_period"": 7, ""horizon_h"": 6, ""ma_windows"": [12, 24, 72], ""mtf_intervals"": [""1d""], ""ret_windows"": [1, 3, 6, 12, 24], ""rsi_period"": 7, ""target_threshold"": 0.0025, ""vol_windows"": [12, 48]}","{""colsample_bytree"": 0.7, ""gamma"": 0.0, ""learning_rate"": 0.07, ""max_depth"": 5, ""min_child_weight"": 5, ""n_estimators"": 250, ""subsample"": 0.7}",4,7300,0.685068493150685,0.008409431596325168,1.878243201065155e+26,831.2673808836377,0.2243519234343495,60.60070357585552
stage2,998,50,0.55,74318,24,"{""atr_period"": 7, ""horizon_h"": 6, ""ma_windows"": [12, 24, 72], ""mtf_intervals"": [""1d""], ""ret_windows"": [1, 3, 6, 12, 24], ""rsi_period"": 7, ""target_threshold"": 0.0025, ""vol_windows"": [12, 48]}","{""colsample_bytree"": 0.7, ""gamma"": 0.0, ""learning_rate"": 0.07, ""max_depth"": 5, ""min_child_weight"": 5, ""n_estimators"": 250, ""subsample"": 0.7}",4,6436,0.7050963331261654,0.009191541503459199,2.1131413365269685e+25,831.2673808836377,0.16329037210844866,58.46876716275558
stage2,998,50,0.58,74318,24,"{""atr_period"": 7, ""horizon_h"": 6, ""ma_windows"": [12, 24, 72], ""mtf_intervals"": [""1d""], ""ret_windows"": [1, 3, 6, 12, 24], ""rsi_period"": 7, ""target_threshold"": 0.0025, ""vol_windows"": [12, 48]}","{""colsample_bytree"": 0.7, ""gamma"": 0.0, ""learning_rate"": 0.07, ""max_depth"": 5, ""min_child_weight"": 5, ""n_estimators"": 250, ""subsample"": 0.7}",4,5607,0.7289102907080435,0.01003850511389691,1.2502986285327052e+24,831.2673808836377,0.16329037210844888,55.66721574488812
stage2,998,50,0.6,74318,24,"{""atr_period"": 7, ""horizon_h"": 6, ""ma_windows"": [12, 24, 72], ""mtf_intervals"": [""1d""], ""ret_windows"": [1, 3, 6, 12, 24], ""rsi_period"": 7, ""target_threshold"": 0.0025, ""vol_windows"": [12, 48]}","{""colsample_bytree"": 0.7, ""gamma"": 0.0, ""learning_rate"": 0.07, ""max_depth"": 5, ""min_child_weight"": 5, ""n_estimators"": 250, ""subsample"": 0.7}",4,5048,0.740689381933439,0.010700545883987719,1.3274742327219699e+23,831.2673808836377,0.12177149869550197,53.46000532570059
stage2,998,50,0.62,74318,24,"{""atr_period"": 7, ""horizon_h"": 6, ""ma_windows"": [12, 24, 72], ""mtf_intervals"": [""1d""], ""ret_windows"": [1, 3, 6, 12, 24], ""rsi_period"": 7, ""target_threshold"": 0.0025, ""vol_windows"": [12, 48]}","{""colsample_bytree"": 0.7, ""gamma"": 0.0, ""learning_rate"": 0.07, ""max_depth"": 5, ""min_child_weight"": 5, ""n_estimators"": 250, ""subsample"": 0.7}",4,4588,0.7547951176983435,0.011331684737381921,1.794581787158619e+22,831.2673808836377,0.11703171797382317,51.477617766078865
stage2,998,50,0.65,74318,24,"{""atr_period"": 7, ""horizon_h"": 6, ""ma_windows"": [12, 24, 72], ""mtf_intervals"": [""1d""], ""ret_windows"": [1, 3, 6, 12, 24], ""rsi_period"": 7, ""target_threshold"": 0.0025, ""vol_windows"": [12, 48]}","{""colsample_bytree"": 0.7, ""gamma"": 0.0, ""learning_rate"": 0.07, ""max_depth"": 5, ""min_child_weight"": 5, ""n_estimators"": 250, ""subsample"": 0.7}",4,3891,0.7717810331534309,0.012208988243283612,2.136217445106181e+20,831.2673808836377,0.11267891743735681,47.069495849691265
stage2,998,48,0.52,74318,24,"{""atr_period"": 7, ""horizon_h"": 6, ""ma_windows"": [12, 24, 72], ""mtf_intervals"": [""1d""], ""ret_windows"": [1, 3, 6, 12, 24], ""rsi_period"": 7, ""target_threshold"": 0.0025, ""vol_windows"": [12, 48]}","{""colsample_bytree"": 0.7, ""gamma"": 0.0, ""learning_rate"": 0.07, ""max_depth"": 5, ""min_child_weight"": 1, ""n_estimators"": 250, ""subsample"": 0.7}",4,7312,0.6838074398249453,0.008443649717359234,2.6770652966732963e+26,831.2673808836377,0.24971968246918586,60.941668882184686
stage2,998,48,0.55,74318,24,"{""atr_period"": 7, ""horizon_h"": 6, ""ma_windows"": [12, 24, 72], ""mtf_intervals"": [""1d""], ""ret_windows"": [1, 3, 6, 12, 24], ""rsi_period"": 7, ""target_threshold"": 0.0025, ""vol_windows"": [12, 48]}","{""colsample_bytree"": 0.7, ""gamma"": 0.0, ""learning_rate"": 0.07, ""max_depth"": 5, ""min_child_weight"": 1, ""n_estimators"": 250, ""subsample"": 0.7}",4,6492,0.7036352433764633,0.00914234776820309,2.559416101406285e+25,831.2673808836377,0.18668857985529475,58.647109158858164
stage2,998,48,0.58,74318,24,"{""atr_period"": 7, ""horizon_h"": 6, ""ma_windows"": [12, 24, 72], ""mtf_intervals"": [""1d""], ""ret_windows"": [1, 3, 6, 12, 24], ""rsi_period"": 7, ""target_threshold"": 0.0025, ""vol_windows"": [12, 48]}","{""colsample_bytree"": 0.7, ""gamma"": 0.0, ""learning_rate"": 0.07, ""max_depth"": 5, ""min_child_weight"": 1, ""n_estimators"": 250, ""subsample"": 0.7}",4,5644,0.7257264351523742,0.009963727418530922,1.1835166316066751e+24,831.2673808836377,0.16746082964138298,55.60709298727931
stage2,998,48,0.6,74318,24,"{""atr_period"": 7, ""horizon_h"": 6, ""ma_windows"": [12, 24, 72], ""mtf_intervals"": [""1d""], ""ret_windows"": [1, 3, 6, 12, 24], ""rsi_period"": 7, ""target_threshold"": 0.0025, ""vol_windows"": [12, 48]}","{""colsample_bytree"": 0.7, ""gamma"": 0.0, ""learning_rate"": 0.07, ""max_depth"": 5, ""min_child_weight"": 1, ""n_estimators"": 250, ""subsample"": 0.7}",4,5101,0.7406390903744364,0.010589201175220038,1.3357128628143369e+23,831.2673808836377,0.16329037210844888,53.44450196348216
stage2,998,48,0.62,74318,24,"{""atr_period"": 7, ""horizon_h"": 6, ""ma_windows"": [12, 24, 72], ""mtf_intervals"": [""1d""], ""ret_windows"": [1, 3, 6, 12, 24], ""rsi_period"": 7, ""target_threshold"": 0.0025, ""vol_windows"": [12, 48]}","{""colsample_bytree"": 0.7, ""gamma"": 0.0, ""learning_rate"": 0.07, ""max_depth"": 5, ""min_child_weight"": 1, ""n_estimators"": 250, ""subsample"": 0.7}",4,4649,0.7534953753495376,0.011214650724112166,2.089559655968653e+22,831.2673808836377,0.10596113746366087,51.63335833606388
stage2,998,48,0.65,74318,24,"{""atr_period"": 7, ""horizon_h"": 6, ""ma_windows"": [12, 24, 72], ""mtf_intervals"": [""1d""], ""ret_windows"": [1, 3, 6, 12, 24], ""rsi_period"": 7, ""target_threshold"": 0.0025, ""vol_windows"": [12, 48]}","{""colsample_bytree"": 0.7, ""gamma"": 0.0, ""learning_rate"": 0.07, ""max_depth"": 5, ""min_child_weight"": 1, ""n_estimators"": 250, ""subsample"": 0.7}",4,3955,0.7729456384323641,0.01218273102543982,4.179219363007506e+20,831.2673808836377,0.1010590825099642,47.74711515140971
stage2,998,57,0.52,74318,24,"{""atr_period"": 7, ""horizon_h"": 6, ""ma_windows"": [12, 24, 72], ""mtf_intervals"": [""1d""], ""ret_windows"": [1, 3, 6, 12, 24], ""rsi_period"": 7, ""target_threshold"": 0.0025, ""vol_windows"": [12, 48]}","{""colsample_bytree"": 0.7, ""gamma"": 0.2, ""learning_rate"": 0.07, ""max_depth"": 5, ""min_child_weight"": 1, ""n_estimators"": 250, ""subsample"": 1.0}",4,7255,0.6850447966919366,0.008561873560040373,3.8917257153582865e+26,831.2673808836377,0.18589459421013999,61.34964863445707
stage2,998,57,0.55,74318,24,"{""atr_period"": 7, ""horizon_h"": 6, ""ma_windows"": [12, 24, 72], ""mtf_intervals"": [""1d""], ""ret_windows"": [1, 3, 6, 12, 24], ""rsi_period"": 7, ""target_threshold"": 0.0025, ""vol_windows"": [12, 48]}","{""colsample_bytree"": 0.7, ""gamma"": 0.2, ""learning_rate"": 0.07, ""max_depth"": 5, ""min_child_weight"": 1, ""n_estimators"": 250, ""subsample"": 1.0}",4,6415,0.7047544816835541,0.009299603467964325,3.4710978572652116e+25,831.2673808836377,0.1750315517613953,58.95978289135949
stage2,998,57,0.58,74318,24,"{""atr_period"": 7, ""horizon_h"": 6, ""ma_windows"": [12, 24, 72], ""mtf_intervals"": [""1d""], ""ret_windows"": [1, 3, 6, 12, 24], ""rsi_period"": 7, ""target_threshold"": 0.0025, ""vol_windows"": [12, 48]}","{""colsample_bytree"": 0.7, ""gamma"": 0.2, ""learning_rate"": 0.07, ""max_depth"": 5, ""min_child_weight"": 1, ""n_estimators"": 250, ""subsample"": 1.0}",4,5568,0.7241379310344828,0.01004895185948056,8.960010356367072e+23,831.2673808836377,0.1750315517613953,55.324414705516496
stage2,998,57,0.6,74318,24,"{""atr_period"": 7, ""horizon_h"": 6, ""ma_windows"": [12, 24, 72], ""mtf_intervals"": [""1d""], ""ret_windows"": [1, 3, 6, 12, 24], ""rsi_period"": 7, ""target_threshold"": 0.0025, ""vol_windows"": [12, 48]}","{""colsample_bytree"": 0.7, ""gamma"": 0.2, ""learning_rate"": 0.07, ""max_depth"": 5, ""min_child_weight"": 1, ""n_estimators"": 250, ""subsample"": 1.0}",4,5067,0.738898756660746,0.010617925433120425,1.0719634589089582e+23,831.2673808836377,0.1587746678719857,53.2256241889496
stage2,998,57,0.62,74318,24,"{""atr_period"": 7, ""horizon_h"": 6, ""ma_windows"": [12, 24, 72], ""mtf_intervals"": [""1d""], ""ret_windows"": [1, 3, 6, 12, 24], ""rsi_period"": 7, ""target_threshold"": 0.0025, ""vol_windows"": [12, 48]}","{""colsample_bytree"": 0.7, ""gamma"": 0.2, ""learning_rate"": 0.07, ""max_depth"": 5, ""min_child_weight"": 1, ""n_estimators"": 250, ""subsample"": 1.0}",4,4558,0.7540587977182975,0.01124703807479225,8.776269777932111e+21,831.2673808836377,0.15877466787198558,50.7401744246331
stage2,998,57,0.65,74318,24,"{""atr_period"": 7, ""horizon_h"": 6, ""ma_windows"": [12, 24, 72], ""mtf_intervals"": [""1d""], ""ret_windows"": [1, 3, 6, 12, 24], ""rsi_period"": 7, ""target_threshold"": 0.0025, ""vol_windows"": [12, 48]}","{""colsample_bytree"": 0.7, ""gamma"": 0.2, ""learning_rate"": 0.07, ""max_depth"": 5, ""min_child_weight"": 1, ""n_estimators"": 250, ""subsample"": 1.0}",4,3888,0.7710905349794238,0.012220425409131097,2.1446172122937223e+20,831.2673808836377,0.11267891743735692,47.072959313066555
stage2,998,61,0.52,74318,24,"{""atr_period"": 7, ""horizon_h"": 6, ""ma_windows"": [12, 24, 72], ""mtf_intervals"": [""1d""], ""ret_windows"": [1, 3, 6, 12, 24], ""rsi_period"": 7, ""target_threshold"": 0.0025, ""vol_windows"": [12, 48]}","{""colsample_bytree"": 1.0, ""gamma"": 0.2, ""learning_rate"": 0.07, ""max_depth"": 5, ""min_child_weight"": 1, ""n_estimators"": 250, ""subsample"": 1.0}",4,7367,0.6811456495181214,0.008365095118273757,2.36530631797756e+26,831.2673808836377,0.29891430360607074,60.79050008150315
stage2,998,61,0.55,74318,24,"{""atr_period"": 7, ""horizon_h"": 6, ""ma_windows"": [12, 24, 72], ""mtf_intervals"": [""1d""], ""ret_windows"": [1, 3, 6, 12, 24], ""rsi_period"": 7, ""target_threshold"": 0.0025, ""vol_windows"": [12, 48]}","{""colsample_bytree"": 1.0, ""gamma"": 0.2, ""learning_rate"": 0.07, ""max_depth"": 5, ""min_child_weight"": 1, ""n_estimators"": 250, ""subsample"": 1.0}",4,6506,0.7025822317860436,0.00912623551186215,2.5817274497861187e+25,831.2673808836377,0.25211263809151163,58.62210540439191
stage2,998,61,0.58,74318,24,"{""atr_period"": 7, ""horizon_h"": 6, ""ma_windows"": [12, 24, 72], ""mtf_intervals"": [""1d""], ""ret_windows"": [1, 3, 6, 12, 24], ""rsi_period"": 7, ""target_threshold"": 0.0025, ""vol_windows"": [12, 48]}","{""colsample_bytree"": 1.0, ""gamma"": 0.2, ""learning_rate"": 0.07, ""max_depth"": 5, ""min_child_weight"": 1, ""n_estimators"": 250, ""subsample"": 1.0}",4,5651,0.7239426650150416,0.009999240237854982,1.5347313837214286e+24,831.2673808836377,0.16329037210844877,55.867900471125324
stage2,998,61,0.6,74318,24,"{""atr_period"": 7, ""horizon_h"": 6, ""ma_windows"": [12, 24, 72], ""mtf_intervals"": [""1d""], ""ret_windows"": [1, 3, 6, 12, 24], ""rsi_period"": 7, ""target_threshold"": 0.0025, ""vol_windows"": [12, 48]}","{""colsample_bytree"": 1.0, ""gamma"": 0.2, ""learning_rate"": 0.07, ""max_depth"": 5, ""min_child_weight"": 1, ""n_estimators"": 250, ""subsample"": 1.0}",4,5134,0.7378262563303467,0.010592132438157249,1.8851098673960435e+23,831.2673808836377,0.12177149869550197,53.80755555837704
stage2,998,61,0.62,74318,24,"{""atr_period"": 7, ""horizon_h"": 6, ""ma_windows"": [12, 24, 72], ""mtf_intervals"": [""1d""], ""ret_windows"": [1, 3, 6, 12, 24], ""rsi_period"": 7, ""target_threshold"": 0.0025, ""vol_windows"": [12, 48]}","{""colsample_bytree"": 1.0, ""gamma"": 0.2, ""learning_rate"": 0.07, ""max_depth"": 5, ""min_child_weight"": 1, ""n_estimators"": 250, ""subsample"": 1.0}",4,4668,0.7512853470437018,0.011194275498100174,2.319815601310918e+22,831.2673808836377,0.12177149869550197,51.72805647846679
stage2,998,61,0.65,74318,24,"{""atr_period"": 7, ""horizon_h"": 6, ""ma_windows"": [12, 24, 72], ""mtf_intervals"": [""1d""], ""ret_windows"": [1, 3, 6, 12, 24], ""rsi_period"": 7, ""target_threshold"": 0.0025, ""vol_windows"": [12, 48]}","{""colsample_bytree"": 1.0, ""gamma"": 0.2, ""learning_rate"": 0.07, ""max_depth"": 5, ""min_child_weight"": 1, ""n_estimators"": 250, ""subsample"": 1.0}",4,3974,0.7692501258178158,0.012019622816404606,2.753200134610649e+20,831.2673808836377,0.11267891743735658,47.319683404782225
stage2,998,38,0.52,74318,24,"{""atr_period"": 7, ""horizon_h"": 6, ""ma_windows"": [12, 24, 72], ""mtf_intervals"": [""1d""], ""ret_windows"": [1, 3, 6, 12, 24], ""rsi_period"": 7, ""target_threshold"": 0.0025, ""vol_windows"": [12, 48]}","{""colsample_bytree"": 1.0, ""gamma"": 0.0, ""learning_rate"": 0.03, ""max_depth"": 5, ""min_child_weight"": 5, ""n_estimators"": 250, ""subsample"": 0.7}",4,6998,0.6941983423835382,0.008814246710768936,2.5359738360211573e+26,831.2673808836377,0.18589459421013999,60.93071548782851
stage2,998,38,0.55,74318,24,"{""atr_period"": 7, ""horizon_h"": 6, ""ma_windows"": [12, 24, 72], ""mtf_intervals"": [""1d""], ""ret_windows"": [1, 3, 6, 12, 24], ""rsi_period"": 7, ""target_threshold"": 0.0025, ""vol_windows"": [12, 48]}","{""colsample_bytree"": 1.0, ""gamma"": 0.0, ""learning_rate"": 0.03, ""max_depth"": 5, ""min_child_weight"": 5, ""n_estimators"": 250, ""subsample"": 0.7}",4,6100,0.7150819672131148,0.009655726246237397,1.627893290810153e+25,831.2673808836377,0.17503155176139518,58.21370965195753
stage2,998,38,0.58,74318,24,"{""atr_period"": 7, ""horizon_h"": 6, ""ma_windows"": [12, 24, 72], ""mtf_intervals"": [""1d""], ""ret_windows"": [1, 3, 6, 12, 24], ""rsi_period"": 7, ""target_threshold"": 0.0025, ""vol_windows"": [12, 48]}","{""colsample_bytree"": 1.0, ""gamma"": 0.0, ""learning_rate"": 0.03, ""max_depth"": 5, ""min_child_weight"": 5, ""n_estimators"": 250, ""subsample"": 0.7}",4,5249,0.742427128976948,0.010696246160166996,1.0844976359030443e+24,831.2673808836377,0.1750315517613955,55.53515499982595
stage2,998,38,0.6,74318,24,"{""atr_period"": 7, ""horizon_h"": 6, ""ma_windows"": [12, 24, 72], ""mtf_intervals"": [""1d""], ""ret_windows"": [1, 3, 6, 12, 24], ""rsi_period"": 7, ""target_threshold"": 0.0025, ""vol_windows"": [12, 48]}","{""colsample_bytree"": 1.0, ""gamma"": 0.0, ""learning_rate"": 0.03, ""max_depth"": 5, ""min_child_weight"": 5, ""n_estimators"": 250, ""subsample"": 0.7}",4,4741,0.7557477325458763,0.011247112843984297,6.692179117683132e+22,831.2673808836377,0.16329037210844877,52.77074149731162
stage2,998,38,0.62,74318,24,"{""atr_period"": 7, ""horizon_h"": 6, ""ma_windows"": [12, 24, 72], ""mtf_intervals"": [""1d""], ""ret_windows"": [1, 3, 6, 12, 24], ""rsi_period"": 7, ""target_threshold"": 0.0025, ""vol_windows"": [12, 48]}","{""colsample_bytree"": 1.0, ""gamma"": 0.0, ""learning_rate"": 0.03, ""max_depth"": 5, ""min_child_weight"": 5, ""n_estimators"": 250, ""subsample"": 0.7}",4,4236,0.7700661000944287,0.011977466811589415,5.193593728544239e+21,831.2673808836377,0.11703171797382317,50.255069599258334
stage2,998,38,0.65,74318,24,"{""atr_period"": 7, ""horizon_h"": 6, ""ma_windows"": [12, 24, 72], ""mtf_intervals"": [""1d""], ""ret_windows"": [1, 3, 6, 12, 24], ""rsi_period"": 7, ""target_threshold"": 0.0025, ""vol_windows"": [12, 48]}","{""colsample_bytree"": 1.0, ""gamma"": 0.0, ""learning_rate"": 0.03, ""max_depth"": 5, ""min_child_weight"": 5, ""n_estimators"": 250, ""subsample"": 0.7}",4,3516,0.7881114903299203,0.013080080412218082,4.751927770919954e+19,831.2673808836377,0.08477639514312119,45.60040878709958
stage2,998,36,0.52,74318,24,"{""atr_period"": 7, ""horizon_h"": 6, ""ma_windows"": [12, 24, 72], ""mtf_intervals"": [""1d""], ""ret_windows"": [1, 3, 6, 12, 24], ""rsi_period"": 7, ""target_threshold"": 0.0025, ""vol_windows"": [12, 48]}","{""colsample_bytree"": 1.0, ""gamma"": 0.0, ""learning_rate"": 0.03, ""max_depth"": 5, ""min_child_weight"": 1, ""n_estimators"": 250, ""subsample"": 0.7}",4,7011,0.6936243046640993,0.008799722456022929,2.571996850695537e+26,831.2673808836377,0.18589459421013987,60.944244926036795
stage2,998,36,0.55,74318,24,"{""atr_period"": 7, ""horizon_h"": 6, ""ma_windows"": [12, 24, 72], ""mtf_intervals"": [""1d""], ""ret_windows"": [1, 3, 6, 12, 24], ""rsi_period"": 7, ""target_threshold"": 0.0025, ""vol_windows"": [12, 48]}","{""colsample_bytree"": 1.0, ""gamma"": 0.0, ""learning_rate"": 0.03, ""max_depth"": 5, ""min_child_weight"": 1, ""n_estimators"": 250, ""subsample"": 0.7}",4,6118,0.7169009480222295,0.009686313221341197,2.3423601834723968e+25,831.2673808836377,0.1750315517613954,58.57928185962329
stage2,998,36,0.58,74318,24,"{""atr_period"": 7, ""horizon_h"": 6, ""ma_windows"": [12, 24, 72], ""mtf_intervals"": [""1d""], ""ret_windows"": [1, 3, 6, 12, 24], ""rsi_period"": 7, ""target_threshold"": 0.0025, ""vol_windows"": [12, 48]}","{""colsample_bytree"": 1.0, ""gamma"": 0.0, ""learning_rate"": 0.03, ""max_depth"": 5, ""min_child_weight"": 1, ""n_estimators"": 250, ""subsample"": 0.7}",4,5251,0.7400495143782136,0.010597456992088644,6.656504014737971e+23,831.2673808836377,0.1750315517613954,55.04435505444176
stage2,998,36,0.6,74318,24,"{""atr_period"": 7, ""horizon_h"": 6, ""ma_windows"": [12, 24, 72], ""mtf_intervals"": [""1d""], ""ret_windows"": [1, 3, 6, 12, 24], ""rsi_period"": 7, ""target_threshold"": 0.0025, ""vol_windows"": [12, 48]}","{""colsample_bytree"": 1.0, ""gamma"": 0.0, ""learning_rate"": 0.03, ""max_depth"": 5, ""min_child_weight"": 1, ""n_estimators"": 250, ""subsample"": 0.7}",4,4754,0.7534707614640302,0.011200259128986857,6.215802359061751e+22,831.2673808836377,0.12942202505472455,52.711634532586885
stage2,998,36,0.62,74318,24,"{""atr_period"": 7, ""horizon_h"": 6, ""ma_windows"": [12, 24, 72], ""mtf_intervals"": [""1d""], ""ret_windows"": [1, 3, 6, 12, 24], ""rsi_period"": 7, ""target_threshold"": 0.0025, ""vol_windows"": [12, 48]}","{""colsample_bytree"": 1.0, ""gamma"": 0.0, ""learning_rate"": 0.03, ""max_depth"": 5, ""min_child_weight"": 1, ""n_estimators"": 250, ""subsample"": 0.7}",4,4252,0.7690498588899342,0.011908570493000445,4.6957401371391537e+21,831.2673808836377,0.11267891743735681,50.155111689141116
stage2,998,36,0.65,74318,24,"{""atr_period"": 7, ""horizon_h"": 6, ""ma_windows"": [12, 24, 72], ""mtf_intervals"": [""1d""], ""ret_windows"": [1, 3, 6, 12, 24], ""rsi_period"": 7, ""target_threshold"": 0.0025, ""vol_windows"": [12, 48]}","{""colsample_bytree"": 1.0, ""gamma"": 0.0, ""learning_rate"": 0.03, ""max_depth"": 5, ""min_child_weight"": 1, ""n_estimators"": 250, ""subsample"": 0.7}",4,3545,0.7861777150916784,0.013009740309921212,5.424252176698836e+19,831.2673808836377,0.07092643614738758,45.73755368567744
stage2,998,32,0.52,74318,24,"{""atr_period"": 7, ""horizon_h"": 6, ""ma_windows"": [12, 24, 72], ""mtf_intervals"": [""1d""], ""ret_windows"": [1, 3, 6, 12, 24], ""rsi_period"": 7, ""target_threshold"": 0.0025, ""vol_windows"": [12, 48]}","{""colsample_bytree"": 0.7, ""gamma"": 0.0, ""learning_rate"": 0.03, ""max_depth"": 5, ""min_child_weight"": 1, ""n_estimators"": 250, ""subsample"": 0.7}",4,6934,0.6962792039226997,0.008849760100036191,1.851104848824812e+26,831.2673808836377,0.18589459421013999,60.61786924108752
stage2,998,32,0.55,74318,24,"{""atr_period"": 7, ""horizon_h"": 6, ""ma_windows"": [12, 24, 72], ""mtf_intervals"": [""1d""], ""ret_windows"": [1, 3, 6, 12, 24], ""rsi_period"": 7, ""target_threshold"": 0.0025, ""vol_windows"": [12, 48]}","{""colsample_bytree"": 0.7, ""gamma"": 0.0, ""learning_rate"": 0.03, ""max_depth"": 5, ""min_child_weight"": 1, ""n_estimators"": 250, ""subsample"": 0.7}",4,5985,0.7194653299916458,0.009802100744159813,1.305080001815289e+25,831.2673808836377,0.18589459421013999,57.99193344066133
stage2,998,32,0.58,74318,24,"{""atr_period"": 7, ""horizon_h"": 6, ""ma_windows"": [12, 24, 72], ""mtf_intervals"": [""1d""], ""ret_windows"": [1, 3, 6, 12, 24], ""rsi_period"": 7, ""target_threshold"": 0.0025, ""vol_windows"": [12, 48]}","{""colsample_bytree"": 0.7, ""gamma"": 0.0, ""learning_rate"": 0.03, ""max_depth"": 5, ""min_child_weight"": 1, ""n_estimators"": 250, ""subsample"": 0.7}",4,5175,0.7397101449275363,0.010724103543986771,5.7154224709863775e+23,831.2673808836377,0.17503155176139562,54.892670524973084
stage2,998,32,0.6,74318,24,"{""atr_period"": 7, ""horizon_h"": 6, ""ma_windows"": [12, 24, 72], ""mtf_intervals"": [""1d""], ""ret_windows"": [1, 3, 6, 12, 24], ""rsi_period"": 7, ""target_threshold"": 0.0025, ""vol_windows"": [12, 48]}","{""colsample_bytree"": 0.7, ""gamma"": 0.0, ""learning_rate"": 0.03, ""max_depth"": 5, ""min_child_weight"": 1, ""n_estimators"": 250, ""subsample"": 0.7}",4,4618,0.7561715028150715,0.01135437634199006,2.7765245056294746e+22,831.2673808836377,0.1340952945099929,51.90679657934917
stage2,998,32,0.62,74318,24,"{""atr_period"": 7, ""horizon_h"": 6, ""ma_windows"": [12, 24, 72], ""mtf_intervals"": [""1d""], ""ret_windows"": [1, 3, 6, 12, 24], ""rsi_period"": 7, ""target_threshold"": 0.0025, ""vol_windows"": [12, 48]}","{""colsample_bytree"": 0.7, ""gamma"": 0.0, ""learning_rate"": 0.03, ""max_depth"": 5, ""min_child_weight"": 1, ""n_estimators"": 250, ""subsample"": 0.7}",4,4114,0.7676227515799708,0.011999960950837392,1.3397017753831035e+21,831.2673808836377,0.11703171797382317,48.898316016268105
stage2,998,32,0.65,74318,24,"{""atr_period"": 7, ""horizon_h"": 6, ""ma_windows"": [12, 24, 72], ""mtf_intervals"": [""1d""], ""ret_windows"": [1, 3, 6, 12, 24], ""rsi_period"": 7, ""target_threshold"": 0.0025, ""vol_windows"": [12, 48]}","{""colsample_bytree"": 0.7, ""gamma"": 0.0, ""learning_rate"": 0.03, ""max_depth"": 5, ""min_child_weight"": 1, ""n_estimators"": 250, ""subsample"": 0.7}",4,3432,0.7855477855477856,0.013219067953086043,2.56891883208102e+19,831.2673808836377,0.09220607331092212,44.980689624781256
stage2,998,42,0.52,74318,24,"{""atr_period"": 7, ""horizon_h"": 6, ""ma_windows"": [12, 24, 72], ""mtf_intervals"": [""1d""], ""ret_windows"": [1, 3, 6, 12, 24], ""rsi_period"": 7, ""target_threshold"": 0.0025, ""vol_windows"": [12, 48]}","{""colsample_bytree"": 0.7, ""gamma"": 0.0, ""learning_rate"": 0.03, ""max_depth"": 5, ""min_child_weight"": 5, ""n_estimators"": 250, ""subsample"": 1.0}",4,6983,0.6926822282686524,0.008774804629139325,1.693726629379237e+26,831.2673808836377,0.18589459421013987,60.52554054778635
stage2,998,42,0.55,74318,24,"{""atr_period"": 7, ""horizon_h"": 6, ""ma_windows"": [12, 24, 72], ""mtf_intervals"": [""1d""], ""ret_windows"": [1, 3, 6, 12, 24], ""rsi_period"": 7, ""target_threshold"": 0.0025, ""vol_windows"": [12, 48]}","{""colsample_bytree"": 0.7, ""gamma"": 0.0, ""learning_rate"": 0.03, ""max_depth"": 5, ""min_child_weight"": 5, ""n_estimators"": 250, ""subsample"": 1.0}",4,6030,0.7180762852404643,0.009747472190952289,1.4520825273186805e+25,831.2673808836377,0.18589459421013999,58.097119585249835
stage2,998,42,0.58,74318,24,"{""atr_period"": 7, ""horizon_h"": 6, ""ma_windows"": [12, 24, 72], ""mtf_intervals"": [""1d""], ""ret_windows"": [1, 3, 6, 12, 24], ""rsi_period"": 7, ""target_threshold"": 0.0025, ""vol_windows"": [12, 48]}","{""colsample_bytree"": 0.7, ""gamma"": 0.0, ""learning_rate"": 0.03, ""max_depth"": 5, ""min_child_weight"": 5, ""n_estimators"": 250, ""subsample"": 1.0}",4,5189,0.7379071111967623,0.010623347620060746,3.946998639662621e+23,831.2673808836377,0.17503155176139573,54.520209284929926
stage2,998,42,0.6,74318,24,"{""atr_period"": 7, ""horizon_h"": 6, ""ma_windows"": [12, 24, 72], ""mtf_intervals"": [""1d""], ""ret_windows"": [1, 3, 6, 12, 24], ""rsi_period"": 7, ""target_threshold"": 0.0025, ""vol_windows"": [12, 48]}","{""colsample_bytree"": 0.7, ""gamma"": 0.0, ""learning_rate"": 0.03, ""max_depth"": 5, ""min_child_weight"": 5, ""n_estimators"": 250, ""subsample"": 1.0}",4,4648,0.7508605851979346,0.011267048629842116,2.591626130566635e+22,831.2673808836377,0.1750315517613955,51.81246665552134
stage2,998,42,0.62,74318,24,"{""atr_period"": 7, ""horizon_h"": 6, ""ma_windows"": [12, 24, 72], ""mtf_intervals"": [""1d""], ""ret_windows"": [1, 3, 6, 12, 24], ""rsi_period"": 7, ""target_threshold"": 0.0025, ""vol_windows"": [12, 48]}","{""colsample_bytree"": 0.7, ""gamma"": 0.0, ""learning_rate"": 0.03, ""max_depth"": 5, ""min_child_weight"": 5, ""n_estimators"": 250, ""subsample"": 1.0}",4,4116,0.7653061224489796,0.011990014662699238,1.315023920488569e+21,831.2673808836377,0.11703171797382317,48.87779096509871
stage2,998,42,0.65,74318,24,"{""atr_period"": 7, ""horizon_h"": 6, ""ma_windows"": [12, 24, 72], ""mtf_intervals"": [""1d""], ""ret_windows"": [1, 3, 6, 12, 24], ""rsi_period"": 7, ""target_threshold"": 0.0025, ""vol_windows"": [12, 48]}","{""colsample_bytree"": 0.7, ""gamma"": 0.0, ""learning_rate"": 0.03, ""max_depth"": 5, ""min_child_weight"": 5, ""n_estimators"": 250, ""subsample"": 1.0}",4,3421,0.7839812920198772,0.01317246698375059,1.901417774235755e+19,831.2673808836377,0.0847763951431213,44.68189314367326
stage2,998,44,0.52,74318,24,"{""atr_period"": 7, ""horizon_h"": 6, ""ma_windows"": [12, 24, 72], ""mtf_intervals"": [""1d""], ""ret_windows"": [1, 3, 6, 12, 24], ""rsi_period"": 7, ""target_threshold"": 0.0025, ""vol_windows"": [12, 48]}","{""colsample_bytree"": 1.0, ""gamma"": 0.0, ""learning_rate"": 0.03, ""max_depth"": 5, ""min_child_weight"": 1, ""n_estimators"": 250, ""subsample"": 1.0}",4,6989,0.6913721562455287,0.008773051174360919,1.7631508496239104e+26,831.2673808836377,0.17503155176139562,60.57008124027671
stage2,998,44,0.55,74318,24,"{""atr_period"": 7, ""horizon_h"": 6, ""ma_windows"": [12, 24, 72], ""mtf_intervals"": [""1d""], ""ret_windows"": [1, 3, 6, 12, 24], ""rsi_period"": 7, ""target_threshold"": 0.0025, ""vol_windows"": [12, 48]}","{""colsample_bytree"": 1.0, ""gamma"": 0.0, ""learning_rate"": 0.03, ""max_depth"": 5, ""min_child_weight"": 1, ""n_estimators"": 250, ""subsample"": 1.0}",4,6106,0.7124140189977072,0.009582340420238963,1.1138540423981803e+25,831.2673808836377,0.17503155176139518,57.83152759926504
stage2,998,44,0.58,74318,24,"{""atr_period"": 7, ""horizon_h"": 6, ""ma_windows"": [12, 24, 72], ""mtf_intervals"": [""1d""], ""ret_windows"": [1, 3, 6, 12, 24], ""rsi_period"": 7, ""target_threshold"": 0.0025, ""vol_windows"": [12, 48]}","{""colsample_bytree"": 1.0, ""gamma"": 0.0, ""learning_rate"": 0.03, ""max_depth"": 5, ""min_child_weight"": 1, ""n_estimators"": 250, ""subsample"": 1.0}",4,5250,0.7384761904761905,0.01053525282384789,4.756614423277766e+23,831.2673808836377,0.16329037210844888,54.712411087347704
stage2,998,44,0.6,74318,24,"{""atr_period"": 7, ""horizon_h"": 6, ""ma_windows"": [12, 24, 72], ""mtf_intervals"": [""1d""], ""ret_windows"": [1, 3, 6, 12, 24], ""rsi_period"": 7, ""target_threshold"": 0.0025, ""vol_windows"": [12, 48]}","{""colsample_bytree"": 1.0, ""gamma"": 0.0, ""learning_rate"": 0.03, ""max_depth"": 5, ""min_child_weight"": 1, ""n_estimators"": 250, ""subsample"": 1.0}",4,4736,0.7504222972972973,0.011158790312329114,4.187781261548311e+22,831.2673808836377,0.163290372108449,52.297006081983746
stage2,998,44,0.62,74318,24,"{""atr_period"": 7, ""horizon_h"": 6, ""ma_windows"": [12, 24, 72], ""mtf_intervals"": [""1d""], ""ret_windows"": [1, 3, 6, 12, 24], ""rsi_period"": 7, ""target_threshold"": 0.0025, ""vol_windows"": [12, 48]}","{""colsample_bytree"": 1.0, ""gamma"": 0.0, ""learning_rate"": 0.03, ""max_depth"": 5, ""min_child_weight"": 1, ""n_estimators"": 250, ""subsample"": 1.0}",4,4233,0.7616347743916844,0.011771235591292799,2.1049395149544502e+21,831.2673808836377,0.16329037210844866,49.32040620379755
stage2,998,44,0.65,74318,24,"{""atr_period"": 7, ""horizon_h"": 6, ""ma_windows"": [12, 24, 72], ""mtf_intervals"": [""1d""], ""ret_windows"": [1, 3, 6, 12, 24], ""rsi_period"": 7, ""target_threshold"": 0.0025, ""vol_windows"": [12, 48]}","{""colsample_bytree"": 1.0, ""gamma"": 0.0, ""learning_rate"": 0.03, ""max_depth"": 5, ""min_child_weight"": 1, ""n_estimators"": 250, ""subsample"": 1.0}",4,3488,0.7852637614678899,0.012970116447831541,2.2665488819171975e+19,831.2673808836377,0.08565449115048274,44.85651982037232
stage2,998,23,0.52,74318,24,"{""atr_period"": 7, ""horizon_h"": 6, ""ma_windows"": [12, 24, 72], ""mtf_intervals"": [""1d""], ""ret_windows"": [1, 3, 6, 12, 24], ""rsi_period"": 7, ""target_threshold"": 0.0025, ""vol_windows"": [12, 48]}","{""colsample_bytree"": 1.0, ""gamma"": 0.2, ""learning_rate"": 0.07, ""max_depth"": 3, ""min_child_weight"": 5, ""n_estimators"": 250, ""subsample"": 0.7}",4,6693,0.6938592559390407,0.008918814232659571,3.5329489912517235e+25,831.2673808836377,0.18835120293288232,58.95902257246975
stage2,998,23,0.55,74318,24,"{""atr_period"": 7, ""horizon_h"": 6, ""ma_windows"": [12, 24, 72], ""mtf_intervals"": [""1d""], ""ret_windows"": [1, 3, 6, 12, 24], ""rsi_period"": 7, ""target_threshold"": 0.0025, ""vol_windows"": [12, 48]}","{""colsample_bytree"": 1.0, ""gamma"": 0.2, ""learning_rate"": 0.07, ""max_depth"": 3, ""min_child_weight"": 5, ""n_estimators"": 250, ""subsample"": 0.7}",4,5773,0.7148796119868353,0.009836836786864915,2.029866670119446e+24,831.2673808836377,0.1858945942101401,56.12766342978899
stage2,998,23,0.58,74318,24,"{""atr_period"": 7, ""horizon_h"": 6, ""ma_windows"": [12, 24, 72], ""mtf_intervals"": [""1d""], ""ret_windows"": [1, 3, 6, 12, 24], ""rsi_period"": 7, ""target_threshold"": 0.0025, ""vol_windows"": [12, 48]}","{""colsample_bytree"": 1.0, ""gamma"": 0.2, ""learning_rate"": 0.07, ""max_depth"": 3, ""min_child_weight"": 5, ""n_estimators"": 250, ""subsample"": 0.7}",4,4930,0.7352941176470589,0.010763751176965862,5.109674272375119e+22,831.2673808836377,0.1750315517613955,52.47483723253049
stage2,998,23,0.6,74318,24,"{""atr_period"": 7, ""horizon_h"": 6, ""ma_windows"": [12, 24, 72], ""mtf_intervals"": [""1d""], ""ret_windows"": [1, 3, 6, 12, 24], ""rsi_period"": 7, ""target_threshold"": 0.0025, ""vol_windows"": [12, 48]}","{""colsample_bytree"": 1.0, ""gamma"": 0.2, ""learning_rate"": 0.07, ""max_depth"": 3, ""min_child_weight"": 5, ""n_estimators"": 250, ""subsample"": 0.7}",4,4414,0.7501132759401903,0.011455468348554943,4.333555350421174e+21,831.2673808836377,0.13409529450999313,50.04536197535411
stage2,998,23,0.62,74318,24,"{""atr_period"": 7, ""horizon_h"": 6, ""ma_windows"": [12, 24, 72], ""mtf_intervals"": [""1d""], ""ret_windows"": [1, 3, 6, 12, 24], ""rsi_period"": 7, ""target_threshold"": 0.0025, ""vol_windows"": [12, 48]}","{""colsample_bytree"": 1.0, ""gamma"": 0.2, ""learning_rate"": 0.07, ""max_depth"": 3, ""min_child_weight"": 5, ""n_estimators"": 250, ""subsample"": 0.7}",4,3935,0.7621346886912326,0.012027604056100451,1.773597992178926e+20,831.2673808836377,0.11267891743735681,46.87430123182366
stage2,998,23,0.65,74318,24,"{""atr_period"": 7, ""horizon_h"": 6, ""ma_windows"": [12, 24, 72], ""mtf_intervals"": [""1d""], ""ret_windows"": [1, 3, 6, 12, 24], ""rsi_period"": 7, ""target_threshold"": 0.0025, ""vol_windows"": [12, 48]}","{""colsample_bytree"": 1.0, ""gamma"": 0.2, ""learning_rate"": 0.07, ""max_depth"": 3, ""min_child_weight"": 5, ""n_estimators"": 250, ""subsample"": 0.7}",4,3241,0.7769207034865783,0.013191075519237887,1.9221189692617482e+18,831.2673808836377,0.08477639514312107,42.38463685057625
stage2,3811,51,0.52,74772,27,"{""atr_period"": 7, ""horizon_h"": 6, ""ma_windows"": [6, 18, 72], ""mtf_intervals"": [""4h"", ""1d""], ""ret_windows"": [1, 2, 4, 8, 24], ""rsi_period"": 21, ""target_threshold"": 0.004, ""vol_windows"": [24, 72]}","{""colsample_bytree"": 0.7, ""gamma"": 0.2, ""learning_rate"": 0.07, ""max_depth"": 5, ""min_child_weight"": 5, ""n_estimators"": 250, ""subsample"": 0.7}",4,5152,0.7236024844720497,0.011564039387031164,3.257459231320099e+25,2192.578913547333,0.18328193964211204,58.92532817231485
stage2,3811,51,0.55,74772,27,"{""atr_period"": 7, ""horizon_h"": 6, ""ma_windows"": [6, 18, 72], ""mtf_intervals"": [""4h"", ""1d""], ""ret_windows"": [1, 2, 4, 8, 24], ""rsi_period"": 21, ""target_threshold"": 0.004, ""vol_windows"": [24, 72]}","{""colsample_bytree"": 0.7, ""gamma"": 0.2, ""learning_rate"": 0.07, ""max_depth"": 5, ""min_child_weight"": 5, ""n_estimators"": 250, ""subsample"": 0.7}",4,4556,0.7478050921861282,0.012411350236622246,1.6280872846339036e+24,2192.578913547333,0.14888265385233457,55.97254166135593
stage2,3811,51,0.58,74772,27,"{""atr_period"": 7, ""horizon_h"": 6, ""ma_windows"": [6, 18, 72], ""mtf_intervals"": [""4h"", ""1d""], ""ret_windows"": [1, 2, 4, 8, 24], ""rsi_period"": 21, ""target_threshold"": 0.004, ""vol_windows"": [24, 72]}","{""colsample_bytree"": 0.7, ""gamma"": 0.2, ""learning_rate"": 0.07, ""max_depth"": 5, ""min_child_weight"": 5, ""n_estimators"": 250, ""subsample"": 0.7}",4,4003,0.7706719960029977,0.013321830753195568,6.752031584261491e+22,2192.578913547333,0.1256789786432766,52.82698823442189
stage2,3811,51,0.6,74772,27,"{""atr_period"": 7, ""horizon_h"": 6, ""ma_windows"": [6, 18, 72], ""mtf_intervals"": [""4h"", ""1d""], ""ret_windows"": [1, 2, 4, 8, 24], ""rsi_period"": 21, ""target_threshold"": 0.004, ""vol_windows"": [24, 72]}","{""colsample_bytree"": 0.7, ""gamma"": 0.2, ""learning_rate"": 0.07, ""max_depth"": 5, ""min_child_weight"": 5, ""n_estimators"": 250, ""subsample"": 0.7}",4,3704,0.7848272138228942,0.013894694612078415,1.0716468830253603e+22,2192.578913547333,0.1256789786432767,51.00224849272386
stage2,3811,51,0.62,74772,27,"{""atr_period"": 7, ""horizon_h"": 6, ""ma_windows"": [6, 18, 72], ""mtf_intervals"": [""4h"", ""1d""], ""ret_windows"": [1, 2, 4, 8, 24], ""rsi_period"": 21, ""target_threshold"": 0.004, ""vol_windows"": [24, 72]}","{""colsample_bytree"": 0.7, ""gamma"": 0.2, ""learning_rate"": 0.07, ""max_depth"": 5, ""min_child_weight"": 5, ""n_estimators"": 250, ""subsample"": 0.7}",4,3390,0.7967551622418879,0.014406374227794791,7.951039924512403e+20,2192.578913547333,0.1256789786432766,48.41482022240152
stage2,3811,51,0.65,74772,27,"{""atr_period"": 7, ""horizon_h"": 6, ""ma_windows"": [6, 18, 72], ""mtf_intervals"": [""4h"", ""1d""], ""ret_windows"": [1, 2, 4, 8, 24], ""rsi_period"": 21, ""target_threshold"": 0.004, ""vol_windows"": [24, 72]}","{""colsample_bytree"": 0.7, ""gamma"": 0.2, ""learning_rate"": 0.07, ""max_depth"": 5, ""min_child_weight"": 5, ""n_estimators"": 250, ""subsample"": 0.7}",4,2969,0.8144156281576288,0.015309156126133074,2.8174103953018655e+19,2192.578913547333,0.05465259221013519,45.131614385833316
stage2,3811,58,0.52,74772,27,"{""atr_period"": 7, ""horizon_h"": 6, ""ma_windows"": [6, 18, 72], ""mtf_intervals"": [""4h"", ""1d""], ""ret_windows"": [1, 2, 4, 8, 24], ""rsi_period"": 21, ""target_threshold"": 0.004, ""vol_windows"": [24, 72]}","{""colsample_bytree"": 0.7, ""gamma"": 0.0, ""learning_rate"": 0.07, ""max_depth"": 5, ""min_child_weight"": 5, ""n_estimators"": 250, ""subsample"": 1.0}",4,5132,0.7223304754481683,0.011571277187651876,2.6876993949183613e+25,2192.578913547333,0.18328193964211215,58.73210653704941
stage2,3811,58,0.55,74772,27,"{""atr_period"": 7, ""horizon_h"": 6, ""ma_windows"": [6, 18, 72], ""mtf_intervals"": [""4h"", ""1d""], ""ret_windows"": [1, 2, 4, 8, 24], ""rsi_period"": 21, ""target_threshold"": 0.004, ""vol_windows"": [24, 72]}","{""colsample_bytree"": 0.7, ""gamma"": 0.0, ""learning_rate"": 0.07, ""max_depth"": 5, ""min_child_weight"": 5, ""n_estimators"": 250, ""subsample"": 1.0}",4,4537,0.7392550143266475,0.012341603911187372,9.488706345381162e+23,2192.578913547333,0.09735338350097478,55.45101957553044
stage2,3811,58,0.58,74772,27,"{""atr_period"": 7, ""horizon_h"": 6, ""ma_windows"": [6, 18, 72], ""mtf_intervals"": [""4h"", ""1d""], ""ret_windows"": [1, 2, 4, 8, 24], ""rsi_period"": 21, ""target_threshold"": 0.004, ""vol_windows"": [24, 72]}","{""colsample_bytree"": 0.7, ""gamma"": 0.0, ""learning_rate"": 0.07, ""max_depth"": 5, ""min_child_weight"": 5, ""n_estimators"": 250, ""subsample"": 1.0}",4,3988,0.7655466399197592,0.013271501315884953,4.5558622979315066e+22,2192.578913547333,0.0922060733109219,52.445793152469996
stage2,3811,58,0.6,74772,27,"{""atr_period"": 7, ""horizon_h"": 6, ""ma_windows"": [6, 18, 72], ""mtf_intervals"": [""4h"", ""1d""], ""ret_windows"": [1, 2, 4, 8, 24], ""rsi_period"": 21, ""target_threshold"": 0.004, ""vol_windows"": [24, 72]}","{""colsample_bytree"": 0.7, ""gamma"": 0.0, ""learning_rate"": 0.07, ""max_depth"": 5, ""min_child_weight"": 5, ""n_estimators"": 250, ""subsample"": 1.0}",4,3695,0.7794316644113667,0.013807868071693891,6.938432985297255e+21,2192.578913547333,0.07092643614738736,50.58990796530142
stage2,3811,58,0.62,74772,27,"{""atr_period"": 7, ""horizon_h"": 6, ""ma_windows"": [6, 18, 72], ""mtf_intervals"": [""4h"", ""1d""], ""ret_windows"": [1, 2, 4, 8, 24], ""rsi_period"": 21, ""target_threshold"": 0.004, ""vol_windows"": [24, 72]}","{""colsample_bytree"": 0.7, ""gamma"": 0.0, ""learning_rate"": 0.07, ""max_depth"": 5, ""min_child_weight"": 5, ""n_estimators"": 250, ""subsample"": 1.0}",4,3341,0.7976653696498055,0.014510787003711296,5.6291044170489856e+20,2192.578913547333,0.07092643614738747,48.09840758970653
stage2,3811,58,0.65,74772,27,"{""atr_period"": 7, ""horizon_h"": 6, ""ma_windows"": [6, 18, 72], ""mtf_intervals"": [""4h"", ""1d""], ""ret_windows"": [1, 2, 4, 8, 24], ""rsi_period"": 21, ""target_threshold"": 0.004, ""vol_windows"": [24, 72]}","{""colsample_bytree"": 0.7, ""gamma"": 0.0, ""learning_rate"": 0.07, ""max_depth"": 5, ""min_child_weight"": 5, ""n_estimators"": 250, ""subsample"": 1.0}",4,2894,0.8158258465791293,0.01548910826860531,1.5108685769174065e+19,2192.578913547333,0.0709264361473877,44.50291179418014
stage2,3811,50,0.52,74772,27,"{""atr_period"": 7, ""horizon_h"": 6, ""ma_windows"": [6, 18, 72], ""mtf_intervals"": [""4h"", ""1d""], ""ret_windows"": [1, 2, 4, 8, 24], ""rsi_period"": 21, ""target_threshold"": 0.004, ""vol_windows"": [24, 72]}","{""colsample_bytree"": 0.7, ""gamma"": 0.0, ""learning_rate"": 0.07, ""max_depth"": 5, ""min_child_weight"": 5, ""n_estimators"": 250, ""subsample"": 0.7}",4,5169,0.7233507448249178,0.011537322582683895,3.4580932466202954e+25,2192.578913547333,0.14888265385233457,59.001882526821156
stage2,3811,50,0.55,74772,27,"{""atr_period"": 7, ""horizon_h"": 6, ""ma_windows"": [6, 18, 72], ""mtf_intervals"": [""4h"", ""1d""], ""ret_windows"": [1, 2, 4, 8, 24], ""rsi_period"": 21, ""target_threshold"": 0.004, ""vol_windows"": [24, 72]}","{""colsample_bytree"": 0.7, ""gamma"": 0.0, ""learning_rate"": 0.07, ""max_depth"": 5, ""min_child_weight"": 5, ""n_estimators"": 250, ""subsample"": 0.7}",4,4582,0.74443474465299,0.012306587793002,1.3908978127317727e+24,2192.578913547333,0.1256789786432766,55.82315268767552
stage2,3811,50,0.58,74772,27,"{""atr_period"": 7, ""horizon_h"": 6, ""ma_windows"": [6, 18, 72], ""mtf_intervals"": [""4h"", ""1d""], ""ret_windows"": [1, 2, 4, 8, 24], ""rsi_period"": 21, ""target_threshold"": 0.004, ""vol_windows"": [24, 72]}","{""colsample_bytree"": 0.7, ""gamma"": 0.0, ""learning_rate"": 0.07, ""max_depth"": 5, ""min_child_weight"": 5, ""n_estimators"": 250, ""subsample"": 0.7}",4,4051,0.7686990866452728,0.013245941583833786,9.372248683628417e+22,2192.578913547333,0.1256789786432767,53.15271241357258
stage2,3811,50,0.6,74772,27,"{""atr_period"": 7, ""horizon_h"": 6, ""ma_windows"": [6, 18, 72], ""mtf_intervals"": [""4h"", ""1d""], ""ret_windows"": [1, 2, 4, 8, 24], ""rsi_period"": 21, ""target_threshold"": 0.004, ""vol_windows"": [24, 72]}","{""colsample_bytree"": 0.7, ""gamma"": 0.0, ""learning_rate"": 0.07, ""max_depth"": 5, ""min_child_weight"": 5, ""n_estimators"": 250, ""subsample"": 0.7}",4,3732,0.782422293676313,0.013811110581821547,1.1548815166864076e+22,2192.578913547333,0.09398504840013067,51.09030399702084
stage2,3811,50,0.62,74772,27,"{""atr_period"": 7, ""horizon_h"": 6, ""ma_windows"": [6, 18, 72], ""mtf_intervals"": [""4h"", ""1d""], ""ret_windows"": [1, 2, 4, 8, 24], ""rsi_period"": 21, ""target_threshold"": 0.004, ""vol_windows"": [24, 72]}","{""colsample_bytree"": 0.7, ""gamma"": 0.0, ""learning_rate"": 0.07, ""max_depth"": 5, ""min_child_weight"": 5, ""n_estimators"": 250, ""subsample"": 0.7}",4,3391,0.7953406074904158,0.014433853666097136,8.916814138849148e+20,2192.578913547333,0.07884120533897354,48.55196329600603
stage2,3811,50,0.65,74772,27,"{""atr_period"": 7, ""horizon_h"": 6, ""ma_windows"": [6, 18, 72], ""mtf_intervals"": [""4h"", ""1d""], ""ret_windows"": [1, 2, 4, 8, 24], ""rsi_period"": 21, ""target_threshold"": 0.004, ""vol_windows"": [24, 72]}","{""colsample_bytree"": 0.7, ""gamma"": 0.0, ""learning_rate"": 0.07, ""max_depth"": 5, ""min_child_weight"": 5, ""n_estimators"": 250, ""subsample"": 0.7}",4,2956,0.8146143437077131,0.015375017886174345,2.7982657698104107e+19,2192.578913547333,0.07899211691902874,45.113312183851676
stage2,3811,48,0.52,74772,27,"{""atr_period"": 7, ""horizon_h"": 6, ""ma_windows"": [6, 18, 72], ""mtf_intervals"": [""4h"", ""1d""], ""ret_windows"": [1, 2, 4, 8, 24], ""rsi_period"": 21, ""target_threshold"": 0.004, ""vol_windows"": [24, 72]}","{""colsample_bytree"": 0.7, ""gamma"": 0.0, ""learning_rate"": 0.07, ""max_depth"": 5, ""min_child_weight"": 1, ""n_estimators"": 250, ""subsample"": 0.7}",4,5168,0.7238777089783281,0.01156498995075114,3.945316985072794e+25,2192.578913547333,0.21341759416310058,59.10206991672389
stage2,3811,48,0.55,74772,27,"{""atr_period"": 7, ""horizon_h"": 6, ""ma_windows"": [6, 18, 72], ""mtf_intervals"": [""4h"", ""1d""], ""ret_windows"": [1, 2, 4, 8, 24], ""rsi_period"": 21, ""target_threshold"": 0.004, ""vol_windows"": [24, 72]}","{""colsample_bytree"": 0.7, ""gamma"": 0.0, ""learning_rate"": 0.07, ""max_depth"": 5, ""min_child_weight"": 1, ""n_estimators"": 250, ""subsample"": 0.7}",4,4585,0.7465648854961832,0.012364046203808687,1.8788877984530966e+24,2192.578913547333,0.20214429641625353,56.087814366888445
stage2,3811,48,0.58,74772,27,"{""atr_period"": 7, ""horizon_h"": 6, ""ma_windows"": [6, 18, 72], ""mtf_intervals"": [""4h"", ""1d""], ""ret_windows"": [1, 2, 4, 8, 24], ""rsi_period"": 21, ""target_threshold"": 0.004, ""vol_windows"": [24, 72]}","{""colsample_bytree"": 0.7, ""gamma"": 0.0, ""learning_rate"": 0.07, ""max_depth"": 5, ""min_child_weight"": 1, ""n_estimators"": 250, ""subsample"": 0.7}",4,4084,0.7693437806072478,0.013230593665865818,1.3567368903498495e+23,2192.578913547333,0.16101607854118194,53.505351344780614
stage2,3811,48,0.6,74772,27,"{""atr_period"": 7, ""horizon_h"": 6, ""ma_windows"": [6, 18, 72], ""mtf_intervals"": [""4h"", ""1d""], ""ret_windows"": [1, 2, 4, 8, 24], ""rsi_period"": 21, ""target_threshold"": 0.004, ""vol_windows"": [24, 72]}","{""colsample_bytree"": 0.7, ""gamma"": 0.0, ""learning_rate"": 0.07, ""max_depth"": 5, ""min_child_weight"": 1, ""n_estimators"": 250, ""subsample"": 0.7}",4,3746,0.7813667912439936,0.013745678849527298,1.0950903570918887e+22,2192.578913547333,0.1256789786432766,51.01992829809496
stage2,3811,48,0.62,74772,27,"{""atr_period"": 7, ""horizon_h"": 6, ""ma_windows"": [6, 18, 72], ""mtf_intervals"": [""4h"", ""1d""], ""ret_windows"": [1, 2, 4, 8, 24], ""rsi_period"": 21, ""target_threshold"": 0.004, ""vol_windows"": [24, 72]}","{""colsample_bytree"": 0.7, ""gamma"": 0.0, ""learning_rate"": 0.07, ""max_depth"": 5, ""min_child_weight"": 1, ""n_estimators"": 250, ""subsample"": 0.7}",4,3434,0.7958648806057076,0.014342530911561527,1.198311515169868e+21,2192.578913547333,0.1256789786432767,48.82379311057902
stage2,3811,48,0.65,74772,27,"{""atr_period"": 7, ""horizon_h"": 6, ""ma_windows"": [6, 18, 72], ""mtf_intervals"": [""4h"", ""1d""], ""ret_windows"": [1, 2, 4, 8, 24], ""rsi_period"": 21, ""target_threshold"": 0.004, ""vol_windows"": [24, 72]}","{""colsample_bytree"": 0.7, ""gamma"": 0.0, ""learning_rate"": 0.07, ""max_depth"": 5, ""min_child_weight"": 1, ""n_estimators"": 250, ""subsample"": 0.7}",4,2982,0.8148893360160966,0.015268935788591124,3.073505785779529e+19,2192.578913547333,0.07422883788216628,45.208884162903146
stage2,3811,57,0.52,74772,27,"{""atr_period"": 7, ""horizon_h"": 6, ""ma_windows"": [6, 18, 72], ""mtf_intervals"": [""4h"", ""1d""], ""ret_windows"": [1, 2, 4, 8, 24], ""rsi_period"": 21, ""target_threshold"": 0.004, ""vol_windows"": [24, 72]}","{""colsample_bytree"": 0.7, ""gamma"": 0.2, ""learning_rate"": 0.07, ""max_depth"": 5, ""min_child_weight"": 1, ""n_estimators"": 250, ""subsample"": 1.0}",4,5109,0.725778038755138,0.011641807758313609,2.9543886673874245e+25,2192.578913547333,0.18328193964211204,58.830034996807235
stage2,3811,57,0.55,74772,27,"{""atr_period"": 7, ""horizon_h"": 6, ""ma_windows"": [6, 18, 72], ""mtf_intervals"": [""4h"", ""1d""], ""ret_windows"": [1, 2, 4, 8, 24], ""rsi_period"": 21, ""target_threshold"": 0.004, ""vol_windows"": [24, 72]}","{""colsample_bytree"": 0.7, ""gamma"": 0.2, ""learning_rate"": 0.07, ""max_depth"": 5, ""min_child_weight"": 1, ""n_estimators"": 250, ""subsample"": 1.0}",4,4482,0.750780901383311,0.012556440611070254,1.2509013226775478e+24,2192.578913547333,0.14888265385233457,55.71254150054486
stage2,3811,57,0.58,74772,27,"{""atr_period"": 7, ""horizon_h"": 6, ""ma_windows"": [6, 18, 72], ""mtf_intervals"": [""4h"", ""1d""], ""ret_windows"": [1, 2, 4, 8, 24], ""rsi_period"": 21, ""target_threshold"": 0.004, ""vol_windows"": [24, 72]}","{""colsample_bytree"": 0.7, ""gamma"": 0.2, ""learning_rate"": 0.07, ""max_depth"": 5, ""min_child_weight"": 1, ""n_estimators"": 250, ""subsample"": 1.0}",4,3973,0.7679335514724389,0.013334057711815294,4.785036991964382e+22,2192.578913547333,0.07092643614738758,52.50792188636087
stage2,3811,57,0.6,74772,27,"{""atr_period"": 7, ""horizon_h"": 6, ""ma_windows"": [6, 18, 72], ""mtf_intervals"": [""4h"", ""1d""], ""ret_windows"": [1, 2, 4, 8, 24], ""rsi_period"": 21, ""target_threshold"": 0.004, ""vol_windows"": [24, 72]}","{""colsample_bytree"": 0.7, ""gamma"": 0.2, ""learning_rate"": 0.07, ""max_depth"": 5, ""min_child_weight"": 1, ""n_estimators"": 250, ""subsample"": 1.0}",4,3653,0.7851081303038598,0.013961030019001059,6.783479542273843e+21,2192.578913547333,0.07092643614738758,50.57308865632813
stage2,3811,57,0.62,74772,27,"{""atr_period"": 7, ""horizon_h"": 6, ""ma_windows"": [6, 18, 72], ""mtf_intervals"": [""4h"", ""1d""], ""ret_windows"": [1, 2, 4, 8, 24], ""rsi_period"": 21, ""target_threshold"": 0.004, ""vol_windows"": [24, 72]}","{""colsample_bytree"": 0.7, ""gamma"": 0.2, ""learning_rate"": 0.07, ""max_depth"": 5, ""min_child_weight"": 1, ""n_estimators"": 250, ""subsample"": 1.0}",4,3354,0.7936791890280263,0.014460274318982301,5.707502216656777e+20,2192.578913547333,0.07884120533897365,48.10468829078358
stage2,3811,57,0.65,74772,27,"{""atr_period"": 7, ""horizon_h"": 6, ""ma_windows"": [6, 18, 72], ""mtf_intervals"": [""4h"", ""1d""], ""ret_windows"": [1, 2, 4, 8, 24], ""rsi_period"": 21, ""target_threshold"": 0.004, ""vol_windows"": [24, 72]}","{""colsample_bytree"": 0.7, ""gamma"": 0.2, ""learning_rate"": 0.07, ""max_depth"": 5, ""min_child_weight"": 1, ""n_estimators"": 250, ""subsample"": 1.0}",4,2909,0.8181505672052252,0.015409438512077477,1.519368896217125e+19,2192.578913547333,0.0650782298642073,44.512668662597264
stage2,3811,61,0.52,74772,27,"{""atr_period"": 7, ""horizon_h"": 6, ""ma_windows"": [6, 18, 72], ""mtf_intervals"": [""4h"", ""1d""], ""ret_windows"": [1, 2, 4, 8, 24], ""rsi_period"": 21, ""target_threshold"": 0.004, ""vol_windows"": [24, 72]}","{""colsample_bytree"": 1.0, ""gamma"": 0.2, ""learning_rate"": 0.07, ""max_depth"": 5, ""min_child_weight"": 1, ""n_estimators"": 250, ""subsample"": 1.0}",4,5105,0.7220372184133202,0.011623846542197263,2.5718824364226636e+25,2192.578913547333,0.1256789786432767,58.71704647891701
stage2,3811,61,0.55,74772,27,"{""atr_period"": 7, ""horizon_h"": 6, ""ma_windows"": [6, 18, 72], ""mtf_intervals"": [""4h"", ""1d""], ""ret_windows"": [1, 2, 4, 8, 24], ""rsi_period"": 21, ""target_threshold"": 0.004, ""vol_windows"": [24, 72]}","{""colsample_bytree"": 1.0, ""gamma"": 0.2, ""learning_rate"": 0.07, ""max_depth"": 5, ""min_child_weight"": 1, ""n_estimators"": 250, ""subsample"": 1.0}",4,4553,0.7423676696683505,0.012392589800177909,1.442147848184594e+24,2192.578913547333,0.09138737757720572,55.87551696075923
stage2,3811,61,0.58,74772,27,"{""atr_period"": 7, ""horizon_h"": 6, ""ma_windows"": [6, 18, 72], ""mtf_intervals"": [""4h"", ""1d""], ""ret_windows"": [1, 2, 4, 8, 24], ""rsi_period"": 21, ""target_threshold"": 0.004, ""vol_windows"": [24, 72]}","{""colsample_bytree"": 1.0, ""gamma"": 0.2, ""learning_rate"": 0.07, ""max_depth"": 5, ""min_child_weight"": 1, ""n_estimators"": 250, ""subsample"": 1.0}",4,4006,0.762855716425362,0.013246411200019147,5.218138425708359e+22,2192.578913547333,0.08993571436930103,52.58030076628658
stage2,3811,61,0.6,74772,27,"{""atr_period"": 7, ""horizon_h"": 6, ""ma_windows"": [6, 18, 72], ""mtf_intervals"": [""4h"", ""1d""], ""ret_windows"": [1, 2, 4, 8, 24], ""rsi_period"": 21, ""target_threshold"": 0.004, ""vol_windows"": [24, 72]}","{""colsample_bytree"": 1.0, ""gamma"": 0.2, ""learning_rate"": 0.07, ""max_depth"": 5, ""min_child_weight"": 1, ""n_estimators"": 250, ""subsample"": 1.0}",4,3695,0.7769959404600811,0.013789988981544526,6.492347567021449e+21,2192.578913547333,0.08993571436930103,50.51185994587204
stage2,3811,61,0.62,74772,27,"{""atr_period"": 7, ""horizon_h"": 6, ""ma_windows"": [6, 18, 72], ""mtf_intervals"": [""4h"", ""1d""], ""ret_windows"": [1, 2, 4, 8, 24], ""rsi_period"": 21, ""target_threshold"": 0.004, ""vol_windows"": [24, 72]}","{""colsample_bytree"": 1.0, ""gamma"": 0.2, ""learning_rate"": 0.07, ""max_depth"": 5, ""min_child_weight"": 1, ""n_estimators"": 250, ""subsample"": 1.0}",4,3373,0.7945449155054848,0.01443664479593099,6.949337601329704e+20,2192.578913547333,0.07884120533897354,48.302056693856564
stage2,3811,61,0.65,74772,27,"{""atr_period"": 7, ""horizon_h"": 6, ""ma_windows"": [6, 18, 72], ""mtf_intervals"": [""4h"", ""1d""], ""ret_windows"": [1, 2, 4, 8, 24], ""rsi_period"": 21, ""target_threshold"": 0.004, ""vol_windows"": [24, 72]}","{""colsample_bytree"": 1.0, ""gamma"": 0.2, ""learning_rate"": 0.07, ""max_depth"": 5, ""min_child_weight"": 1, ""n_estimators"": 250, ""subsample"": 1.0}",4,2960,0.8138513513513513,0.015343678472291695,2.7203287307869245e+19,2192.578913547333,0.07092643614738758,45.08823678758484
stage2,3811,38,0.52,74772,27,"{""atr_period"": 7, ""horizon_h"": 6, ""ma_windows"": [6, 18, 72], ""mtf_intervals"": [""4h"", ""1d""], ""ret_windows"": [1, 2, 4, 8, 24], ""rsi_period"": 21, ""target_threshold"": 0.004, ""vol_windows"": [24, 72]}","{""colsample_bytree"": 1.0, ""gamma"": 0.0, ""learning_rate"": 0.03, ""max_depth"": 5, ""min_child_weight"": 5, ""n_estimators"": 250, ""subsample"": 0.7}",4,4788,0.7368421052631579,0.012118451171598118,7.053576407757329e+24,2192.578913547333,0.10246331362828776,57.45076664870189
stage2,3811,38,0.55,74772,27,"{""atr_period"": 7, ""horizon_h"": 6, ""ma_windows"": [6, 18, 72], ""mtf_intervals"": [""4h"", ""1d""], ""ret_windows"": [1, 2, 4, 8, 24], ""rsi_period"": 21, ""target_threshold"": 0.004, ""vol_windows"": [24, 72]}","{""colsample_bytree"": 1.0, ""gamma"": 0.0, ""learning_rate"": 0.03, ""max_depth"": 5, ""min_child_weight"": 5, ""n_estimators"": 250, ""subsample"": 0.7}",4,4201,0.7576767436324685,0.012961828232634155,2.072875038612109e+23,2192.578913547333,0.07884120533897343,53.95880910814006
stage2,3811,38,0.58,74772,27,"{""atr_period"": 7, ""horizon_h"": 6, ""ma_windows"": [6, 18, 72], ""mtf_intervals"": [""4h"", ""1d""], ""ret_windows"": [1, 2, 4, 8, 24], ""rsi_period"": 21, ""target_threshold"": 0.004, ""vol_windows"": [24, 72]}","{""colsample_bytree"": 1.0, ""gamma"": 0.0, ""learning_rate"": 0.03, ""max_depth"": 5, ""min_child_weight"": 5, ""n_estimators"": 250, ""subsample"": 0.7}",4,3671,0.7779896485971125,0.013883282106988498,6.572982580449564e+21,2192.578913547333,0.07884120533897354,50.531292025049574
stage2,3811,38,0.6,74772,27,"{""atr_period"": 7, ""horizon_h"": 6, ""ma_windows"": [6, 18, 72], ""mtf_intervals"": [""4h"", ""1d""], ""ret_windows"": [1, 2, 4, 8, 24], ""rsi_period"": 21, ""target_threshold"": 0.004, ""vol_windows"": [24, 72]}","{""colsample_bytree"": 1.0, ""gamma"": 0.0, ""learning_rate"": 0.03, ""max_depth"": 5, ""min_child_weight"": 5, ""n_estimators"": 250, ""subsample"": 0.7}",4,3337,0.7917290979922086,0.014494712277124183,5.023098822001987e+20,2192.578913547333,0.07884120533897332,47.975669272297026
stage2,3811,38,0.62,74772,27,"{""atr_period"": 7, ""horizon_h"": 6, ""ma_windows"": [6, 18, 72], ""mtf_intervals"": [""4h"", ""1d""], ""ret_windows"": [1, 2, 4, 8, 24], ""rsi_period"": 21, ""target_threshold"": 0.004, ""vol_windows"": [24, 72]}","{""colsample_bytree"": 1.0, ""gamma"": 0.0, ""learning_rate"": 0.03, ""max_depth"": 5, ""min_child_weight"": 5, ""n_estimators"": 250, ""subsample"": 0.7}",4,3037,0.8021073427724729,0.015166907383724856,5.112665356178566e+19,2192.578913547333,0.07884120533897343,45.70443816185785
stage2,3811,38,0.65,74772,27,"{""atr_period"": 7, ""horizon_h"": 6, ""ma_windows"": [6, 18, 72], ""mtf_intervals"": [""4h"", ""1d""], ""ret_windows"": [1, 2, 4, 8, 24], ""rsi_period"": 21, ""target_threshold"": 0.004, ""vol_windows"": [24, 72]}","{""colsample_bytree"": 1.0, ""gamma"": 0.0, ""learning_rate"": 0.03, ""max_depth"": 5, ""min_child_weight"": 5, ""n_estimators"": 250, ""subsample"": 0.7}",4,2581,0.8349476946919798,0.016344818819133213,1.1144736113853372e+18,2192.578913547333,0.07422883788216605,41.91651615728515
stage2,3811,36,0.52,74772,27,"{""atr_period"": 7, ""horizon_h"": 6, ""ma_windows"": [6, 18, 72], ""mtf_intervals"": [""4h"", ""1d""], ""ret_windows"": [1, 2, 4, 8, 24], ""rsi_period"": 21, ""target_threshold"": 0.004, ""vol_windows"": [24, 72]}","{""colsample_bytree"": 1.0, ""gamma"": 0.0, ""learning_rate"": 0.03, ""max_depth"": 5, ""min_child_weight"": 1, ""n_estimators"": 250, ""subsample"": 0.7}",4,4788,0.7316207184628237,0.012064233217506186,5.460408188795997e+24,2192.578913547333,0.10246331362828787,57.19014456236844
stage2,3811,36,0.55,74772,27,"{""atr_period"": 7, ""horizon_h"": 6, ""ma_windows"": [6, 18, 72], ""mtf_intervals"": [""4h"", ""1d""], ""ret_windows"": [1, 2, 4, 8, 24], ""rsi_period"": 21, ""target_threshold"": 0.004, ""vol_windows"": [24, 72]}","{""colsample_bytree"": 1.0, ""gamma"": 0.0, ""learning_rate"": 0.03, ""max_depth"": 5, ""min_child_weight"": 1, ""n_estimators"": 250, ""subsample"": 0.7}",4,4170,0.7553956834532374,0.012964816322315617,1.4100374551871778e+23,2192.578913547333,0.09761932703852771,53.5622988206847
stage2,3811,36,0.58,74772,27,"{""atr_period"": 7, ""horizon_h"": 6, ""ma_windows"": [6, 18, 72], ""mtf_intervals"": [""4h"", ""1d""], ""ret_windows"": [1, 2, 4, 8, 24], ""rsi_period"": 21, ""target_threshold"": 0.004, ""vol_windows"": [24, 72]}","{""colsample_bytree"": 1.0, ""gamma"": 0.0, ""learning_rate"": 0.03, ""max_depth"": 5, ""min_child_weight"": 1, ""n_estimators"": 250, ""subsample"": 0.7}",4,3676,0.7772034820457019,0.01383119119604212,5.82435976788724e+21,2192.578913547333,0.08993571436930092,50.403780493213986
stage2,3811,36,0.6,74772,27,"{""atr_period"": 7, ""horizon_h"": 6, ""ma_windows"": [6, 18, 72], ""mtf_intervals"": [""4h"", ""1d""], ""ret_windows"": [1, 2, 4, 8, 24], ""rsi_period"": 21, ""target_threshold"": 0.004, ""vol_windows"": [24, 72]}","{""colsample_bytree"": 1.0, ""gamma"": 0.0, ""learning_rate"": 0.03, ""max_depth"": 5, ""min_child_weight"": 1, ""n_estimators"": 250, ""subsample"": 0.7}",4,3354,0.7924865831842576,0.014456717362893784,5.65102402081631e+20,2192.578913547333,0.07422883788216605,48.09606721774863
stage2,3811,36,0.62,74772,27,"{""atr_period"": 7, ""horizon_h"": 6, ""ma_windows"": [6, 18, 72], ""mtf_intervals"": [""4h"", ""1d""], ""ret_windows"": [1, 2, 4, 8, 24], ""rsi_period"": 21, ""target_threshold"": 0.004, ""vol_windows"": [24, 72]}","{""colsample_bytree"": 1.0, ""gamma"": 0.0, ""learning_rate"": 0.03, ""max_depth"": 5, ""min_child_weight"": 1, ""n_estimators"": 250, ""subsample"": 0.7}",4,3036,0.8059947299077734,0.015153191952586546,4.851882441769711e+19,2192.578913547333,0.07422883788216605,45.657390429461884
stage2,3811,36,0.65,74772,27,"{""atr_period"": 7, ""horizon_h"": 6, ""ma_windows"": [6, 18, 72], ""mtf_intervals"": [""4h"", ""1d""], ""ret_windows"": [1, 2, 4, 8, 24], ""rsi_period"": 21, ""target_threshold"": 0.004, ""vol_windows"": [24, 72]}","{""colsample_bytree"": 1.0, ""gamma"": 0.0, ""learning_rate"": 0.03, ""max_depth"": 5, ""min_child_weight"": 1, ""n_estimators"": 250, ""subsample"": 0.7}",4,2586,0.8333333333333334,0.01632438900165265,1.140845232666245e+18,2192.578913547333,0.07422883788216594,41.93844845347636
stage2,3811,32,0.52,74772,27,"{""atr_period"": 7, ""horizon_h"": 6, ""ma_windows"": [6, 18, 72], ""mtf_intervals"": [""4h"", ""1d""], ""ret_windows"": [1, 2, 4, 8, 24], ""rsi_period"": 21, ""target_threshold"": 0.004, ""vol_windows"": [24, 72]}","{""colsample_bytree"": 0.7, ""gamma"": 0.0, ""learning_rate"": 0.03, ""max_depth"": 5, ""min_child_weight"": 1, ""n_estimators"": 250, ""subsample"": 0.7}",4,4750,0.7347368421052631,0.01215617403003549,5.331959021068044e+24,2192.578913547333,0.10246331362828776,57.16956815778327
stage2,3811,32,0.55,74772,27,"{""atr_period"": 7, ""horizon_h"": 6, ""ma_windows"": [6, 18, 72], ""mtf_intervals"": [""4h"", ""1d""], ""ret_windows"": [1, 2, 4, 8, 24], ""rsi_period"": 21, ""target_threshold"": 0.004, ""vol_windows"": [24, 72]}","{""colsample_bytree"": 0.7, ""gamma"": 0.0, ""learning_rate"": 0.03, ""max_depth"": 5, ""min_child_weight"": 1, ""n_estimators"": 250, ""subsample"": 0.7}",4,4146,0.7568740955137482,0.012974333335130471,1.07407910559982e+23,2192.578913547333,0.09008480835840682,53.29517232627103
stage2,3811,32,0.58,74772,27,"{""atr_period"": 7, ""horizon_h"": 6, ""ma_windows"": [6, 18, 72], ""mtf_intervals"": [""4h"", ""1d""], ""ret_windows"": [1, 2, 4, 8, 24], ""rsi_period"": 21, ""target_threshold"": 0.004, ""vol_windows"": [24, 72]}","{""colsample_bytree"": 0.7, ""gamma"": 0.0, ""learning_rate"": 0.03, ""max_depth"": 5, ""min_child_weight"": 1, ""n_estimators"": 250, ""subsample"": 0.7}",4,3638,0.7770753161077515,0.01393695416564559,5.050401320172986e+21,2192.578913547333,0.07092643614738758,50.27144733048356
stage2,3811,32,0.6,74772,27,"{""atr_period"": 7, ""horizon_h"": 6, ""ma_windows"": [6, 18, 72], ""mtf_intervals"": [""4h"", ""1d""], ""ret_windows"": [1, 2, 4, 8, 24], ""rsi_period"": 21, ""target_threshold"": 0.004, ""vol_windows"": [24, 72]}","{""colsample_bytree"": 0.7, ""gamma"": 0.0, ""learning_rate"": 0.03, ""max_depth"": 5, ""min_child_weight"": 1, ""n_estimators"": 250, ""subsample"": 0.7}",4,3300,0.7972727272727272,0.01473764745763584,6.5105071339109e+20,2192.578913547333,0.07092643614738758,48.245375357227225
stage2,3811,32,0.62,74772,27,"{""atr_period"": 7, ""horizon_h"": 6, ""ma_windows"": [6, 18, 72], ""mtf_intervals"": [""4h"", ""1d""], ""ret_windows"": [1, 2, 4, 8, 24], ""rsi_period"": 21, ""target_threshold"": 0.004, ""vol_windows"": [24, 72]}","{""colsample_bytree"": 0.7, ""gamma"": 0.0, ""learning_rate"": 0.03, ""max_depth"": 5, ""min_child_weight"": 1, ""n_estimators"": 250, ""subsample"": 0.7}",4,2934,0.8101567825494206,0.015426683561544394,2.3177009537282208e+19,2192.578913547333,0.07092643614738758,44.92576816946905
stage2,3811,32,0.65,74772,27,"{""atr_period"": 7, ""horizon_h"": 6, ""ma_windows"": [6, 18, 72], ""mtf_intervals"": [""4h"", ""1d""], ""ret_windows"": [1, 2, 4, 8, 24], ""rsi_period"": 21, ""target_threshold"": 0.004, ""vol_windows"": [24, 72]}","{""colsample_bytree"": 0.7, ""gamma"": 0.0, ""learning_rate"": 0.03, ""max_depth"": 5, ""min_child_weight"": 1, ""n_estimators"": 250, ""subsample"": 0.7}",4,2502,0.8325339728217426,0.016510403048234666,4.6516476707449754e+17,2192.578913547333,0.060566013874518876,41.04899547123586
stage2,3811,42,0.52,74772,27,"{""atr_period"": 7, ""horizon_h"": 6, ""ma_windows"": [6, 18, 72], ""mtf_intervals"": [""4h"", ""1d""], ""ret_windows"": [1, 2, 4, 8, 24], ""rsi_period"": 21, ""target_threshold"": 0.004, ""vol_windows"": [24, 72]}","{""colsample_bytree"": 0.7, ""gamma"": 0.0, ""learning_rate"": 0.03, ""max_depth"": 5, ""min_child_weight"": 5, ""n_estimators"": 250, ""subsample"": 1.0}",4,4694,0.7322113336173839,0.012110991900067286,2.1846174643249404e+24,2192.578913547333,0.11937909835277216,56.266450424460054
stage2,3811,42,0.55,74772,27,"{""atr_period"": 7, ""horizon_h"": 6, ""ma_windows"": [6, 18, 72], ""mtf_intervals"": [""4h"", ""1d""], ""ret_windows"": [1, 2, 4, 8, 24], ""rsi_period"": 21, ""target_threshold"": 0.004, ""vol_windows"": [24, 72]}","{""colsample_bytree"": 0.7, ""gamma"": 0.0, ""learning_rate"": 0.03, ""max_depth"": 5, ""min_child_weight"": 5, ""n_estimators"": 250, ""subsample"": 1.0}",4,4098,0.7564665690580771,0.012978902952951139,5.909565704242586e+22,2192.578913547333,0.09856006358868385,52.693168836762865
stage2,3811,42,0.58,74772,27,"{""atr_period"": 7, ""horizon_h"": 6, ""ma_windows"": [6, 18, 72], ""mtf_intervals"": [""4h"", ""1d""], ""ret_windows"": [1, 2, 4, 8, 24], ""rsi_period"": 21, ""target_threshold"": 0.004, ""vol_windows"": [24, 72]}","{""colsample_bytree"": 0.7, ""gamma"": 0.0, ""learning_rate"": 0.03, ""max_depth"": 5, ""min_child_weight"": 5, ""n_estimators"": 250, ""subsample"": 1.0}",4,3566,0.7818283791362871,0.014027024113553855,2.5711103464973905e+21,2192.578913547333,0.06507822986420708,49.60376458120309
stage2,3811,42,0.6,74772,27,"{""atr_period"": 7, ""horizon_h"": 6, ""ma_windows"": [6, 18, 72], ""mtf_intervals"": [""4h"", ""1d""], ""ret_windows"": [1, 2, 4, 8, 24], ""rsi_period"": 21, ""target_threshold"": 0.004, ""vol_windows"": [24, 72]}","{""colsample_bytree"": 0.7, ""gamma"": 0.0, ""learning_rate"": 0.03, ""max_depth"": 5, ""min_child_weight"": 5, ""n_estimators"": 250, ""subsample"": 1.0}",4,3231,0.8000619003404519,0.014744585240911722,2.4469938490617446e+20,2192.578913547333,0.0650782298642073,47.27202921794084
stage2,3811,42,0.62,74772,27,"{""atr_period"": 7, ""horizon_h"": 6, ""ma_windows"": [6, 18, 72], ""mtf_intervals"": [""4h"", ""1d""], ""ret_windows"": [1, 2, 4, 8, 24], ""rsi_period"": 21, ""target_threshold"": 0.004, ""vol_windows"": [24, 72]}","{""colsample_bytree"": 0.7, ""gamma"": 0.0, ""learning_rate"": 0.03, ""max_depth"": 5, ""min_child_weight"": 5, ""n_estimators"": 250, ""subsample"": 1.0}",4,2909,0.8154004812650395,0.015493831259013855,1.933414595521381e+19,2192.578913547333,0.0650782298642072,44.752136347206076
stage2,3811,42,0.65,74772,27,"{""atr_period"": 7, ""horizon_h"": 6, ""ma_windows"": [6, 18, 72], ""mtf_intervals"": [""4h"", ""1d""], ""ret_windows"": [1, 2, 4, 8, 24], ""rsi_period"": 21, ""target_threshold"": 0.004, ""vol_windows"": [24, 72]}","{""colsample_bytree"": 0.7, ""gamma"": 0.0, ""learning_rate"": 0.03, ""max_depth"": 5, ""min_child_weight"": 5, ""n_estimators"": 250, ""subsample"": 1.0}",4,2429,0.8410868670234665,0.016637103022335127,1.9249623880058554e+17,2192.578913547333,0.0650782298642072,40.17228021261473
stage2,3811,44,0.52,74772,27,"{""atr_period"": 7, ""horizon_h"": 6, ""ma_windows"": [6, 18, 72], ""mtf_intervals"": [""4h"", ""1d""], ""ret_windows"": [1, 2, 4, 8, 24], ""rsi_period"": 21, ""target_threshold"": 0.004, ""vol_windows"": [24, 72]}","{""colsample_bytree"": 1.0, ""gamma"": 0.0, ""learning_rate"": 0.03, ""max_depth"": 5, ""min_child_weight"": 1, ""n_estimators"": 250, ""subsample"": 1.0}",4,4754,0.7328565418594868,0.012062091757022983,3.612508091809119e+24,2192.578913547333,0.08972269346508077,56.78436514605153
stage2,3811,44,0.55,74772,27,"{""atr_period"": 7, ""horizon_h"": 6, ""ma_windows"": [6, 18, 72], ""mtf_intervals"": [""4h"", ""1d""], ""ret_windows"": [1, 2, 4, 8, 24], ""rsi_period"": 21, ""target_threshold"": 0.004, ""vol_windows"": [24, 72]}","{""colsample_bytree"": 1.0, ""gamma"": 0.0, ""learning_rate"": 0.03, ""max_depth"": 5, ""min_child_weight"": 1, ""n_estimators"": 250, ""subsample"": 1.0}",4,4154,0.7568608570052962,0.013025022360602349,1.4689862379357015e+23,2192.578913547333,0.08993571436930115,53.6087506749938
stage2,3811,44,0.58,74772,27,"{""atr_period"": 7, ""horizon_h"": 6, ""ma_windows"": [6, 18, 72], ""mtf_intervals"": [""4h"", ""1d""], ""ret_windows"": [1, 2, 4, 8, 24], ""rsi_period"": 21, ""target_threshold"": 0.004, ""vol_windows"": [24, 72]}","{""colsample_bytree"": 1.0, ""gamma"": 0.0, ""learning_rate"": 0.03, ""max_depth"": 5, ""min_child_weight"": 1, ""n_estimators"": 250, ""subsample"": 1.0}",4,3619,0.7783918209450125,0.013956134509125246,4.1587301721706746e+21,2192.578913547333,0.08993571436930092,50.068891409120766
stage2,3811,44,0.6,74772,27,"{""atr_period"": 7, ""horizon_h"": 6, ""ma_windows"": [6, 18, 72], ""mtf_intervals"": [""4h"", ""1d""], ""ret_windows"": [1, 2, 4, 8, 24], ""rsi_period"": 21, ""target_threshold"": 0.004, ""vol_windows"": [24, 72]}","{""colsample_bytree"": 1.0, ""gamma"": 0.0, ""learning_rate"": 0.03, ""max_depth"": 5, ""min_child_weight"": 1, ""n_estimators"": 250, ""subsample"": 1.0}",4,3278,0.7977425259304454,0.01470879330259492,4.313999992617214e+20,2192.578913547333,0.07092643614738747,47.83396855522795
stage2,3811,44,0.62,74772,27,"{""atr_period"": 7, ""horizon_h"": 6, ""ma_windows"": [6, 18, 72], ""mtf_intervals"": [""4h"", ""1d""], ""ret_windows"": [1, 2, 4, 8, 24], ""rsi_period"": 21, ""target_threshold"": 0.004, ""vol_windows"": [24, 72]}","{""colsample_bytree"": 1.0, ""gamma"": 0.0, ""learning_rate"": 0.03, ""max_depth"": 5, ""min_child_weight"": 1, ""n_estimators"": 250, ""subsample"": 1.0}",4,2960,0.8158783783783784,0.015409433303051449,3.286186907984895e+19,2192.578913547333,0.07092643614738747,45.27935961603054
stage2,3811,44,0.65,74772,27,"{""atr_period"": 7, ""horizon_h"": 6, ""ma_windows"": [6, 18, 72], ""mtf_intervals"": [""4h"", ""1d""], ""ret_windows"": [1, 2, 4, 8, 24], ""rsi_period"": 21, ""target_threshold"": 0.004, ""vol_windows"": [24, 72]}","{""colsample_bytree"": 1.0, ""gamma"": 0.0, ""learning_rate"": 0.03, ""max_depth"": 5, ""min_child_weight"": 1, ""n_estimators"": 250, ""subsample"": 1.0}",4,2526,0.8400633412509897,0.016541967801253693,7.465815653671909e+17,2192.578913547333,0.0650782298642073,41.52612857012008
stage2,3811,23,0.52,74772,27,"{""atr_period"": 7, ""horizon_h"": 6, ""ma_windows"": [6, 18, 72], ""mtf_intervals"": [""4h"", ""1d""], ""ret_windows"": [1, 2, 4, 8, 24], ""rsi_period"": 21, ""target_threshold"": 0.004, ""vol_windows"": [24, 72]}","{""colsample_bytree"": 1.0, ""gamma"": 0.2, ""learning_rate"": 0.07, ""max_depth"": 3, ""min_child_weight"": 5, ""n_estimators"": 250, ""subsample"": 0.7}",4,4594,0.7313887679582064,0.012122332510163569,6.952252200450397e+23,2192.578913547333,0.0960292972467397,55.13259782938768
stage2,3811,23,0.55,74772,27,"{""atr_period"": 7, ""horizon_h"": 6, ""ma_windows"": [6, 18, 72], ""mtf_intervals"": [""4h"", ""1d""], ""ret_windows"": [1, 2, 4, 8, 24], ""rsi_period"": 21, ""target_threshold"": 0.004, ""vol_windows"": [24, 72]}","{""colsample_bytree"": 1.0, ""gamma"": 0.2, ""learning_rate"": 0.07, ""max_depth"": 3, ""min_child_weight"": 5, ""n_estimators"": 250, ""subsample"": 0.7}",4,3988,0.7547642928786359,0.013088768795505851,2.197033824843807e+22,2192.578913547333,0.08993571436930092,51.70753396255871
stage2,3811,23,0.58,74772,27,"{""atr_period"": 7, ""horizon_h"": 6, ""ma_windows"": [6, 18, 72], ""mtf_intervals"": [""4h"", ""1d""], ""ret_windows"": [1, 2, 4, 8, 24], ""rsi_period"": 21, ""target_threshold"": 0.004, ""vol_windows"": [24, 72]}","{""colsample_bytree"": 1.0, ""gamma"": 0.2, ""learning_rate"": 0.07, ""max_depth"": 3, ""min_child_weight"": 5, ""n_estimators"": 250, ""subsample"": 0.7}",4,3470,0.7772334293948127,0.013969571023846893,5.5452480761708426e+20,2192.578913547333,0.0711046803628046,48.06263418992203
stage2,3811,23,0.6,74772,27,"{""atr_period"": 7, ""horizon_h"": 6, ""ma_windows"": [6, 18, 72], ""mtf_intervals"": [""4h"", ""1d""], ""ret_windows"": [1, 2, 4, 8, 24], ""rsi_period"": 21, ""target_threshold"": 0.004, ""vol_windows"": [24, 72]}","{""colsample_bytree"": 1.0, ""gamma"": 0.2, ""learning_rate"": 0.07, ""max_depth"": 3, ""min_child_weight"": 5, ""n_estimators"": 250, ""subsample"": 0.7}",4,3142,0.792488860598345,0.014691306136581993,5.6182670167238025e+19,2192.578913547333,0.07092643614738747,45.79119834272382
stage2,3811,23,0.62,74772,27,"{""atr_period"": 7, ""horizon_h"": 6, ""ma_windows"": [6, 18, 72], ""mtf_intervals"": [""4h"", ""1d""], ""ret_windows"": [1, 2, 4, 8, 24], ""rsi_period"": 21, ""target_threshold"": 0.004, ""vol_windows"": [24, 72]}","{""colsample_bytree"": 1.0, ""gamma"": 0.2, ""learning_rate"": 0.07, ""max_depth"": 3, ""min_child_weight"": 5, ""n_estimators"": 250, ""subsample"": 0.7}",4,2812,0.8054765291607396,0.015382889733673815,3.1899583305922836e+18,2192.578913547333,0.07092643614738758,42.93852065121829
stage2,3811,23,0.65,74772,27,"{""atr_period"": 7, ""horizon_h"": 6, ""ma_windows"": [6, 18, 72], ""mtf_intervals"": [""4h"", ""1d""], ""ret_windows"": [1, 2, 4, 8, 24], ""rsi_period"": 21, ""target_threshold"": 0.004, ""vol_windows"": [24, 72]}","{""colsample_bytree"": 1.0, ""gamma"": 0.2, ""learning_rate"": 0.07, ""max_depth"": 3, ""min_child_weight"": 5, ""n_estimators"": 250, ""subsample"": 0.7}",4,2337,0.8267008985879333,0.016550080316699814,3.4727984588780092e+16,2192.578913547333,0.07092643614738747,38.44462037246884
stage2,931,51,0.52,74772,27,"{""atr_period"": 14, ""horizon_h"": 6, ""ma_windows"": [6, 18, 72], ""mtf_intervals"": [""4h"", ""1d""], ""ret_windows"": [1, 3, 6, 12, 24], ""rsi_period"": 21, ""target_threshold"": 0.004, ""vol_windows"": [24, 72]}","{""colsample_bytree"": 0.7, ""gamma"": 0.2, ""learning_rate"": 0.07, ""max_depth"": 5, ""min_child_weight"": 5, ""n_estimators"": 250, ""subsample"": 0.7}",4,5144,0.7200622083981337,0.011611296333838927,3.802345876969592e+25,2192.578913547333,0.09354905032285699,59.12241114938239
stage2,931,51,0.55,74772,27,"{""atr_period"": 14, ""horizon_h"": 6, ""ma_windows"": [6, 18, 72], ""mtf_intervals"": [""4h"", ""1d""], ""ret_windows"": [1, 3, 6, 12, 24], ""rsi_period"": 21, ""target_threshold"": 0.004, ""vol_windows"": [24, 72]}","{""colsample_bytree"": 0.7, ""gamma"": 0.2, ""learning_rate"": 0.07, ""max_depth"": 5, ""min_child_weight"": 5, ""n_estimators"": 250, ""subsample"": 0.7}",4,4597,0.7415705895149011,0.012412627106693469,2.7204185580563666e+24,2192.578913547333,0.0720349392247489,56.51936800081789
stage2,931,51,0.58,74772,27,"{""atr_period"": 14, ""horizon_h"": 6, ""ma_windows"": [6, 18, 72], ""mtf_intervals"": [""4h"", ""1d""], ""ret_windows"": [1, 3, 6, 12, 24], ""rsi_period"": 21, ""target_threshold"": 0.004, ""vol_windows"": [24, 72]}","{""colsample_bytree"": 0.7, ""gamma"": 0.2, ""learning_rate"": 0.07, ""max_depth"": 5, ""min_child_weight"": 5, ""n_estimators"": 250, ""subsample"": 0.7}",4,4073,0.764055978394304,0.013277906850501722,1.4260273154433958e+23,2192.578913547333,0.07123508808221302,53.59620010943994
stage2,931,51,0.6,74772,27,"{""atr_period"": 14, ""horizon_h"": 6, ""ma_windows"": [6, 18, 72], ""mtf_intervals"": [""4h"", ""1d""], ""ret_windows"": [1, 3, 6, 12, 24], ""rsi_period"": 21, ""target_threshold"": 0.004, ""vol_windows"": [24, 72]}","{""colsample_bytree"": 0.7, ""gamma"": 0.2, ""learning_rate"": 0.07, ""max_depth"": 5, ""min_child_weight"": 5, ""n_estimators"": 250, ""subsample"": 0.7}",4,3756,0.7784877529286475,0.013850094994682052,1.8598588058125514e+22,2192.578913547333,0.06154078183779288,51.58019319124075
stage2,931,51,0.62,74772,27,"{""atr_period"": 14, ""horizon_h"": 6, ""ma_windows"": [6, 18, 72], ""mtf_intervals"": [""4h"", ""1d""], ""ret_windows"": [1, 3, 6, 12, 24], ""rsi_period"": 21, ""target_threshold"": 0.004, ""vol_windows"": [24, 72]}","{""colsample_bytree"": 0.7, ""gamma"": 0.2, ""learning_rate"": 0.07, ""max_depth"": 5, ""min_child_weight"": 5, ""n_estimators"": 250, ""subsample"": 0.7}",4,3463,0.793531619982674,0.014424058802892924,2.4072006319967935e+21,2192.578913547333,0.060566013874518765,49.55268622122502
stage2,931,51,0.65,74772,27,"{""atr_period"": 14, ""horizon_h"": 6, ""ma_windows"": [6, 18, 72], ""mtf_intervals"": [""4h"", ""1d""], ""ret_windows"": [1, 3, 6, 12, 24], ""rsi_period"": 21, ""target_threshold"": 0.004, ""vol_windows"": [24, 72]}","{""colsample_bytree"": 0.7, ""gamma"": 0.2, ""learning_rate"": 0.07, ""max_depth"": 5, ""min_child_weight"": 5, ""n_estimators"": 250, ""subsample"": 0.7}",4,3061,0.8160731786997714,0.015319854574116429,1.1711628892422932e+20,2192.578913547333,0.060566013874518765,46.554833410121525
stage2,931,58,0.52,74772,27,"{""atr_period"": 14, ""horizon_h"": 6, ""ma_windows"": [6, 18, 72], ""mtf_intervals"": [""4h"", ""1d""], ""ret_windows"": [1, 3, 6, 12, 24], ""rsi_period"": 21, ""target_threshold"": 0.004, ""vol_windows"": [24, 72]}","{""colsample_bytree"": 0.7, ""gamma"": 0.0, ""learning_rate"": 0.07, ""max_depth"": 5, ""min_child_weight"": 5, ""n_estimators"": 250, ""subsample"": 1.0}",4,5166,0.7212543554006968,0.011541213420160736,3.3749971286500574e+25,2192.578913547333,0.16090851168293152,58.9699007342453
stage2,931,58,0.55,74772,27,"{""atr_period"": 14, ""horizon_h"": 6, ""ma_windows"": [6, 18, 72], ""mtf_intervals"": [""4h"", ""1d""], ""ret_windows"": [1, 3, 6, 12, 24], ""rsi_period"": 21, ""target_threshold"": 0.004, ""vol_windows"": [24, 72]}","{""colsample_bytree"": 0.7, ""gamma"": 0.0, ""learning_rate"": 0.07, ""max_depth"": 5, ""min_child_weight"": 5, ""n_estimators"": 250, ""subsample"": 1.0}",4,4570,0.7442013129102845,0.012324011156778369,1.3009846833192254e+24,2192.578913547333,0.1256789786432766,55.756277308573004
stage2,931,58,0.58,74772,27,"{""atr_period"": 14, ""horizon_h"": 6, ""ma_windows"": [6, 18, 72], ""mtf_intervals"": [""4h"", ""1d""], ""ret_windows"": [1, 3, 6, 12, 24], ""rsi_period"": 21, ""target_threshold"": 0.004, ""vol_windows"": [24, 72]}","{""colsample_bytree"": 0.7, ""gamma"": 0.0, ""learning_rate"": 0.07, ""max_depth"": 5, ""min_child_weight"": 5, ""n_estimators"": 250, ""subsample"": 1.0}",4,4023,0.7651006711409396,0.013212467604714426,5.7244424946887915e+22,2192.578913547333,0.06702100730623217,52.685886983824446
stage2,931,58,0.6,74772,27,"{""atr_period"": 14, ""horizon_h"": 6, ""ma_windows"": [6, 18, 72], ""mtf_intervals"": [""4h"", ""1d""], ""ret_windows"": [1, 3, 6, 12, 24], ""rsi_period"": 21, ""target_threshold"": 0.004, ""vol_windows"": [24, 72]}","{""colsample_bytree"": 0.7, ""gamma"": 0.0, ""learning_rate"": 0.07, ""max_depth"": 5, ""min_child_weight"": 5, ""n_estimators"": 250, ""subsample"": 1.0}",4,3697,0.7800919664592914,0.013810061893934269,7.20156640019566e+21,2192.578913547333,0.07573261296471678,50.62527327265446
stage2,931,58,0.62,74772,27,"{""atr_period"": 14, ""horizon_h"": 6, ""ma_windows"": [6, 18, 72], ""mtf_intervals"": [""4h"", ""1d""], ""ret_windows"": [1, 3, 6, 12, 24], ""rsi_period"": 21, ""target_threshold"": 0.004, ""vol_windows"": [24, 72]}","{""colsample_bytree"": 0.7, ""gamma"": 0.0, ""learning_rate"": 0.07, ""max_depth"": 5, ""min_child_weight"": 5, ""n_estimators"": 250, ""subsample"": 1.0}",4,3385,0.7955686853766617,0.014432356853906685,8.169353228987055e+20,2192.578913547333,0.0757326129647169,48.46613909813073
stage2,931,58,0.65,74772,27,"{""atr_period"": 14, ""horizon_h"": 6, ""ma_windows"": [6, 18, 72], ""mtf_intervals"": [""4h"", ""1d""], ""ret_windows"": [1, 3, 6, 12, 24], ""rsi_period"": 21, ""target_threshold"": 0.004, ""vol_windows"": [24, 72]}","{""colsample_bytree"": 0.7, ""gamma"": 0.0, ""learning_rate"": 0.07, ""max_depth"": 5, ""min_child_weight"": 5, ""n_estimators"": 250, ""subsample"": 1.0}",4,2947,0.8157448252460129,0.015355131326525136,2.318441315836654e+19,2192.578913547333,0.060566013874518765,44.93516578402463
stage2,931,50,0.52,74772,27,"{""atr_period"": 14, ""horizon_h"": 6, ""ma_windows"": [6, 18, 72], ""mtf_intervals"": [""4h"", ""1d""], ""ret_windows"": [1, 3, 6, 12, 24], ""rsi_period"": 21, ""target_threshold"": 0.004, ""vol_windows"": [24, 72]}","{""colsample_bytree"": 0.7, ""gamma"": 0.0, ""learning_rate"": 0.07, ""max_depth"": 5, ""min_child_weight"": 5, ""n_estimators"": 250, ""subsample"": 0.7}",4,5136,0.7205996884735203,0.011618925800850447,3.6009809578309347e+25,2192.578913547333,0.10056093008450184,59.06498431362476
stage2,931,50,0.55,74772,27,"{""atr_period"": 14, ""horizon_h"": 6, ""ma_windows"": [6, 18, 72], ""mtf_intervals"": [""4h"", ""1d""], ""ret_windows"": [1, 3, 6, 12, 24], ""rsi_period"": 21, ""target_threshold"": 0.004, ""vol_windows"": [24, 72]}","{""colsample_bytree"": 0.7, ""gamma"": 0.0, ""learning_rate"": 0.07, ""max_depth"": 5, ""min_child_weight"": 5, ""n_estimators"": 250, ""subsample"": 0.7}",4,4573,0.7413076754865515,0.01245708154530617,2.4822967296039425e+24,2192.578913547333,0.0720349392247489,56.42791178725343
stage2,931,50,0.58,74772,27,"{""atr_period"": 14, ""horizon_h"": 6, ""ma_windows"": [6, 18, 72], ""mtf_intervals"": [""4h"", ""1d""], ""ret_windows"": [1, 3, 6, 12, 24], ""rsi_period"": 21, ""target_threshold"": 0.004, ""vol_windows"": [24, 72]}","{""colsample_bytree"": 0.7, ""gamma"": 0.0, ""learning_rate"": 0.07, ""max_depth"": 5, ""min_child_weight"": 5, ""n_estimators"": 250, ""subsample"": 0.7}",4,4063,0.7647058823529411,0.013295004715949197,1.341500460402269e+23,2192.578913547333,0.0720349392247489,53.535353146943706
stage2,931,50,0.6,74772,27,"{""atr_period"": 14, ""horizon_h"": 6, ""ma_windows"": [6, 18, 72], ""mtf_intervals"": [""4h"", ""1d""], ""ret_windows"": [1, 3, 6, 12, 24], ""rsi_period"": 21, ""target_threshold"": 0.004, ""vol_windows"": [24, 72]}","{""colsample_bytree"": 0.7, ""gamma"": 0.0, ""learning_rate"": 0.07, ""max_depth"": 5, ""min_child_weight"": 5, ""n_estimators"": 250, ""subsample"": 0.7}",4,3747,0.7819589004536963,0.01385418935574214,1.671334756177372e+22,2192.578913547333,0.0720349392247489,51.470877773855875
stage2,931,50,0.62,74772,27,"{""atr_period"": 14, ""horizon_h"": 6, ""ma_windows"": [6, 18, 72], ""mtf_intervals"": [""4h"", ""1d""], ""ret_windows"": [1, 3, 6, 12, 24], ""rsi_period"": 21, ""target_threshold"": 0.004, ""vol_windows"": [24, 72]}","{""colsample_bytree"": 0.7, ""gamma"": 0.0, ""learning_rate"": 0.07, ""max_depth"": 5, ""min_child_weight"": 5, ""n_estimators"": 250, ""subsample"": 0.7}",4,3445,0.7950653120464442,0.01443864542332475,1.9573296750001093e+21,2192.578913547333,0.060566013874518876,49.347146492564356
stage2,931,50,0.65,74772,27,"{""atr_period"": 14, ""horizon_h"": 6, ""ma_windows"": [6, 18, 72], ""mtf_intervals"": [""4h"", ""1d""], ""ret_windows"": [1, 3, 6, 12, 24], ""rsi_period"": 21, ""target_threshold"": 0.004, ""vol_windows"": [24, 72]}","{""colsample_bytree"": 0.7, ""gamma"": 0.0, ""learning_rate"": 0.07, ""max_depth"": 5, ""min_child_weight"": 5, ""n_estimators"": 250, ""subsample"": 0.7}",4,3002,0.8144570286475683,0.015290636660446772,4.403322245629005e+19,2192.578913547333,0.060566013874518654,45.57508378798898
stage2,931,48,0.52,74772,27,"{""atr_period"": 14, ""horizon_h"": 6, ""ma_windows"": [6, 18, 72], ""mtf_intervals"": [""4h"", ""1d""], ""ret_windows"": [1, 3, 6, 12, 24], ""rsi_period"": 21, ""target_threshold"": 0.004, ""vol_windows"": [24, 72]}","{""colsample_bytree"": 0.7, ""gamma"": 0.0, ""learning_rate"": 0.07, ""max_depth"": 5, ""min_child_weight"": 1, ""n_estimators"": 250, ""subsample"": 0.7}",4,5154,0.7254559565386108,0.011624060435200112,4.525073044047625e+25,2192.578913547333,0.13803269267428397,59.27860194657906
stage2,931,48,0.55,74772,27,"{""atr_period"": 14, ""horizon_h"": 6, ""ma_windows"": [6, 18, 72], ""mtf_intervals"": [""4h"", ""1d""], ""ret_windows"": [1, 3, 6, 12, 24], ""rsi_period"": 21, ""target_threshold"": 0.004, ""vol_windows"": [24, 72]}","{""colsample_bytree"": 0.7, ""gamma"": 0.0, ""learning_rate"": 0.07, ""max_depth"": 5, ""min_child_weight"": 1, ""n_estimators"": 250, ""subsample"": 0.7}",4,4579,0.7464511902162044,0.012450857996469023,2.5745447693963934e+24,2192.578913547333,0.1256789786432766,56.441643288583
stage2,931,48,0.58,74772,27,"{""atr_period"": 14, ""horizon_h"": 6, ""ma_windows"": [6, 18, 72], ""mtf_intervals"": [""4h"", ""1d""], ""ret_windows"": [1, 3, 6, 12, 24], ""rsi_period"": 21, ""target_threshold"": 0.004, ""vol_windows"": [24, 72]}","{""colsample_bytree"": 0.7, ""gamma"": 0.0, ""learning_rate"": 0.07, ""max_depth"": 5, ""min_child_weight"": 1, ""n_estimators"": 250, ""subsample"": 0.7}",4,4066,0.7702902115100836,0.013283667762712104,1.3264855510014528e+23,2192.578913547333,0.1256789786432767,53.50165216281416
stage2,931,48,0.6,74772,27,"{""atr_period"": 14, ""horizon_h"": 6, ""ma_windows"": [6, 18, 72], ""mtf_intervals"": [""4h"", ""1d""], ""ret_windows"": [1, 3, 6, 12, 24], ""rsi_period"": 21, ""target_threshold"": 0.004, ""vol_windows"": [24, 72]}","{""colsample_bytree"": 0.7, ""gamma"": 0.0, ""learning_rate"": 0.07, ""max_depth"": 5, ""min_child_weight"": 1, ""n_estimators"": 250, ""subsample"": 0.7}",4,3762,0.7862838915470495,0.01386669489484374,2.15543351925223e+22,2192.578913547333,0.07823454942399288,51.7257073159039
stage2,931,48,0.62,74772,27,"{""atr_period"": 14, ""horizon_h"": 6, ""ma_windows"": [6, 18, 72], ""mtf_intervals"": [""4h"", ""1d""], ""ret_windows"": [1, 3, 6, 12, 24], ""rsi_period"": 21, ""target_threshold"": 0.004, ""vol_windows"": [24, 72]}","{""colsample_bytree"": 0.7, ""gamma"": 0.0, ""learning_rate"": 0.07, ""max_depth"": 5, ""min_child_weight"": 1, ""n_estimators"": 250, ""subsample"": 0.7}",4,3471,0.7966004033419763,0.014366876431982874,2.2273876528807268e+21,2192.578913547333,0.0757326129647169,49.469465423195736
stage2,931,48,0.65,74772,27,"{""atr_period"": 14, ""horizon_h"": 6, ""ma_windows"": [6, 18, 72], ""mtf_intervals"": [""4h"", ""1d""], ""ret_windows"": [1, 3, 6, 12, 24], ""rsi_period"": 21, ""target_threshold"": 0.004, ""vol_windows"": [24, 72]}","{""colsample_bytree"": 0.7, ""gamma"": 0.0, ""learning_rate"": 0.07, ""max_depth"": 5, ""min_child_weight"": 1, ""n_estimators"": 250, ""subsample"": 0.7}",4,3035,0.8174629324546953,0.015329399032601951,8.14570341671637e+19,2192.578913547333,0.07573261296471678,46.18534659873637
stage2,931,57,0.52,74772,27,"{""atr_period"": 14, ""horizon_h"": 6, ""ma_windows"": [6, 18, 72], ""mtf_intervals"": [""4h"", ""1d""], ""ret_windows"": [1, 3, 6, 12, 24], ""rsi_period"": 21, ""target_threshold"": 0.004, ""vol_windows"": [24, 72]}","{""colsample_bytree"": 0.7, ""gamma"": 0.2, ""learning_rate"": 0.07, ""max_depth"": 5, ""min_child_weight"": 1, ""n_estimators"": 250, ""subsample"": 1.0}",4,5097,0.7249362370021581,0.011604951315295374,2.1422675355934044e+25,2192.578913547333,0.13272490366232592,58.532918337273834
stage2,931,57,0.55,74772,27,"{""atr_period"": 14, ""horizon_h"": 6, ""ma_windows"": [6, 18, 72], ""mtf_intervals"": [""4h"", ""1d""], ""ret_windows"": [1, 3, 6, 12, 24], ""rsi_period"": 21, ""target_threshold"": 0.004, ""vol_windows"": [24, 72]}","{""colsample_bytree"": 0.7, ""gamma"": 0.2, ""learning_rate"": 0.07, ""max_depth"": 5, ""min_child_weight"": 1, ""n_estimators"": 250, ""subsample"": 1.0}",4,4535,0.745755237045204,0.0124031988311215,1.220730553747104e+24,2192.578913547333,0.11227081601199784,55.701186098210314
stage2,931,57,0.58,74772,27,"{""atr_period"": 14, ""horizon_h"": 6, ""ma_windows"": [6, 18, 72], ""mtf_intervals"": [""4h"", ""1d""], ""ret_windows"": [1, 3, 6, 12, 24], ""rsi_period"": 21, ""target_threshold"": 0.004, ""vol_windows"": [24, 72]}","{""colsample_bytree"": 0.7, ""gamma"": 0.2, ""learning_rate"": 0.07, ""max_depth"": 5, ""min_child_weight"": 1, ""n_estimators"": 250, ""subsample"": 1.0}",4,4009,0.7655275629832876,0.013224268390693253,4.99122891323418e+22,2192.578913547333,0.12121940969274836,52.522160693174705
stage2,931,57,0.6,74772,27,"{""atr_period"": 14, ""horizon_h"": 6, ""ma_windows"": [6, 18, 72], ""mtf_intervals"": [""4h"", ""1d""], ""ret_windows"": [1, 3, 6, 12, 24], ""rsi_period"": 21, ""target_threshold"": 0.004, ""vol_windows"": [24, 72]}","{""colsample_bytree"": 0.7, ""gamma"": 0.2, ""learning_rate"": 0.07, ""max_depth"": 5, ""min_child_weight"": 1, ""n_estimators"": 250, ""subsample"": 1.0}",4,3691,0.7767542671362774,0.013752986620328077,5.371280224209025e+21,2192.578913547333,0.11491984690085855,50.3093206192219
stage2,931,57,0.62,74772,27,"{""atr_period"": 14, ""horizon_h"": 6, ""ma_windows"": [6, 18, 72], ""mtf_intervals"": [""4h"", ""1d""], ""ret_windows"": [1, 3, 6, 12, 24], ""rsi_period"": 21, ""target_threshold"": 0.004, ""vol_windows"": [24, 72]}","{""colsample_bytree"": 0.7, ""gamma"": 0.2, ""learning_rate"": 0.07, ""max_depth"": 5, ""min_child_weight"": 1, ""n_estimators"": 250, ""subsample"": 1.0}",4,3392,0.7900943396226415,0.01438108644848276,7.567644423817046e+20,2192.578913547333,0.11491984690085877,48.3652479461943
stage2,931,57,0.65,74772,27,"{""atr_period"": 14, ""horizon_h"": 6, ""ma_windows"": [6, 18, 72], ""mtf_intervals"": [""4h"", ""1d""], ""ret_windows"": [1, 3, 6, 12, 24], ""rsi_period"": 21, ""target_threshold"": 0.004, ""vol_windows"": [24, 72]}","{""colsample_bytree"": 0.7, ""gamma"": 0.2, ""learning_rate"": 0.07, ""max_depth"": 5, ""min_child_weight"": 1, ""n_estimators"": 250, ""subsample"": 1.0}",4,2946,0.8139850644942295,0.015371228795740856,2.3841043800368693e+19,2192.578913547333,0.07588403381916586,44.95415616375574
stage2,931,61,0.52,74772,27,"{""atr_period"": 14, ""horizon_h"": 6, ""ma_windows"": [6, 18, 72], ""mtf_intervals"": [""4h"", ""1d""], ""ret_windows"": [1, 3, 6, 12, 24], ""rsi_period"": 21, ""target_threshold"": 0.004, ""vol_windows"": [24, 72]}","{""colsample_bytree"": 1.0, ""gamma"": 0.2, ""learning_rate"": 0.07, ""max_depth"": 5, ""min_child_weight"": 1, ""n_estimators"": 250, ""subsample"": 1.0}",4,5168,0.7194272445820433,0.011587283578589597,4.424845427661409e+25,2192.578913547333,0.09525724237644195,59.2724741142051
stage2,931,61,0.55,74772,27,"{""atr_period"": 14, ""horizon_h"": 6, ""ma_windows"": [6, 18, 72], ""mtf_intervals"": [""4h"", ""1d""], ""ret_windows"": [1, 3, 6, 12, 24], ""rsi_period"": 21, ""target_threshold"": 0.004, ""vol_windows"": [24, 72]}","{""colsample_bytree"": 1.0, ""gamma"": 0.2, ""learning_rate"": 0.07, ""max_depth"": 5, ""min_child_weight"": 1, ""n_estimators"": 250, ""subsample"": 1.0}",4,4621,0.7426963860636225,0.012360444351752103,2.878415755259305e+24,2192.578913547333,0.09525724237644206,56.56469433214998
stage2,931,61,0.58,74772,27,"{""atr_period"": 14, ""horizon_h"": 6, ""ma_windows"": [6, 18, 72], ""mtf_intervals"": [""4h"", ""1d""], ""ret_windows"": [1, 3, 6, 12, 24], ""rsi_period"": 21, ""target_threshold"": 0.004, ""vol_windows"": [24, 72]}","{""colsample_bytree"": 1.0, ""gamma"": 0.2, ""learning_rate"": 0.07, ""max_depth"": 5, ""min_child_weight"": 1, ""n_estimators"": 250, ""subsample"": 1.0}",4,4076,0.7637389597644749,0.013212933441780117,1.1488711219429928e+23,2192.578913547333,0.0720349392247489,53.378914131761306
stage2,931,61,0.6,74772,27,"{""atr_period"": 14, ""horizon_h"": 6, ""ma_windows"": [6, 18, 72], ""mtf_intervals"": [""4h"", ""1d""], ""ret_windows"": [1, 3, 6, 12, 24], ""rsi_period"": 21, ""target_threshold"": 0.004, ""vol_windows"": [24, 72]}","{""colsample_bytree"": 1.0, ""gamma"": 0.2, ""learning_rate"": 0.07, ""max_depth"": 5, ""min_child_weight"": 1, ""n_estimators"": 250, ""subsample"": 1.0}",4,3771,0.7756563245823389,0.013662168686356032,1.1457813003359375e+22,2192.578913547333,0.0720349392247488,51.086763748090924
stage2,931,61,0.62,74772,27,"{""atr_period"": 14, ""horizon_h"": 6, ""ma_windows"": [6, 18, 72], ""mtf_intervals"": [""4h"", ""1d""], ""ret_windows"": [1, 3, 6, 12, 24], ""rsi_period"": 21, ""target_threshold"": 0.004, ""vol_windows"": [24, 72]}","{""colsample_bytree"": 1.0, ""gamma"": 0.2, ""learning_rate"": 0.07, ""max_depth"": 5, ""min_child_weight"": 1, ""n_estimators"": 250, ""subsample"": 1.0}",4,3468,0.7915224913494809,0.014266663065587005,1.5225044939782632e+21,2192.578913547333,0.06741733599702526,49.08828625478815
stage2,931,61,0.65,74772,27,"{""atr_period"": 14, ""horizon_h"": 6, ""ma_windows"": [6, 18, 72], ""mtf_intervals"": [""4h"", ""1d""], ""ret_windows"": [1, 3, 6, 12, 24], ""rsi_period"": 21, ""target_threshold"": 0.004, ""vol_windows"": [24, 72]}","{""colsample_bytree"": 1.0, ""gamma"": 0.2, ""learning_rate"": 0.07, ""max_depth"": 5, ""min_child_weight"": 1, ""n_estimators"": 250, ""subsample"": 1.0}",4,3058,0.8073904512753434,0.014979959843963908,4.0474195029872345e+19,2192.578913547333,0.07588403381916575,45.475006308038935
stage2,931,38,0.52,74772,27,"{""atr_period"": 14, ""horizon_h"": 6, ""ma_windows"": [6, 18, 72], ""mtf_intervals"": [""4h"", ""1d""], ""ret_windows"": [1, 3, 6, 12, 24], ""rsi_period"": 21, ""target_threshold"": 0.004, ""vol_windows"": [24, 72]}","{""colsample_bytree"": 1.0, ""gamma"": 0.0, ""learning_rate"": 0.03, ""max_depth"": 5, ""min_child_weight"": 5, ""n_estimators"": 250, ""subsample"": 0.7}",4,4825,0.7338860103626943,0.012097725038174285,9.9561955983916e+24,2192.578913547333,0.10631100189440013,57.79097237010061
stage2,931,38,0.55,74772,27,"{""atr_period"": 14, ""horizon_h"": 6, ""ma_windows"": [6, 18, 72], ""mtf_intervals"": [""4h"", ""1d""], ""ret_windows"": [1, 3, 6, 12, 24], ""rsi_period"": 21, ""target_threshold"": 0.004, ""vol_windows"": [24, 72]}","{""colsample_bytree"": 1.0, ""gamma"": 0.0, ""learning_rate"": 0.03, ""max_depth"": 5, ""min_child_weight"": 5, ""n_estimators"": 250, ""subsample"": 0.7}",4,4239,0.7596131163010144,0.012993762785743136,3.8581091399245606e+23,2192.578913547333,0.0720349392247489,54.58525746791033
stage2,931,38,0.58,74772,27,"{""atr_period"": 14, ""horizon_h"": 6, ""ma_windows"": [6, 18, 72], ""mtf_intervals"": [""4h"", ""1d""], ""ret_windows"": [1, 3, 6, 12, 24], ""rsi_period"": 21, ""target_threshold"": 0.004, ""vol_windows"": [24, 72]}","{""colsample_bytree"": 1.0, ""gamma"": 0.0, ""learning_rate"": 0.03, ""max_depth"": 5, ""min_child_weight"": 5, ""n_estimators"": 250, ""subsample"": 0.7}",4,3693,0.7809369076631465,0.013906094674346038,9.65466827073283e+21,2192.578913547333,0.07092643614738747,50.922263575329126
stage2,931,38,0.6,74772,27,"{""atr_period"": 14, ""horizon_h"": 6, ""ma_windows"": [6, 18, 72], ""mtf_intervals"": [""4h"", ""1d""], ""ret_windows"": [1, 3, 6, 12, 24], ""rsi_period"": 21, ""target_threshold"": 0.004, ""vol_windows"": [24, 72]}","{""colsample_bytree"": 1.0, ""gamma"": 0.0, ""learning_rate"": 0.03, ""max_depth"": 5, ""min_child_weight"": 5, ""n_estimators"": 250, ""subsample"": 0.7}",4,3361,0.7950014876524844,0.014537362986707542,8.186468115551348e+20,2192.578913547333,0.07092643614738747,48.47102129715319
stage2,931,38,0.62,74772,27,"{""atr_period"": 14, ""horizon_h"": 6, ""ma_windows"": [6, 18, 72], ""mtf_intervals"": [""4h"", ""1d""], ""ret_windows"": [1, 3, 6, 12, 24], ""rsi_period"": 21, ""target_threshold"": 0.004, ""vol_windows"": [24, 72]}","{""colsample_bytree"": 1.0, ""gamma"": 0.0, ""learning_rate"": 0.03, ""max_depth"": 5, ""min_child_weight"": 5, ""n_estimators"": 250, ""subsample"": 0.7}",4,3049,0.807149885208265,0.015185281780641645,6.532075293729898e+19,2192.578913547333,0.06056601387451899,45.96276062430606
stage2,931,38,0.65,74772,27,"{""atr_period"": 14, ""horizon_h"": 6, ""ma_windows"": [6, 18, 72], ""mtf_intervals"": [""4h"", ""1d""], ""ret_windows"": [1, 3, 6, 12, 24], ""rsi_period"": 21, ""target_threshold"": 0.004, ""vol_windows"": [24, 72]}","{""colsample_bytree"": 1.0, ""gamma"": 0.0, ""learning_rate"": 0.03, ""max_depth"": 5, ""min_child_weight"": 5, ""n_estimators"": 250, ""subsample"": 0.7}",4,2626,0.8271134805788272,0.016105603847913555,1.2430320312186655e+18,2192.578913547333,0.07422883788216594,42.01750645167758
stage2,931,36,0.52,74772,27,"{""atr_period"": 14, ""horizon_h"": 6, ""ma_windows"": [6, 18, 72], ""mtf_intervals"": [""4h"", ""1d""], ""ret_windows"": [1, 3, 6, 12, 24], ""rsi_period"": 21, ""target_threshold"": 0.004, ""vol_windows"": [24, 72]}","{""colsample_bytree"": 1.0, ""gamma"": 0.0, ""learning_rate"": 0.03, ""max_depth"": 5, ""min_child_weight"": 1, ""n_estimators"": 250, ""subsample"": 0.7}",4,4822,0.73372044794691,0.012118376899236796,1.0611605398379575e+25,2192.578913547333,0.0720349392247489,57.87189638690794
stage2,931,36,0.55,74772,27,"{""atr_period"": 14, ""horizon_h"": 6, ""ma_windows"": [6, 18, 72], ""mtf_intervals"": [""4h"", ""1d""], ""ret_windows"": [1, 3, 6, 12, 24], ""rsi_period"": 21, ""target_threshold"": 0.004, ""vol_windows"": [24, 72]}","{""colsample_bytree"": 1.0, ""gamma"": 0.0, ""learning_rate"": 0.03, ""max_depth"": 5, ""min_child_weight"": 1, ""n_estimators"": 250, ""subsample"": 0.7}",4,4238,0.7590844738084002,0.013007631245928688,4.0238631221551586e+23,2192.578913547333,0.0720349392247488,54.62701071511473
stage2,931,36,0.58,74772,27,"{""atr_period"": 14, ""horizon_h"": 6, ""ma_windows"": [6, 18, 72], ""mtf_intervals"": [""4h"", ""1d""], ""ret_windows"": [1, 3, 6, 12, 24], ""rsi_period"": 21, ""target_threshold"": 0.004, ""vol_windows"": [24, 72]}","{""colsample_bytree"": 1.0, ""gamma"": 0.0, ""learning_rate"": 0.03, ""max_depth"": 5, ""min_child_weight"": 1, ""n_estimators"": 250, ""subsample"": 0.7}",4,3698,0.7820443482963764,0.013947393266354531,1.2034549950465809e+22,2192.578913547333,0.07092643614738758,51.1438200350461
stage2,931,36,0.6,74772,27,"{""atr_period"": 14, ""horizon_h"": 6, ""ma_windows"": [6, 18, 72], ""mtf_intervals"": [""4h"", ""1d""], ""ret_windows"": [1, 3, 6, 12, 24], ""rsi_period"": 21, ""target_threshold"": 0.004, ""vol_windows"": [24, 72]}","{""colsample_bytree"": 1.0, ""gamma"": 0.0, ""learning_rate"": 0.03, ""max_depth"": 5, ""min_child_weight"": 1, ""n_estimators"": 250, ""subsample"": 0.7}",4,3384,0.7972813238770685,0.014552386460793952,1.1990714133376863e+21,2192.578913547333,0.0709264361473877,48.854615320609675
stage2,931,36,0.62,74772,27,"{""atr_period"": 14, ""horizon_h"": 6, ""ma_windows"": [6, 18, 72], ""mtf_intervals"": [""4h"", ""1d""], ""ret_windows"": [1, 3, 6, 12, 24], ""rsi_period"": 21, ""target_threshold"": 0.004, ""vol_windows"": [24, 72]}","{""colsample_bytree"": 1.0, ""gamma"": 0.0, ""learning_rate"": 0.03, ""max_depth"": 5, ""min_child_weight"": 1, ""n_estimators"": 250, ""subsample"": 0.7}",4,3052,0.8106159895150721,0.015190482469901071,6.904155760343261e+19,2192.578913547333,0.07092643614738736,46.01579371459509
stage2,931,36,0.65,74772,27,"{""atr_period"": 14, ""horizon_h"": 6, ""ma_windows"": [6, 18, 72], ""mtf_intervals"": [""4h"", ""1d""], ""ret_windows"": [1, 3, 6, 12, 24], ""rsi_period"": 21, ""target_threshold"": 0.004, ""vol_windows"": [24, 72]}","{""colsample_bytree"": 1.0, ""gamma"": 0.0, ""learning_rate"": 0.03, ""max_depth"": 5, ""min_child_weight"": 1, ""n_estimators"": 250, ""subsample"": 0.7}",4,2610,0.8310344827586207,0.01630707349516722,1.6081299176910177e+18,2192.578913547333,0.07110468036280437,42.281335469956694
stage2,931,32,0.52,74772,27,"{""atr_period"": 14, ""horizon_h"": 6, ""ma_windows"": [6, 18, 72], ""mtf_intervals"": [""4h"", ""1d""], ""ret_windows"": [1, 3, 6, 12, 24], ""rsi_period"": 21, ""target_threshold"": 0.004, ""vol_windows"": [24, 72]}","{""colsample_bytree"": 0.7, ""gamma"": 0.0, ""learning_rate"": 0.03, ""max_depth"": 5, ""min_child_weight"": 1, ""n_estimators"": 250, ""subsample"": 0.7}",4,4725,0.7369312169312169,0.012205486733317889,4.957411118664904e+24,2192.578913547333,0.12829333359799933,57.085968085060074
stage2,931,32,0.55,74772,27,"{""atr_period"": 14, ""horizon_h"": 6, ""ma_windows"": [6, 18, 72], ""mtf_intervals"": [""4h"", ""1d""], ""ret_windows"": [1, 3, 6, 12, 24], ""rsi_period"": 21, ""target_threshold"": 0.004, ""vol_windows"": [24, 72]}","{""colsample_bytree"": 0.7, ""gamma"": 0.0, ""learning_rate"": 0.03, ""max_depth"": 5, ""min_child_weight"": 1, ""n_estimators"": 250, ""subsample"": 0.7}",4,4155,0.7566787003610108,0.013028113230008636,1.4991001456385373e+23,2192.578913547333,0.08052169733280634,53.6336291815123
stage2,931,32,0.58,74772,27,"{""atr_period"": 14, ""horizon_h"": 6, ""ma_windows"": [6, 18, 72], ""mtf_intervals"": [""4h"", ""1d""], ""ret_windows"": [1, 3, 6, 12, 24], ""rsi_period"": 21, ""target_threshold"": 0.004, ""vol_windows"": [24, 72]}","{""colsample_bytree"": 0.7, ""gamma"": 0.0, ""learning_rate"": 0.03, ""max_depth"": 5, ""min_child_weight"": 1, ""n_estimators"": 250, ""subsample"": 0.7}",4,3662,0.7774440196613872,0.013926483350665701,6.777121696932184e+21,2192.578913547333,0.07838556039125821,50.56201373855227
stage2,931,32,0.6,74772,27,"{""atr_period"": 14, ""horizon_h"": 6, ""ma_windows"": [6, 18, 72], ""mtf_intervals"": [""4h"", ""1d""], ""ret_windows"": [1, 3, 6, 12, 24], ""rsi_period"": 21, ""target_threshold"": 0.004, ""vol_windows"": [24, 72]}","{""colsample_bytree"": 0.7, ""gamma"": 0.0, ""learning_rate"": 0.03, ""max_depth"": 5, ""min_child_weight"": 1, ""n_estimators"": 250, ""subsample"": 0.7}",4,3328,0.7941706730769231,0.014589782035126909,6.027365138812904e+20,2192.578913547333,0.07588403381916586,48.1621245942212
stage2,931,32,0.62,74772,27,"{""atr_period"": 14, ""horizon_h"": 6, ""ma_windows"": [6, 18, 72], ""mtf_intervals"": [""4h"", ""1d""], ""ret_windows"": [1, 3, 6, 12, 24], ""rsi_period"": 21, ""target_threshold"": 0.004, ""vol_windows"": [24, 72]}","{""colsample_bytree"": 0.7, ""gamma"": 0.0, ""learning_rate"": 0.03, ""max_depth"": 5, ""min_child_weight"": 1, ""n_estimators"": 250, ""subsample"": 0.7}",4,3016,0.8100132625994695,0.015228013569897406,4.4958062675483615e+19,2192.578913547333,0.07588403381916586,45.58415449032093
stage2,931,32,0.65,74772,27,"{""atr_period"": 14, ""horizon_h"": 6, ""ma_windows"": [6, 18, 72], ""mtf_intervals"": [""4h"", ""1d""], ""ret_windows"": [1, 3, 6, 12, 24], ""rsi_period"": 21, ""target_threshold"": 0.004, ""vol_windows"": [24, 72]}","{""colsample_bytree"": 0.7, ""gamma"": 0.0, ""learning_rate"": 0.03, ""max_depth"": 5, ""min_child_weight"": 1, ""n_estimators"": 250, ""subsample"": 0.7}",4,2556,0.8305946791862285,0.01627188447088009,6.199995603922358e+17,2192.578913547333,0.060566013874518876,41.332862976083554
stage2,931,42,0.52,74772,27,"{""atr_period"": 14, ""horizon_h"": 6, ""ma_windows"": [6, 18, 72], ""mtf_intervals"": [""4h"", ""1d""], ""ret_windows"": [1, 3, 6, 12, 24], ""rsi_period"": 21, ""target_threshold"": 0.004, ""vol_windows"": [24, 72]}","{""colsample_bytree"": 0.7, ""gamma"": 0.0, ""learning_rate"": 0.03, ""max_depth"": 5, ""min_child_weight"": 5, ""n_estimators"": 250, ""subsample"": 1.0}",4,4747,0.7352011796924374,0.012181920984823045,5.78694846753098e+24,2192.578913547333,0.12318566736518655,57.24167082749145
stage2,931,42,0.55,74772,27,"{""atr_period"": 14, ""horizon_h"": 6, ""ma_windows"": [6, 18, 72], ""mtf_intervals"": [""4h"", ""1d""], ""ret_windows"": [1, 3, 6, 12, 24], ""rsi_period"": 21, ""target_threshold"": 0.004, ""vol_windows"": [24, 72]}","{""colsample_bytree"": 0.7, ""gamma"": 0.0, ""learning_rate"": 0.03, ""max_depth"": 5, ""min_child_weight"": 5, ""n_estimators"": 250, ""subsample"": 1.0}",4,4136,0.7606382978723404,0.013168457907639671,2.0753385964179588e+23,2192.578913547333,0.11926288044991362,53.94380831956411
stage2,931,42,0.58,74772,27,"{""atr_period"": 14, ""horizon_h"": 6, ""ma_windows"": [6, 18, 72], ""mtf_intervals"": [""4h"", ""1d""], ""ret_windows"": [1, 3, 6, 12, 24], ""rsi_period"": 21, ""target_threshold"": 0.004, ""vol_windows"": [24, 72]}","{""colsample_bytree"": 0.7, ""gamma"": 0.0, ""learning_rate"": 0.03, ""max_depth"": 5, ""min_child_weight"": 5, ""n_estimators"": 250, ""subsample"": 1.0}",4,3603,0.7815709131279489,0.01401891526358114,4.175147517973559e+21,2192.578913547333,0.07838556039125832,50.08165191661531
stage2,931,42,0.6,74772,27,"{""atr_period"": 14, ""horizon_h"": 6, ""ma_windows"": [6, 18, 72], ""mtf_intervals"": [""4h"", ""1d""], ""ret_windows"": [1, 3, 6, 12, 24], ""rsi_period"": 21, ""target_threshold"": 0.004, ""vol_windows"": [24, 72]}","{""colsample_bytree"": 0.7, ""gamma"": 0.0, ""learning_rate"": 0.03, ""max_depth"": 5, ""min_child_weight"": 5, ""n_estimators"": 250, ""subsample"": 1.0}",4,3295,0.8003034901365705,0.014723768575810273,5.792465393110323e+20,2192.578913547333,0.07588403381916575,48.12835078656294
stage2,931,42,0.62,74772,27,"{""atr_period"": 14, ""horizon_h"": 6, ""ma_windows"": [6, 18, 72], ""mtf_intervals"": [""4h"", ""1d""], ""ret_windows"": [1, 3, 6, 12, 24], ""rsi_period"": 21, ""target_threshold"": 0.004, ""vol_windows"": [24, 72]}","{""colsample_bytree"": 0.7, ""gamma"": 0.0, ""learning_rate"": 0.03, ""max_depth"": 5, ""min_child_weight"": 5, ""n_estimators"": 250, ""subsample"": 1.0}",4,2954,0.8124576844955992,0.015355482234340941,2.5603888601361543e+19,2192.578913547333,0.07573261296471678,45.024219611322465
stage2,931,42,0.65,74772,27,"{""atr_period"": 14, ""horizon_h"": 6, ""ma_windows"": [6, 18, 72], ""mtf_intervals"": [""4h"", ""1d""], ""ret_windows"": [1, 3, 6, 12, 24], ""rsi_period"": 21, ""target_threshold"": 0.004, ""vol_windows"": [24, 72]}","{""colsample_bytree"": 0.7, ""gamma"": 0.0, ""learning_rate"": 0.03, ""max_depth"": 5, ""min_child_weight"": 5, ""n_estimators"": 250, ""subsample"": 1.0}",4,2490,0.8321285140562249,0.01639427656455512,2.895227724153169e+17,2192.578913547333,0.06056601387451899,40.57358436684707
stage2,931,44,0.52,74772,27,"{""atr_period"": 14, ""horizon_h"": 6, ""ma_windows"": [6, 18, 72], ""mtf_intervals"": [""4h"", ""1d""], ""ret_windows"": [1, 3, 6, 12, 24], ""rsi_period"": 21, ""target_threshold"": 0.004, ""vol_windows"": [24, 72]}","{""colsample_bytree"": 1.0, ""gamma"": 0.0, ""learning_rate"": 0.03, ""max_depth"": 5, ""min_child_weight"": 1, ""n_estimators"": 250, ""subsample"": 1.0}",4,4744,0.737141652613828,0.012182154946384707,5.624813099124023e+24,2192.578913547333,0.08405898325501482,57.23437102260779
stage2,931,44,0.55,74772,27,"{""atr_period"": 14, ""horizon_h"": 6, ""ma_windows"": [6, 18, 72], ""mtf_intervals"": [""4h"", ""1d""], ""ret_windows"": [1, 3, 6, 12, 24], ""rsi_period"": 21, ""target_threshold"": 0.004, ""vol_windows"": [24, 72]}","{""colsample_bytree"": 1.0, ""gamma"": 0.0, ""learning_rate"": 0.03, ""max_depth"": 5, ""min_child_weight"": 1, ""n_estimators"": 250, ""subsample"": 1.0}",4,4159,0.7636451069968743,0.013128168302348083,2.3891242136750016e+23,2192.578913547333,0.07092643614738736,54.11086221380144
stage2,931,44,0.58,74772,27,"{""atr_period"": 14, ""horizon_h"": 6, ""ma_windows"": [6, 18, 72], ""mtf_intervals"": [""4h"", ""1d""], ""ret_windows"": [1, 3, 6, 12, 24], ""rsi_period"": 21, ""target_threshold"": 0.004, ""vol_windows"": [24, 72]}","{""colsample_bytree"": 1.0, ""gamma"": 0.0, ""learning_rate"": 0.03, ""max_depth"": 5, ""min_child_weight"": 1, ""n_estimators"": 250, ""subsample"": 1.0}",4,3629,0.7790024800220446,0.013944592975281929,4.612140912126778e+21,2192.578913547333,0.0709264361473877,50.182274617927824
stage2,931,44,0.6,74772,27,"{""atr_period"": 14, ""horizon_h"": 6, ""ma_windows"": [6, 18, 72], ""mtf_intervals"": [""4h"", ""1d""], ""ret_windows"": [1, 3, 6, 12, 24], ""rsi_period"": 21, ""target_threshold"": 0.004, ""vol_windows"": [24, 72]}","{""colsample_bytree"": 1.0, ""gamma"": 0.0, ""learning_rate"": 0.03, ""max_depth"": 5, ""min_child_weight"": 1, ""n_estimators"": 250, ""subsample"": 1.0}",4,3327,0.7956116621581004,0.014561740071067319,5.462308608781657e+20,2192.578913547333,0.07092643614738758,48.06709341461615
stage2,931,44,0.62,74772,27,"{""atr_period"": 14, ""horizon_h"": 6, ""ma_windows"": [6, 18, 72], ""mtf_intervals"": [""4h"", ""1d""], ""ret_windows"": [1, 3, 6, 12, 24], ""rsi_period"": 21, ""target_threshold"": 0.004, ""vol_windows"": [24, 72]}","{""colsample_bytree"": 1.0, ""gamma"": 0.0, ""learning_rate"": 0.03, ""max_depth"": 5, ""min_child_weight"": 1, ""n_estimators"": 250, ""subsample"": 1.0}",4,3005,0.810981697171381,0.015235633963115376,3.920231947702555e+19,2192.578913547333,0.07092643614738758,45.45047480063936
stage2,931,44,0.65,74772,27,"{""atr_period"": 14, ""horizon_h"": 6, ""ma_windows"": [6, 18, 72], ""mtf_intervals"": [""4h"", ""1d""], ""ret_windows"": [1, 3, 6, 12, 24], ""rsi_period"": 21, ""target_threshold"": 0.004, ""vol_windows"": [24, 72]}","{""colsample_bytree"": 1.0, ""gamma"": 0.0, ""learning_rate"": 0.03, ""max_depth"": 5, ""min_child_weight"": 1, ""n_estimators"": 250, ""subsample"": 1.0}",4,2582,0.8338497288923316,0.0162172932653577,8.2115252804071e+17,2192.578913547333,0.0709264361473877,41.61084018151139
stage2,931,23,0.52,74772,27,"{""atr_period"": 14, ""horizon_h"": 6, ""ma_windows"": [6, 18, 72], ""mtf_intervals"": [""4h"", ""1d""], ""ret_windows"": [1, 3, 6, 12, 24], ""rsi_period"": 21, ""target_threshold"": 0.004, ""vol_windows"": [24, 72]}","{""colsample_bytree"": 1.0, ""gamma"": 0.2, ""learning_rate"": 0.07, ""max_depth"": 3, ""min_child_weight"": 5, ""n_estimators"": 250, ""subsample"": 0.7}",4,4609,0.7355174658277284,0.012219123588576025,1.3004672431645304e+24,2192.578913547333,0.08901548755597866,55.766425067161144
stage2,931,23,0.55,74772,27,"{""atr_period"": 14, ""horizon_h"": 6, ""ma_windows"": [6, 18, 72], ""mtf_intervals"": [""4h"", ""1d""], ""ret_windows"": [1, 3, 6, 12, 24], ""rsi_period"": 21, ""target_threshold"": 0.004, ""vol_windows"": [24, 72]}","{""colsample_bytree"": 1.0, ""gamma"": 0.2, ""learning_rate"": 0.07, ""max_depth"": 3, ""min_child_weight"": 5, ""n_estimators"": 250, ""subsample"": 0.7}",4,3977,0.757606235856173,0.013149036556397651,2.411127850184465e+22,2192.578913547333,0.07899211691902852,51.80874789420452
stage2,931,23,0.58,74772,27,"{""atr_period"": 14, ""horizon_h"": 6, ""ma_windows"": [6, 18, 72], ""mtf_intervals"": [""4h"", ""1d""], ""ret_windows"": [1, 3, 6, 12, 24], ""rsi_period"": 21, ""target_threshold"": 0.004, ""vol_windows"": [24, 72]}","{""colsample_bytree"": 1.0, ""gamma"": 0.2, ""learning_rate"": 0.07, ""max_depth"": 3, ""min_child_weight"": 5, ""n_estimators"": 250, ""subsample"": 0.7}",4,3464,0.7774249422632794,0.01397950214758489,5.274346745946382e+20,2192.578913547333,0.07110468036280437,48.012780322753166
stage2,931,23,0.6,74772,27,"{""atr_period"": 14, ""horizon_h"": 6, ""ma_windows"": [6, 18, 72], ""mtf_intervals"": [""4h"", ""1d""], ""ret_windows"": [1, 3, 6, 12, 24], ""rsi_period"": 21, ""target_threshold"": 0.004, ""vol_windows"": [24, 72]}","{""colsample_bytree"": 1.0, ""gamma"": 0.2, ""learning_rate"": 0.07, ""max_depth"": 3, ""min_child_weight"": 5, ""n_estimators"": 250, ""subsample"": 0.7}",4,3134,0.7922782386726228,0.014726320728038993,5.5907895302699704e+19,2192.578913547333,0.07110468036280448,45.78631810042356
stage2,931,23,0.62,74772,27,"{""atr_period"": 14, ""horizon_h"": 6, ""ma_windows"": [6, 18, 72], ""mtf_intervals"": [""4h"", ""1d""], ""ret_windows"": [1, 3, 6, 12, 24], ""rsi_period"": 21, ""target_threshold"": 0.004, ""vol_windows"": [24, 72]}","{""colsample_bytree"": 1.0, ""gamma"": 0.2, ""learning_rate"": 0.07, ""max_depth"": 3, ""min_child_weight"": 5, ""n_estimators"": 250, ""subsample"": 0.7}",4,2797,0.8040757954951734,0.015353370349877955,2.357462881836131e+18,2192.578913547333,0.07092643614738758,42.63474204570156
stage2,931,23,0.65,74772,27,"{""atr_period"": 14, ""horizon_h"": 6, ""ma_windows"": [6, 18, 72], ""mtf_intervals"": [""4h"", ""1d""], ""ret_windows"": [1, 3, 6, 12, 24], ""rsi_period"": 21, ""target_threshold"": 0.004, ""vol_windows"": [24, 72]}","{""colsample_bytree"": 1.0, ""gamma"": 0.2, ""learning_rate"": 0.07, ""max_depth"": 3, ""min_child_weight"": 5, ""n_estimators"": 250, ""subsample"": 0.7}",4,2344,0.8208191126279863,0.016408026591830722,2.8040352070853464e+16,2192.578913547333,0.07092643614738747,38.22487729778347
stage2,7123,51,0.52,74772,27,"{""atr_period"": 21, ""horizon_h"": 6, ""ma_windows"": [12, 24, 72], ""mtf_intervals"": [""4h"", ""1d""], ""ret_windows"": [1, 6, 12, 24, 48], ""rsi_period"": 21, ""target_threshold"": 0.004, ""vol_windows"": [12, 48]}","{""colsample_bytree"": 0.7, ""gamma"": 0.2, ""learning_rate"": 0.07, ""max_depth"": 5, ""min_child_weight"": 5, ""n_estimators"": 250, ""subsample"": 0.7}",4,5023,0.7264582918574557,0.01179328103957546,2.3301669203611477e+25,2192.578913547333,0.09525509613134553,58.63845256323963
stage2,7123,51,0.55,74772,27,"{""atr_period"": 21, ""horizon_h"": 6, ""ma_windows"": [12, 24, 72], ""mtf_intervals"": [""4h"", ""1d""], ""ret_windows"": [1, 6, 12, 24, 48], ""rsi_period"": 21, ""target_threshold"": 0.004, ""vol_windows"": [12, 48]}","{""colsample_bytree"": 0.7, ""gamma"": 0.2, ""learning_rate"": 0.07, ""max_depth"": 5, ""min_child_weight"": 5, ""n_estimators"": 250, ""subsample"": 0.7}",4,4488,0.7515597147950089,0.012683800008882487,2.372528016923629e+24,2192.578913547333,0.09105671965709916,56.38318810439781
stage2,7123,51,0.58,74772,27,"{""atr_period"": 21, ""horizon_h"": 6, ""ma_windows"": [12, 24, 72], ""mtf_intervals"": [""4h"", ""1d""], ""ret_windows"": [1, 6, 12, 24, 48], ""rsi_period"": 21, ""target_threshold"": 0.004, ""vol_windows"": [12, 48]}","{""colsample_bytree"": 0.7, ""gamma"": 0.2, ""learning_rate"": 0.07, ""max_depth"": 5, ""min_child_weight"": 5, ""n_estimators"": 250, ""subsample"": 0.7}",4,3995,0.7709637046307884,0.013446777730648448,9.945569104858985e+22,2192.578913547333,0.07422883788216605,53.241229948371014
stage2,7123,51,0.6,74772,27,"{""atr_period"": 21, ""horizon_h"": 6, ""ma_windows"": [12, 24, 72], ""mtf_intervals"": [""4h"", ""1d""], ""ret_windows"": [1, 6, 12, 24, 48], ""rsi_period"": 21, ""target_threshold"": 0.004, ""vol_windows"": [12, 48]}","{""colsample_bytree"": 0.7, ""gamma"": 0.2, ""learning_rate"": 0.07, ""max_depth"": 5, ""min_child_weight"": 5, ""n_estimators"": 250, ""subsample"": 0.7}",4,3641,0.7865970887118924,0.014120660700754602,1.0126064000274188e+22,2192.578913547333,0.07612129628641295,50.97358195522555
stage2,7123,51,0.62,74772,27,"{""atr_period"": 21, ""horizon_h"": 6, ""ma_windows"": [12, 24, 72], ""mtf_intervals"": [""4h"", ""1d""], ""ret_windows"": [1, 6, 12, 24, 48], ""rsi_period"": 21, ""target_threshold"": 0.004, ""vol_windows"": [12, 48]}","{""colsample_bytree"": 0.7, ""gamma"": 0.2, ""learning_rate"": 0.07, ""max_depth"": 5, ""min_child_weight"": 5, ""n_estimators"": 250, ""subsample"": 0.7}",4,3337,0.8043152532214564,0.01480646639439752,1.395847294310951e+21,2192.578913547333,0.07422883788216617,49.0125780779937
stage2,7123,51,0.65,74772,27,"{""atr_period"": 21, ""horizon_h"": 6, ""ma_windows"": [12, 24, 72], ""mtf_intervals"": [""4h"", ""1d""], ""ret_windows"": [1, 6, 12, 24, 48], ""rsi_period"": 21, ""target_threshold"": 0.004, ""vol_windows"": [12, 48]}","{""colsample_bytree"": 0.7, ""gamma"": 0.2, ""learning_rate"": 0.07, ""max_depth"": 5, ""min_child_weight"": 5, ""n_estimators"": 250, ""subsample"": 0.7}",4,2927,0.8243935770413393,0.015653982726096118,4.025116598879477e+19,2192.578913547333,0.05465259221013519,45.499091073340296
stage2,7123,58,0.52,74772,27,"{""atr_period"": 21, ""horizon_h"": 6, ""ma_windows"": [12, 24, 72], ""mtf_intervals"": [""4h"", ""1d""], ""ret_windows"": [1, 6, 12, 24, 48], ""rsi_period"": 21, ""target_threshold"": 0.004, ""vol_windows"": [12, 48]}","{""colsample_bytree"": 0.7, ""gamma"": 0.0, ""learning_rate"": 0.07, ""max_depth"": 5, ""min_child_weight"": 5, ""n_estimators"": 250, ""subsample"": 1.0}",4,5086,0.7206055839559575,0.011665644094531857,2.5545401191593857e+25,2192.578913547333,0.08371561742967082,58.73045135101118
stage2,7123,58,0.55,74772,27,"{""atr_period"": 21, ""horizon_h"": 6, ""ma_windows"": [12, 24, 72], ""mtf_intervals"": [""4h"", ""1d""], ""ret_windows"": [1, 6, 12, 24, 48], ""rsi_period"": 21, ""target_threshold"": 0.004, ""vol_windows"": [12, 48]}","{""colsample_bytree"": 0.7, ""gamma"": 0.0, ""learning_rate"": 0.07, ""max_depth"": 5, ""min_child_weight"": 5, ""n_estimators"": 250, ""subsample"": 1.0}",4,4499,0.7457212713936431,0.012537409381690023,1.422130147777232e+24,2192.578913547333,0.0782345494239931,55.87195710096304
stage2,7123,58,0.58,74772,27,"{""atr_period"": 21, ""horizon_h"": 6, ""ma_windows"": [12, 24, 72], ""mtf_intervals"": [""4h"", ""1d""], ""ret_windows"": [1, 6, 12, 24, 48], ""rsi_period"": 21, ""target_threshold"": 0.004, ""vol_windows"": [12, 48]}","{""colsample_bytree"": 0.7, ""gamma"": 0.0, ""learning_rate"": 0.07, ""max_depth"": 5, ""min_child_weight"": 5, ""n_estimators"": 250, ""subsample"": 1.0}",4,3989,0.7723740285785912,0.01343355370239576,8.75022997939982e+22,2192.578913547333,0.0782345494239931,53.112202407023155
stage2,7123,58,0.6,74772,27,"{""atr_period"": 21, ""horizon_h"": 6, ""ma_windows"": [12, 24, 72], ""mtf_intervals"": [""4h"", ""1d""], ""ret_windows"": [1, 6, 12, 24, 48], ""rsi_period"": 21, ""target_threshold"": 0.004, ""vol_windows"": [12, 48]}","{""colsample_bytree"": 0.7, ""gamma"": 0.0, ""learning_rate"": 0.07, ""max_depth"": 5, ""min_child_weight"": 5, ""n_estimators"": 250, ""subsample"": 1.0}",4,3686,0.7840477482365709,0.013953336016481716,1.0413897481698838e+22,2192.578913547333,0.07612129628641284,50.998232401868066
stage2,7123,58,0.62,74772,27,"{""atr_period"": 21, ""horizon_h"": 6, ""ma_windows"": [12, 24, 72], ""mtf_intervals"": [""4h"", ""1d""], ""ret_windows"": [1, 6, 12, 24, 48], ""rsi_period"": 21, ""target_threshold"": 0.004, ""vol_windows"": [12, 48]}","{""colsample_bytree"": 0.7, ""gamma"": 0.0, ""learning_rate"": 0.07, ""max_depth"": 5, ""min_child_weight"": 5, ""n_estimators"": 250, ""subsample"": 1.0}",4,3383,0.7972214011232633,0.014609302651411837,1.4248713039023201e+21,2192.578913547333,0.07612129628641273,49.0249593434328
stage2,7123,58,0.65,74772,27,"{""atr_period"": 21, ""horizon_h"": 6, ""ma_windows"": [12, 24, 72], ""mtf_intervals"": [""4h"", ""1d""], ""ret_windows"": [1, 6, 12, 24, 48], ""rsi_period"": 21, ""target_threshold"": 0.004, ""vol_windows"": [12, 48]}","{""colsample_bytree"": 0.7, ""gamma"": 0.0, ""learning_rate"": 0.07, ""max_depth"": 5, ""min_child_weight"": 5, ""n_estimators"": 250, ""subsample"": 1.0}",4,2921,0.8254022595001712,0.015623955994325148,3.3768820784350945e+19,2192.578913547333,0.06154078183779288,45.32061265328628
stage2,7123,50,0.52,74772,27,"{""atr_period"": 21, ""horizon_h"": 6, ""ma_windows"": [12, 24, 72], ""mtf_intervals"": [""4h"", ""1d""], ""ret_windows"": [1, 6, 12, 24, 48], ""rsi_period"": 21, ""target_threshold"": 0.004, ""vol_windows"": [12, 48]}","{""colsample_bytree"": 0.7, ""gamma"": 0.0, ""learning_rate"": 0.07, ""max_depth"": 5, ""min_child_weight"": 5, ""n_estimators"": 250, ""subsample"": 0.7}",4,5023,0.7246665339438583,0.011777733662992809,2.1664488323406275e+25,2192.578913547333,0.09441855110857111,58.56446249001528
stage2,7123,50,0.55,74772,27,"{""atr_period"": 21, ""horizon_h"": 6, ""ma_windows"": [12, 24, 72], ""mtf_intervals"": [""4h"", ""1d""], ""ret_windows"": [1, 6, 12, 24, 48], ""rsi_period"": 21, ""target_threshold"": 0.004, ""vol_windows"": [12, 48]}","{""colsample_bytree"": 0.7, ""gamma"": 0.0, ""learning_rate"": 0.07, ""max_depth"": 5, ""min_child_weight"": 5, ""n_estimators"": 250, ""subsample"": 0.7}",4,4496,0.7475533807829181,0.012590539524875561,1.7331412886944454e+24,2192.578913547333,0.09441855110857122,56.06353551292523
stage2,7123,50,0.58,74772,27,"{""atr_period"": 21, ""horizon_h"": 6, ""ma_windows"": [12, 24, 72], ""mtf_intervals"": [""4h"", ""1d""], ""ret_windows"": [1, 6, 12, 24, 48], ""rsi_period"": 21, ""target_threshold"": 0.004, ""vol_windows"": [12, 48]}","{""colsample_bytree"": 0.7, ""gamma"": 0.0, ""learning_rate"": 0.07, ""max_depth"": 5, ""min_child_weight"": 5, ""n_estimators"": 250, ""subsample"": 0.7}",4,3989,0.7726247179744297,0.013468023479026404,1.000385414213782e+23,2192.578913547333,0.08088441748008524,53.24524423229557
stage2,7123,50,0.6,74772,27,"{""atr_period"": 21, ""horizon_h"": 6, ""ma_windows"": [12, 24, 72], ""mtf_intervals"": [""4h"", ""1d""], ""ret_windows"": [1, 6, 12, 24, 48], ""rsi_period"": 21, ""target_threshold"": 0.004, ""vol_windows"": [12, 48]}","{""colsample_bytree"": 0.7, ""gamma"": 0.0, ""learning_rate"": 0.07, ""max_depth"": 5, ""min_child_weight"": 5, ""n_estimators"": 250, ""subsample"": 0.7}",4,3668,0.7843511450381679,0.014051544477416173,1.1507991122255987e+22,2192.578913547333,0.07422883788216628,51.10010748003167
stage2,7123,50,0.62,74772,27,"{""atr_period"": 21, ""horizon_h"": 6, ""ma_windows"": [12, 24, 72], ""mtf_intervals"": [""4h"", ""1d""], ""ret_windows"": [1, 6, 12, 24, 48], ""rsi_period"": 21, ""target_threshold"": 0.004, ""vol_windows"": [12, 48]}","{""colsample_bytree"": 0.7, ""gamma"": 0.0, ""learning_rate"": 0.07, ""max_depth"": 5, ""min_child_weight"": 5, ""n_estimators"": 250, ""subsample"": 0.7}",4,3350,0.7988059701492537,0.014630313221188983,9.480682701597273e+20,2192.578913547333,0.05465259221013519,48.62971917427516
stage2,7123,50,0.65,74772,27,"{""atr_period"": 21, ""horizon_h"": 6, ""ma_windows"": [12, 24, 72], ""mtf_intervals"": [""4h"", ""1d""], ""ret_windows"": [1, 6, 12, 24, 48], ""rsi_period"": 21, ""target_threshold"": 0.004, ""vol_windows"": [12, 48]}","{""colsample_bytree"": 0.7, ""gamma"": 0.0, ""learning_rate"": 0.07, ""max_depth"": 5, ""min_child_weight"": 5, ""n_estimators"": 250, ""subsample"": 0.7}",4,2907,0.8224974200206399,0.015639018721949467,2.8359189252657197e+19,2192.578913547333,0.054652592210135076,45.14726657712913
stage2,7123,48,0.52,74772,27,"{""atr_period"": 21, ""horizon_h"": 6, ""ma_windows"": [12, 24, 72], ""mtf_intervals"": [""4h"", ""1d""], ""ret_windows"": [1, 6, 12, 24, 48], ""rsi_period"": 21, ""target_threshold"": 0.004, ""vol_windows"": [12, 48]}","{""colsample_bytree"": 0.7, ""gamma"": 0.0, ""learning_rate"": 0.07, ""max_depth"": 5, ""min_child_weight"": 1, ""n_estimators"": 250, ""subsample"": 0.7}",4,5080,0.7234251968503937,0.011715831454735912,3.0602268627502055e+25,2192.578913547333,0.0837156174296706,58.913725376624356
stage2,7123,48,0.55,74772,27,"{""atr_period"": 21, ""horizon_h"": 6, ""ma_windows"": [12, 24, 72], ""mtf_intervals"": [""4h"", ""1d""], ""ret_windows"": [1, 6, 12, 24, 48], ""rsi_period"": 21, ""target_threshold"": 0.004, ""vol_windows"": [12, 48]}","{""colsample_bytree"": 0.7, ""gamma"": 0.0, ""learning_rate"": 0.07, ""max_depth"": 5, ""min_child_weight"": 1, ""n_estimators"": 250, ""subsample"": 0.7}",4,4549,0.7412618157836888,0.012436971848241567,1.6710174528483328e+24,2192.578913547333,0.09105671965709916,56.02245179355331
stage2,7123,48,0.58,74772,27,"{""atr_period"": 21, ""horizon_h"": 6, ""ma_windows"": [12, 24, 72], ""mtf_intervals"": [""4h"", ""1d""], ""ret_windows"": [1, 6, 12, 24, 48], ""rsi_period"": 21, ""target_threshold"": 0.004, ""vol_windows"": [12, 48]}","{""colsample_bytree"": 0.7, ""gamma"": 0.0, ""learning_rate"": 0.07, ""max_depth"": 5, ""min_child_weight"": 1, ""n_estimators"": 250, ""subsample"": 0.7}",4,4037,0.7708694575179589,0.01337563304561238,1.3033039741881884e+23,2192.578913547333,0.07422883788216628,53.51094590917836
stage2,7123,48,0.6,74772,27,"{""atr_period"": 21, ""horizon_h"": 6, ""ma_windows"": [12, 24, 72], ""mtf_intervals"": [""4h"", ""1d""], ""ret_windows"": [1, 6, 12, 24, 48], ""rsi_period"": 21, ""target_threshold"": 0.004, ""vol_windows"": [12, 48]}","{""colsample_bytree"": 0.7, ""gamma"": 0.0, ""learning_rate"": 0.07, ""max_depth"": 5, ""min_child_weight"": 1, ""n_estimators"": 250, ""subsample"": 0.7}",4,3716,0.7844456404736275,0.013948843027362542,1.53479040376502e+22,2192.578913547333,0.07422883788216605,51.38729871046331
stage2,7123,48,0.62,74772,27,"{""atr_period"": 21, ""horizon_h"": 6, ""ma_windows"": [12, 24, 72], ""mtf_intervals"": [""4h"", ""1d""], ""ret_windows"": [1, 6, 12, 24, 48], ""rsi_period"": 21, ""target_threshold"": 0.004, ""vol_windows"": [12, 48]}","{""colsample_bytree"": 0.7, ""gamma"": 0.0, ""learning_rate"": 0.07, ""max_depth"": 5, ""min_child_weight"": 1, ""n_estimators"": 250, ""subsample"": 0.7}",4,3392,0.8004127358490566,0.014577456142664215,1.4556557191189598e+21,2192.578913547333,0.07422883788216605,49.049578836919586
stage2,7123,48,0.65,74772,27,"{""atr_period"": 21, ""horizon_h"": 6, ""ma_windows"": [12, 24, 72], ""mtf_intervals"": [""4h"", ""1d""], ""ret_windows"": [1, 6, 12, 24, 48], ""rsi_period"": 21, ""target_threshold"": 0.004, ""vol_windows"": [12, 48]}","{""colsample_bytree"": 0.7, ""gamma"": 0.0, ""learning_rate"": 0.07, ""max_depth"": 5, ""min_child_weight"": 1, ""n_estimators"": 250, ""subsample"": 0.7}",4,2956,0.81765899864682,0.015432334558957811,3.3176649301664457e+19,2192.578913547333,0.07438050509704175,45.28877359091306
stage2,7123,57,0.52,74772,27,"{""atr_period"": 21, ""horizon_h"": 6, ""ma_windows"": [12, 24, 72], ""mtf_intervals"": [""4h"", ""1d""], ""ret_windows"": [1, 6, 12, 24, 48], ""rsi_period"": 21, ""target_threshold"": 0.004, ""vol_windows"": [12, 48]}","{""colsample_bytree"": 0.7, ""gamma"": 0.2, ""learning_rate"": 0.07, ""max_depth"": 5, ""min_child_weight"": 1, ""n_estimators"": 250, ""subsample"": 1.0}",4,5049,0.7254901960784313,0.011732552868701075,2.339102260213008e+25,2192.578913547333,0.10349861662276905,58.63689780262781
stage2,7123,57,0.55,74772,27,"{""atr_period"": 21, ""horizon_h"": 6, ""ma_windows"": [12, 24, 72], ""mtf_intervals"": [""4h"", ""1d""], ""ret_windows"": [1, 6, 12, 24, 48], ""rsi_period"": 21, ""target_threshold"": 0.004, ""vol_windows"": [12, 48]}","{""colsample_bytree"": 0.7, ""gamma"": 0.2, ""learning_rate"": 0.07, ""max_depth"": 5, ""min_child_weight"": 1, ""n_estimators"": 250, ""subsample"": 1.0}",4,4495,0.7483870967741936,0.012577220517313014,1.615102101544916e+24,2192.578913547333,0.07823454942399288,56.00165057415007
stage2,7123,57,0.58,74772,27,"{""atr_period"": 21, ""horizon_h"": 6, ""ma_windows"": [12, 24, 72], ""mtf_intervals"": [""4h"", ""1d""], ""ret_windows"": [1, 6, 12, 24, 48], ""rsi_period"": 21, ""target_threshold"": 0.004, ""vol_windows"": [12, 48]}","{""colsample_bytree"": 0.7, ""gamma"": 0.2, ""learning_rate"": 0.07, ""max_depth"": 5, ""min_child_weight"": 1, ""n_estimators"": 250, ""subsample"": 1.0}",4,3995,0.7712140175219023,0.013458239173414929,1.0447027072944032e+23,2192.578913547333,0.0782345494239931,53.28870934587017
stage2,7123,57,0.6,74772,27,"{""atr_period"": 21, ""horizon_h"": 6, ""ma_windows"": [12, 24, 72], ""mtf_intervals"": [""4h"", ""1d""], ""ret_windows"": [1, 6, 12, 24, 48], ""rsi_period"": 21, ""target_threshold"": 0.004, ""vol_windows"": [12, 48]}","{""colsample_bytree"": 0.7, ""gamma"": 0.2, ""learning_rate"": 0.07, ""max_depth"": 5, ""min_child_weight"": 1, ""n_estimators"": 250, ""subsample"": 1.0}",4,3647,0.7885933644091033,0.014134258255642582,1.1635922358786937e+22,2192.578913547333,0.07884120533897354,51.11291217588833
stage2,7123,57,0.62,74772,27,"{""atr_period"": 21, ""horizon_h"": 6, ""ma_windows"": [12, 24, 72], ""mtf_intervals"": [""4h"", ""1d""], ""ret_windows"": [1, 6, 12, 24, 48], ""rsi_period"": 21, ""target_threshold"": 0.004, ""vol_windows"": [12, 48]}","{""colsample_bytree"": 0.7, ""gamma"": 0.2, ""learning_rate"": 0.07, ""max_depth"": 5, ""min_child_weight"": 1, ""n_estimators"": 250, ""subsample"": 1.0}",4,3347,0.7989244099193308,0.014616024248091539,8.63339315605975e+20,2192.578913547333,0.07884120533897354,48.52398658841833
stage2,7123,57,0.65,74772,27,"{""atr_period"": 21, ""horizon_h"": 6, ""ma_windows"": [12, 24, 72], ""mtf_intervals"": [""4h"", ""1d""], ""ret_windows"": [1, 6, 12, 24, 48], ""rsi_period"": 21, ""target_threshold"": 0.004, ""vol_windows"": [12, 48]}","{""colsample_bytree"": 0.7, ""gamma"": 0.2, ""learning_rate"": 0.07, ""max_depth"": 5, ""min_child_weight"": 1, ""n_estimators"": 250, ""subsample"": 1.0}",4,2902,0.8259820813232254,0.01564330515863761,2.6557257670827655e+19,2192.578913547333,0.06154078183779288,45.08099645823381
stage2,7123,61,0.52,74772,27,"{""atr_period"": 21, ""horizon_h"": 6, ""ma_windows"": [12, 24, 72], ""mtf_intervals"": [""4h"", ""1d""], ""ret_windows"": [1, 6, 12, 24, 48], ""rsi_period"": 21, ""target_threshold"": 0.004, ""vol_windows"": [12, 48]}","{""colsample_bytree"": 1.0, ""gamma"": 0.2, ""learning_rate"": 0.07, ""max_depth"": 5, ""min_child_weight"": 1, ""n_estimators"": 250, ""subsample"": 1.0}",4,5102,0.7228537828302627,0.01173591198918788,4.3813491615145814e+25,2192.578913547333,0.10590710498058997,59.26120079923917
stage2,7123,61,0.55,74772,27,"{""atr_period"": 21, ""horizon_h"": 6, ""ma_windows"": [12, 24, 72], ""mtf_intervals"": [""4h"", ""1d""], ""ret_windows"": [1, 6, 12, 24, 48], ""rsi_period"": 21, ""target_threshold"": 0.004, ""vol_windows"": [12, 48]}","{""colsample_bytree"": 1.0, ""gamma"": 0.2, ""learning_rate"": 0.07, ""max_depth"": 5, ""min_child_weight"": 1, ""n_estimators"": 250, ""subsample"": 1.0}",4,4508,0.7444543034605147,0.012556171676039713,1.724048749749449e+24,2192.578913547333,0.10590710498058997,56.04977694450209
stage2,7123,61,0.58,74772,27,"{""atr_period"": 21, ""horizon_h"": 6, ""ma_windows"": [12, 24, 72], ""mtf_intervals"": [""4h"", ""1d""], ""ret_windows"": [1, 6, 12, 24, 48], ""rsi_period"": 21, ""target_threshold"": 0.004, ""vol_windows"": [12, 48]}","{""colsample_bytree"": 1.0, ""gamma"": 0.2, ""learning_rate"": 0.07, ""max_depth"": 5, ""min_child_weight"": 1, ""n_estimators"": 250, ""subsample"": 1.0}",4,4021,0.7697090276050733,0.013420867747677565,1.2757089585700437e+23,2192.578913547333,0.078234549423993,53.48697609822795
stage2,7123,61,0.6,74772,27,"{""atr_period"": 21, ""horizon_h"": 6, ""ma_windows"": [12, 24, 72], ""mtf_intervals"": [""4h"", ""1d""], ""ret_windows"": [1, 6, 12, 24, 48], ""rsi_period"": 21, ""target_threshold"": 0.004, ""vol_windows"": [12, 48]}","{""colsample_bytree"": 1.0, ""gamma"": 0.2, ""learning_rate"": 0.07, ""max_depth"": 5, ""min_child_weight"": 1, ""n_estimators"": 250, ""subsample"": 1.0}",4,3694,0.7828911748781808,0.013952924636973382,1.1630552063535435e+22,2192.578913547333,0.078234549423993,51.106741449484886
stage2,7123,61,0.62,74772,27,"{""atr_period"": 21, ""horizon_h"": 6, ""ma_windows"": [12, 24, 72], ""mtf_intervals"": [""4h"", ""1d""], ""ret_windows"": [1, 6, 12, 24, 48], ""rsi_period"": 21, ""target_threshold"": 0.004, ""vol_windows"": [12, 48]}","{""colsample_bytree"": 1.0, ""gamma"": 0.2, ""learning_rate"": 0.07, ""max_depth"": 5, ""min_child_weight"": 1, ""n_estimators"": 250, ""subsample"": 1.0}",4,3407,0.7977692985030819,0.014512395232369565,1.4605715250835282e+21,2192.578913547333,0.07573261296471667,49.0495630617122
stage2,7123,61,0.65,74772,27,"{""atr_period"": 21, ""horizon_h"": 6, ""ma_windows"": [12, 24, 72], ""mtf_intervals"": [""4h"", ""1d""], ""ret_windows"": [1, 6, 12, 24, 48], ""rsi_period"": 21, ""target_threshold"": 0.004, ""vol_windows"": [12, 48]}","{""colsample_bytree"": 1.0, ""gamma"": 0.2, ""learning_rate"": 0.07, ""max_depth"": 5, ""min_child_weight"": 1, ""n_estimators"": 250, ""subsample"": 1.0}",4,2994,0.8179692718770875,0.015391833567526825,5.272732388707598e+19,2192.578913547333,0.06154078183779288,45.75840517002957
stage2,7123,38,0.52,74772,27,"{""atr_period"": 21, ""horizon_h"": 6, ""ma_windows"": [12, 24, 72], ""mtf_intervals"": [""4h"", ""1d""], ""ret_windows"": [1, 6, 12, 24, 48], ""rsi_period"": 21, ""target_threshold"": 0.004, ""vol_windows"": [12, 48]}","{""colsample_bytree"": 1.0, ""gamma"": 0.0, ""learning_rate"": 0.03, ""max_depth"": 5, ""min_child_weight"": 5, ""n_estimators"": 250, ""subsample"": 0.7}",4,4751,0.7360555672490002,0.012240206961809946,7.993820670262868e+24,2192.578913547333,0.0922060733109219,57.5813741316909
stage2,7123,38,0.55,74772,27,"{""atr_period"": 21, ""horizon_h"": 6, ""ma_windows"": [12, 24, 72], ""mtf_intervals"": [""4h"", ""1d""], ""ret_windows"": [1, 6, 12, 24, 48], ""rsi_period"": 21, ""target_threshold"": 0.004, ""vol_windows"": [12, 48]}","{""colsample_bytree"": 1.0, ""gamma"": 0.0, ""learning_rate"": 0.03, ""max_depth"": 5, ""min_child_weight"": 5, ""n_estimators"": 250, ""subsample"": 0.7}",4,4159,0.7660495311372926,0.013265018730564805,4.1681868289997606e+23,2192.578913547333,0.09220607331092201,54.659795005024485
stage2,7123,38,0.58,74772,27,"{""atr_period"": 21, ""horizon_h"": 6, ""ma_windows"": [12, 24, 72], ""mtf_intervals"": [""4h"", ""1d""], ""ret_windows"": [1, 6, 12, 24, 48], ""rsi_period"": 21, ""target_threshold"": 0.004, ""vol_windows"": [12, 48]}","{""colsample_bytree"": 1.0, ""gamma"": 0.0, ""learning_rate"": 0.03, ""max_depth"": 5, ""min_child_weight"": 5, ""n_estimators"": 250, ""subsample"": 0.7}",4,3646,0.7849698299506308,0.014099784806383547,1.0098819360111263e+22,2192.578913547333,0.07884120533897354,50.96805901459301
stage2,7123,38,0.6,74772,27,"{""atr_period"": 21, ""horizon_h"": 6, ""ma_windows"": [12, 24, 72], ""mtf_intervals"": [""4h"", ""1d""], ""ret_windows"": [1, 6, 12, 24, 48], ""rsi_period"": 21, ""target_threshold"": 0.004, ""vol_windows"": [12, 48]}","{""colsample_bytree"": 1.0, ""gamma"": 0.0, ""learning_rate"": 0.03, ""max_depth"": 5, ""min_child_weight"": 5, ""n_estimators"": 250, ""subsample"": 0.7}",4,3309,0.7999395587790873,0.014763086757090666,8.056842317572576e+20,2192.578913547333,0.07612129628641295,48.458219260560206
stage2,7123,38,0.62,74772,27,"{""atr_period"": 21, ""horizon_h"": 6, ""ma_windows"": [12, 24, 72], ""mtf_intervals"": [""4h"", ""1d""], ""ret_windows"": [1, 6, 12, 24, 48], ""rsi_period"": 21, ""target_threshold"": 0.004, ""vol_windows"": [12, 48]}","{""colsample_bytree"": 1.0, ""gamma"": 0.0, ""learning_rate"": 0.03, ""max_depth"": 5, ""min_child_weight"": 5, ""n_estimators"": 250, ""subsample"": 0.7}",4,3022,0.814030443414957,0.015321413115303757,6.4777893426221834e+19,2192.578913547333,0.07612129628641295,45.953231079727146
stage2,7123,38,0.65,74772,27,"{""atr_period"": 21, ""horizon_h"": 6, ""ma_windows"": [12, 24, 72], ""mtf_intervals"": [""4h"", ""1d""], ""ret_windows"": [1, 6, 12, 24, 48], ""rsi_period"": 21, ""target_threshold"": 0.004, ""vol_windows"": [12, 48]}","{""colsample_bytree"": 1.0, ""gamma"": 0.0, ""learning_rate"": 0.03, ""max_depth"": 5, ""min_child_weight"": 5, ""n_estimators"": 250, ""subsample"": 0.7}",4,2567,0.8371640046747175,0.01637414259335252,9.573343226670331e+17,2192.578913547333,0.07422883788216605,41.766538995382234
stage2,7123,36,0.52,74772,27,"{""atr_period"": 21, ""horizon_h"": 6, ""ma_windows"": [12, 24, 72], ""mtf_intervals"": [""4h"", ""1d""], ""ret_windows"": [1, 6, 12, 24, 48], ""rsi_period"": 21, ""target_threshold"": 0.004, ""vol_windows"": [12, 48]}","{""colsample_bytree"": 1.0, ""gamma"": 0.0, ""learning_rate"": 0.03, ""max_depth"": 5, ""min_child_weight"": 1, ""n_estimators"": 250, ""subsample"": 0.7}",4,4747,0.7381504107857594,0.012265881965134725,8.619352890732713e+24,2192.578913547333,0.09220607331092234,57.65859659072832
stage2,7123,36,0.55,74772,27,"{""atr_period"": 21, ""horizon_h"": 6, ""ma_windows"": [12, 24, 72], ""mtf_intervals"": [""4h"", ""1d""], ""ret_windows"": [1, 6, 12, 24, 48], ""rsi_period"": 21, ""target_threshold"": 0.004, ""vol_windows"": [12, 48]}","{""colsample_bytree"": 1.0, ""gamma"": 0.0, ""learning_rate"": 0.03, ""max_depth"": 5, ""min_child_weight"": 1, ""n_estimators"": 250, ""subsample"": 0.7}",4,4176,0.7607758620689655,0.013166080381089603,3.4688919246996593e+23,2192.578913547333,0.0922060733109219,54.471138647815806
stage2,7123,36,0.58,74772,27,"{""atr_period"": 21, ""horizon_h"": 6, ""ma_windows"": [12, 24, 72], ""mtf_intervals"": [""4h"", ""1d""], ""ret_windows"": [1, 6, 12, 24, 48], ""rsi_period"": 21, ""target_threshold"": 0.004, ""vol_windows"": [12, 48]}","{""colsample_bytree"": 1.0, ""gamma"": 0.0, ""learning_rate"": 0.03, ""max_depth"": 5, ""min_child_weight"": 1, ""n_estimators"": 250, ""subsample"": 0.7}",4,3662,0.7842708902239214,0.014032589232422414,9.891666730806426e+21,2192.578913547333,0.09220607331092212,50.939554000569856
stage2,7123,36,0.6,74772,27,"{""atr_period"": 21, ""horizon_h"": 6, ""ma_windows"": [12, 24, 72], ""mtf_intervals"": [""4h"", ""1d""], ""ret_windows"": [1, 6, 12, 24, 48], ""rsi_period"": 21, ""target_threshold"": 0.004, ""vol_windows"": [12, 48]}","{""colsample_bytree"": 1.0, ""gamma"": 0.0, ""learning_rate"": 0.03, ""max_depth"": 5, ""min_child_weight"": 1, ""n_estimators"": 250, ""subsample"": 0.7}",4,3301,0.802484095728567,0.014768589505856548,7.297451191982522e+20,2192.578913547333,0.07612129628641284,48.361302339770866
stage2,7123,36,0.62,74772,27,"{""atr_period"": 21, ""horizon_h"": 6, ""ma_windows"": [12, 24, 72], ""mtf_intervals"": [""4h"", ""1d""], ""ret_windows"": [1, 6, 12, 24, 48], ""rsi_period"": 21, ""target_threshold"": 0.004, ""vol_windows"": [12, 48]}","{""colsample_bytree"": 1.0, ""gamma"": 0.0, ""learning_rate"": 0.03, ""max_depth"": 5, ""min_child_weight"": 1, ""n_estimators"": 250, ""subsample"": 0.7}",4,3010,0.812624584717608,0.015271292526147144,4.658150355660024e+19,2192.578913547333,0.07612129628641295,45.62194457668487
stage2,7123,36,0.65,74772,27,"{""atr_period"": 21, ""horizon_h"": 6, ""ma_windows"": [12, 24, 72], ""mtf_intervals"": [""4h"", ""1d""], ""ret_windows"": [1, 6, 12, 24, 48], ""rsi_period"": 21, ""target_threshold"": 0.004, ""vol_windows"": [12, 48]}","{""colsample_bytree"": 1.0, ""gamma"": 0.0, ""learning_rate"": 0.03, ""max_depth"": 5, ""min_child_weight"": 1, ""n_estimators"": 250, ""subsample"": 0.7}",4,2549,0.8352295017653982,0.01644090746562602,8.445152604096575e+17,2192.578913547333,0.07422883788216594,41.64013564354044
stage2,7123,32,0.52,74772,27,"{""atr_period"": 21, ""horizon_h"": 6, ""ma_windows"": [12, 24, 72], ""mtf_intervals"": [""4h"", ""1d""], ""ret_windows"": [1, 6, 12, 24, 48], ""rsi_period"": 21, ""target_threshold"": 0.004, ""vol_windows"": [12, 48]}","{""colsample_bytree"": 0.7, ""gamma"": 0.0, ""learning_rate"": 0.03, ""max_depth"": 5, ""min_child_weight"": 1, ""n_estimators"": 250, ""subsample"": 0.7}",4,4681,0.7374492629779962,0.012322221434637702,5.013311174072414e+24,2192.578913547333,0.08208294766924096,57.121634549660456
stage2,7123,32,0.55,74772,27,"{""atr_period"": 21, ""horizon_h"": 6, ""ma_windows"": [12, 24, 72], ""mtf_intervals"": [""4h"", ""1d""], ""ret_windows"": [1, 6, 12, 24, 48], ""rsi_period"": 21, ""target_threshold"": 0.004, ""vol_windows"": [12, 48]}","{""colsample_bytree"": 0.7, ""gamma"": 0.0, ""learning_rate"": 0.03, ""max_depth"": 5, ""min_child_weight"": 1, ""n_estimators"": 250, ""subsample"": 0.7}",4,4111,0.7645341765993675,0.013239781838789924,2.0091016014013696e+23,2192.578913547333,0.08208294766924074,53.933648918693905
stage2,7123,32,0.58,74772,27,"{""atr_period"": 21, ""horizon_h"": 6, ""ma_windows"": [12, 24, 72], ""mtf_intervals"": [""4h"", ""1d""], ""ret_windows"": [1, 6, 12, 24, 48], ""rsi_period"": 21, ""target_threshold"": 0.004, ""vol_windows"": [12, 48]}","{""colsample_bytree"": 0.7, ""gamma"": 0.0, ""learning_rate"": 0.03, ""max_depth"": 5, ""min_child_weight"": 1, ""n_estimators"": 250, ""subsample"": 0.7}",4,3600,0.7816666666666666,0.014001518681428264,3.7571285940603763e+21,2192.578913547333,0.07555929230209912,49.97750778337217
stage2,7123,32,0.6,74772,27,"{""atr_period"": 21, ""horizon_h"": 6, ""ma_windows"": [12, 24, 72], ""mtf_intervals"": [""4h"", ""1d""], ""ret_windows"": [1, 6, 12, 24, 48], ""rsi_period"": 21, ""target_threshold"": 0.004, ""vol_windows"": [12, 48]}","{""colsample_bytree"": 0.7, ""gamma"": 0.0, ""learning_rate"": 0.03, ""max_depth"": 5, ""min_child_weight"": 1, ""n_estimators"": 250, ""subsample"": 0.7}",4,3265,0.7972434915773354,0.014708052314019107,3.558437533623417e+20,2192.578913547333,0.07123508808221302,47.64086508108554
stage2,7123,32,0.62,74772,27,"{""atr_period"": 21, ""horizon_h"": 6, ""ma_windows"": [12, 24, 72], ""mtf_intervals"": [""4h"", ""1d""], ""ret_windows"": [1, 6, 12, 24, 48], ""rsi_period"": 21, ""target_threshold"": 0.004, ""vol_windows"": [12, 48]}","{""colsample_bytree"": 0.7, ""gamma"": 0.0, ""learning_rate"": 0.03, ""max_depth"": 5, ""min_child_weight"": 1, ""n_estimators"": 250, ""subsample"": 0.7}",4,2954,0.8111035883547731,0.015424909759593436,3.117895251420402e+19,2192.578913547333,0.07612129628641284,45.22049644277768
stage2,7123,32,0.65,74772,27,"{""atr_period"": 21, ""horizon_h"": 6, ""ma_windows"": [12, 24, 72], ""mtf_intervals"": [""4h"", ""1d""], ""ret_windows"": [1, 6, 12, 24, 48], ""rsi_period"": 21, ""target_threshold"": 0.004, ""vol_windows"": [12, 48]}","{""colsample_bytree"": 0.7, ""gamma"": 0.0, ""learning_rate"": 0.03, ""max_depth"": 5, ""min_child_weight"": 1, ""n_estimators"": 250, ""subsample"": 0.7}",4,2465,0.8381338742393509,0.01666842991856709,3.742334926352417e+17,2192.578913547333,0.07123508808221302,40.83189330408148
stage2,7123,42,0.52,74772,27,"{""atr_period"": 21, ""horizon_h"": 6, ""ma_windows"": [12, 24, 72], ""mtf_intervals"": [""4h"", ""1d""], ""ret_windows"": [1, 6, 12, 24, 48], ""rsi_period"": 21, ""target_threshold"": 0.004, ""vol_windows"": [12, 48]}","{""colsample_bytree"": 0.7, ""gamma"": 0.0, ""learning_rate"": 0.03, ""max_depth"": 5, ""min_child_weight"": 5, ""n_estimators"": 250, ""subsample"": 1.0}",4,4658,0.738085015027909,0.01232829621941933,3.882055578131864e+24,2192.578913547333,0.11926288044991362,56.84786997493511
stage2,7123,42,0.55,74772,27,"{""atr_period"": 21, ""horizon_h"": 6, ""ma_windows"": [12, 24, 72], ""mtf_intervals"": [""4h"", ""1d""], ""ret_windows"": [1, 6, 12, 24, 48], ""rsi_period"": 21, ""target_threshold"": 0.004, ""vol_windows"": [12, 48]}","{""colsample_bytree"": 0.7, ""gamma"": 0.0, ""learning_rate"": 0.03, ""max_depth"": 5, ""min_child_weight"": 5, ""n_estimators"": 250, ""subsample"": 1.0}",4,4099,0.7640888021468651,0.013288741070907053,2.0852100134431905e+23,2192.578913547333,0.08208294766924074,53.97086621136347
stage2,7123,42,0.58,74772,27,"{""atr_period"": 21, ""horizon_h"": 6, ""ma_windows"": [12, 24, 72], ""mtf_intervals"": [""4h"", ""1d""], ""ret_windows"": [1, 6, 12, 24, 48], ""rsi_period"": 21, ""target_threshold"": 0.004, ""vol_windows"": [12, 48]}","{""colsample_bytree"": 0.7, ""gamma"": 0.0, ""learning_rate"": 0.03, ""max_depth"": 5, ""min_child_weight"": 5, ""n_estimators"": 250, ""subsample"": 1.0}",4,3548,0.7872040586245772,0.014170479906378547,3.3005531821358973e+21,2192.578913547333,0.08208294766924085,49.85046265056525
stage2,7123,42,0.6,74772,27,"{""atr_period"": 21, ""horizon_h"": 6, ""ma_windows"": [12, 24, 72], ""mtf_intervals"": [""4h"", ""1d""], ""ret_windows"": [1, 6, 12, 24, 48], ""rsi_period"": 21, ""target_threshold"": 0.004, ""vol_windows"": [12, 48]}","{""colsample_bytree"": 0.7, ""gamma"": 0.0, ""learning_rate"": 0.03, ""max_depth"": 5, ""min_child_weight"": 5, ""n_estimators"": 250, ""subsample"": 1.0}",4,3213,0.7992530345471522,0.014845084831338494,2.5697895535775567e+20,2192.578913547333,0.07422883788216594,47.31657455701508
stage2,7123,42,0.62,74772,27,"{""atr_period"": 21, ""horizon_h"": 6, ""ma_windows"": [12, 24, 72], ""mtf_intervals"": [""4h"", ""1d""], ""ret_windows"": [1, 6, 12, 24, 48], ""rsi_period"": 21, ""target_threshold"": 0.004, ""vol_windows"": [12, 48]}","{""colsample_bytree"": 0.7, ""gamma"": 0.0, ""learning_rate"": 0.03, ""max_depth"": 5, ""min_child_weight"": 5, ""n_estimators"": 250, ""subsample"": 1.0}",4,2884,0.8203883495145631,0.01569419856954963,2.3046922006456615e+19,2192.578913547333,0.06154078183779288,44.93515777615633
stage2,7123,42,0.65,74772,27,"{""atr_period"": 21, ""horizon_h"": 6, ""ma_windows"": [12, 24, 72], ""mtf_intervals"": [""4h"", ""1d""], ""ret_windows"": [1, 6, 12, 24, 48], ""rsi_period"": 21, ""target_threshold"": 0.004, ""vol_windows"": [12, 48]}","{""colsample_bytree"": 0.7, ""gamma"": 0.0, ""learning_rate"": 0.03, ""max_depth"": 5, ""min_child_weight"": 5, ""n_estimators"": 250, ""subsample"": 1.0}",4,2429,0.8423219431864964,0.016888112892146562,3.486990399119995e+17,2192.578913547333,0.05465259221013519,40.774621756834556
stage2,7123,44,0.52,74772,27,"{""atr_period"": 21, ""horizon_h"": 6, ""ma_windows"": [12, 24, 72], ""mtf_intervals"": [""4h"", ""1d""], ""ret_windows"": [1, 6, 12, 24, 48], ""rsi_period"": 21, ""target_threshold"": 0.004, ""vol_windows"": [12, 48]}","{""colsample_bytree"": 1.0, ""gamma"": 0.0, ""learning_rate"": 0.03, ""max_depth"": 5, ""min_child_weight"": 1, ""n_estimators"": 250, ""subsample"": 1.0}",4,4749,0.735523268056433,0.012226546381058355,7.287664745864317e+24,2192.578913547333,0.10590710498058986,57.48150282291812
stage2,7123,44,0.55,74772,27,"{""atr_period"": 21, ""horizon_h"": 6, ""ma_windows"": [12, 24, 72], ""mtf_intervals"": [""4h"", ""1d""], ""ret_windows"": [1, 6, 12, 24, 48], ""rsi_period"": 21, ""target_threshold"": 0.004, ""vol_windows"": [12, 48]}","{""colsample_bytree"": 1.0, ""gamma"": 0.0, ""learning_rate"": 0.03, ""max_depth"": 5, ""min_child_weight"": 1, ""n_estimators"": 250, ""subsample"": 1.0}",4,4146,0.7585624698504583,0.013115269545521328,1.905751009910652e+23,2192.578913547333,0.09220607331092201,53.87000239626642
stage2,7123,44,0.58,74772,27,"{""atr_period"": 21, ""horizon_h"": 6, ""ma_windows"": [12, 24, 72], ""mtf_intervals"": [""4h"", ""1d""], ""ret_windows"": [1, 6, 12, 24, 48], ""rsi_period"": 21, ""target_threshold"": 0.004, ""vol_windows"": [12, 48]}","{""colsample_bytree"": 1.0, ""gamma"": 0.0, ""learning_rate"": 0.03, ""max_depth"": 5, ""min_child_weight"": 1, ""n_estimators"": 250, ""subsample"": 1.0}",4,3607,0.7865261990573884,0.014109198771742028,6.06797301455066e+21,2192.578913547333,0.07612129628641284,50.4613454684544
stage2,7123,44,0.6,74772,27,"{""atr_period"": 21, ""horizon_h"": 6, ""ma_windows"": [12, 24, 72], ""mtf_intervals"": [""4h"", ""1d""], ""ret_windows"": [1, 6, 12, 24, 48], ""rsi_period"": 21, ""target_threshold"": 0.004, ""vol_windows"": [12, 48]}","{""colsample_bytree"": 1.0, ""gamma"": 0.0, ""learning_rate"": 0.03, ""max_depth"": 5, ""min_child_weight"": 1, ""n_estimators"": 250, ""subsample"": 1.0}",4,3295,0.7990895295902883,0.014670431956162577,4.8634330162332736e+20,2192.578913547333,0.07612129628641295,47.952020861542344
stage2,7123,44,0.62,74772,27,"{""atr_period"": 21, ""horizon_h"": 6, ""ma_windows"": [12, 24, 72], ""mtf_intervals"": [""4h"", ""1d""], ""ret_windows"": [1, 6, 12, 24, 48], ""rsi_period"": 21, ""target_threshold"": 0.004, ""vol_windows"": [12, 48]}","{""colsample_bytree"": 1.0, ""gamma"": 0.0, ""learning_rate"": 0.03, ""max_depth"": 5, ""min_child_weight"": 1, ""n_estimators"": 250, ""subsample"": 1.0}",4,2946,0.8136456211812627,0.015355695408854978,2.270844276333215e+19,2192.578913547333,0.07422883788216628,44.90591609840701
stage2,7123,44,0.65,74772,27,"{""atr_period"": 21, ""horizon_h"": 6, ""ma_windows"": [12, 24, 72], ""mtf_intervals"": [""4h"", ""1d""], ""ret_windows"": [1, 6, 12, 24, 48], ""rsi_period"": 21, ""target_threshold"": 0.004, ""vol_windows"": [12, 48]}","{""colsample_bytree"": 1.0, ""gamma"": 0.0, ""learning_rate"": 0.03, ""max_depth"": 5, ""min_child_weight"": 1, ""n_estimators"": 250, ""subsample"": 1.0}",4,2497,0.8398077693231878,0.016485610896009594,4.0629813286796166e+17,2192.578913547333,0.07110468036280448,40.9140423648873
stage2,7123,23,0.52,74772,27,"{""atr_period"": 21, ""horizon_h"": 6, ""ma_windows"": [12, 24, 72], ""mtf_intervals"": [""4h"", ""1d""], ""ret_windows"": [1, 6, 12, 24, 48], ""rsi_period"": 21, ""target_threshold"": 0.004, ""vol_windows"": [12, 48]}","{""colsample_bytree"": 1.0, ""gamma"": 0.2, ""learning_rate"": 0.07, ""max_depth"": 3, ""min_child_weight"": 5, ""n_estimators"": 250, ""subsample"": 0.7}",4,4585,0.7256270447110141,0.012117485252036396,6.072725247086555e+23,2192.578913547333,0.10703108238174364,54.98719058963787
stage2,7123,23,0.55,74772,27,"{""atr_period"": 21, ""horizon_h"": 6, ""ma_windows"": [12, 24, 72], ""mtf_intervals"": [""4h"", ""1d""], ""ret_windows"": [1, 6, 12, 24, 48], ""rsi_period"": 21, ""target_threshold"": 0.004, ""vol_windows"": [12, 48]}","{""colsample_bytree"": 1.0, ""gamma"": 0.2, ""learning_rate"": 0.07, ""max_depth"": 3, ""min_child_weight"": 5, ""n_estimators"": 250, ""subsample"": 0.7}",4,3919,0.753763715233478,0.013243790359872106,1.6322595698775828e+22,2192.578913547333,0.09337995176632563,51.40910865911646
stage2,7123,23,0.58,74772,27,"{""atr_period"": 21, ""horizon_h"": 6, ""ma_windows"": [12, 24, 72], ""mtf_intervals"": [""4h"", ""1d""], ""ret_windows"": [1, 6, 12, 24, 48], ""rsi_period"": 21, ""target_threshold"": 0.004, ""vol_windows"": [12, 48]}","{""colsample_bytree"": 1.0, ""gamma"": 0.2, ""learning_rate"": 0.07, ""max_depth"": 3, ""min_child_weight"": 5, ""n_estimators"": 250, ""subsample"": 0.7}",4,3393,0.7816091954022989,0.014250760359844633,4.896304506477356e+20,2192.578913547333,0.09220607331092212,47.93337300065249
stage2,7123,23,0.6,74772,27,"{""atr_period"": 21, ""horizon_h"": 6, ""ma_windows"": [12, 24, 72], ""mtf_intervals"": [""4h"", ""1d""], ""ret_windows"": [1, 6, 12, 24, 48], ""rsi_period"": 21, ""target_threshold"": 0.004, ""vol_windows"": [12, 48]}","{""colsample_bytree"": 1.0, ""gamma"": 0.2, ""learning_rate"": 0.07, ""max_depth"": 3, ""min_child_weight"": 5, ""n_estimators"": 250, ""subsample"": 0.7}",4,3058,0.7956180510137345,0.014937739308091788,3.475926403062431e+19,2192.578913547333,0.07092643614738758,45.31551093838597
stage2,7123,23,0.62,74772,27,"{""atr_period"": 21, ""horizon_h"": 6, ""ma_windows"": [12, 24, 72], ""mtf_intervals"": [""4h"", ""1d""], ""ret_windows"": [1, 6, 12, 24, 48], ""rsi_period"": 21, ""target_threshold"": 0.004, ""vol_windows"": [12, 48]}","{""colsample_bytree"": 1.0, ""gamma"": 0.2, ""learning_rate"": 0.07, ""max_depth"": 3, ""min_child_weight"": 5, ""n_estimators"": 250, ""subsample"": 0.7}",4,2705,0.8081330868761553,0.015612612187544995,1.1582256957285501e+18,2192.578913547333,0.060566013874518765,41.93454529543684
stage2,7123,23,0.65,74772,27,"{""atr_period"": 21, ""horizon_h"": 6, ""ma_windows"": [12, 24, 72], ""mtf_intervals"": [""4h"", ""1d""], ""ret_windows"": [1, 6, 12, 24, 48], ""rsi_period"": 21, ""target_threshold"": 0.004, ""vol_windows"": [12, 48]}","{""colsample_bytree"": 1.0, ""gamma"": 0.2, ""learning_rate"": 0.07, ""max_depth"": 3, ""min_child_weight"": 5, ""n_estimators"": 250, ""subsample"": 0.7}",4,2240,0.8299107142857143,0.01682988192487097,1.3170926830453906e+16,2192.578913547333,0.060566013874518876,37.48507290245007
stage2,2803,51,0.52,74929,27,"{""atr_period"": 21, ""horizon_h"": 6, ""ma_windows"": [6, 18, 72], ""mtf_intervals"": [""4h"", ""1d""], ""ret_windows"": [1, 3, 6, 12, 24], ""rsi_period"": 14, ""target_threshold"": 0.004, ""vol_windows"": [24, 48]}","{""colsample_bytree"": 0.7, ""gamma"": 0.2, ""learning_rate"": 0.07, ""max_depth"": 5, ""min_child_weight"": 5, ""n_estimators"": 250, ""subsample"": 0.7}",4,5059,0.721684127297885,0.011709498862997334,2.347915066189002e+25,2510.2653940139658,0.08052169733280645,58.648917497406
stage2,2803,51,0.55,74929,27,"{""atr_period"": 21, ""horizon_h"": 6, ""ma_windows"": [6, 18, 72], ""mtf_intervals"": [""4h"", ""1d""], ""ret_windows"": [1, 3, 6, 12, 24], ""rsi_period"": 14, ""target_threshold"": 0.004, ""vol_windows"": [24, 48]}","{""colsample_bytree"": 0.7, ""gamma"": 0.2, ""learning_rate"": 0.07, ""max_depth"": 5, ""min_child_weight"": 5, ""n_estimators"": 250, ""subsample"": 0.7}",4,4486,0.7445385644226482,0.012507948213503112,1.0608339182729697e+24,2510.2653940139658,0.07555929230209923,55.57901233712971
stage2,2803,51,0.58,74929,27,"{""atr_period"": 21, ""horizon_h"": 6, ""ma_windows"": [6, 18, 72], ""mtf_intervals"": [""4h"", ""1d""], ""ret_windows"": [1, 3, 6, 12, 24], ""rsi_period"": 14, ""target_threshold"": 0.004, ""vol_windows"": [24, 48]}","{""colsample_bytree"": 0.7, ""gamma"": 0.2, ""learning_rate"": 0.07, ""max_depth"": 5, ""min_child_weight"": 5, ""n_estimators"": 250, ""subsample"": 0.7}",4,4016,0.7684262948207171,0.01334392916301062,8.79602381120915e+22,2510.2653940139658,0.062108145102891976,53.121610222216766
stage2,2803,51,0.6,74929,27,"{""atr_period"": 21, ""horizon_h"": 6, ""ma_windows"": [6, 18, 72], ""mtf_intervals"": [""4h"", ""1d""], ""ret_windows"": [1, 3, 6, 12, 24], ""rsi_period"": 14, ""target_threshold"": 0.004, ""vol_windows"": [24, 48]}","{""colsample_bytree"": 0.7, ""gamma"": 0.2, ""learning_rate"": 0.07, ""max_depth"": 5, ""min_child_weight"": 5, ""n_estimators"": 250, ""subsample"": 0.7}",4,3690,0.7834688346883469,0.013939836215319105,1.0491353399884488e+22,2510.2653940139658,0.07884120533897365,51.003711539866266
stage2,2803,51,0.62,74929,27,"{""atr_period"": 21, ""horizon_h"": 6, ""ma_windows"": [6, 18, 72], ""mtf_intervals"": [""4h"", ""1d""], ""ret_windows"": [1, 3, 6, 12, 24], ""rsi_period"": 14, ""target_threshold"": 0.004, ""vol_windows"": [24, 48]}","{""colsample_bytree"": 0.7, ""gamma"": 0.2, ""learning_rate"": 0.07, ""max_depth"": 5, ""min_child_weight"": 5, ""n_estimators"": 250, ""subsample"": 0.7}",4,3374,0.8005334914048607,0.014560410109309857,1.0710676446973784e+21,2510.2653940139658,0.07884120533897354,48.74043237398993
stage2,2803,51,0.65,74929,27,"{""atr_period"": 21, ""horizon_h"": 6, ""ma_windows"": [6, 18, 72], ""mtf_intervals"": [""4h"", ""1d""], ""ret_windows"": [1, 3, 6, 12, 24], ""rsi_period"": 14, ""target_threshold"": 0.004, ""vol_windows"": [24, 48]}","{""colsample_bytree"": 0.7, ""gamma"": 0.2, ""learning_rate"": 0.07, ""max_depth"": 5, ""min_child_weight"": 5, ""n_estimators"": 250, ""subsample"": 0.7}",4,2938,0.8223281143635126,0.01541092244214126,2.3777131133904257e+19,2510.2653940139658,0.07884120533897343,44.95698518426402
stage2,2803,58,0.52,74929,27,"{""atr_period"": 21, ""horizon_h"": 6, ""ma_windows"": [6, 18, 72], ""mtf_intervals"": [""4h"", ""1d""], ""ret_windows"": [1, 3, 6, 12, 24], ""rsi_period"": 14, ""target_threshold"": 0.004, ""vol_windows"": [24, 48]}","{""colsample_bytree"": 0.7, ""gamma"": 0.0, ""learning_rate"": 0.07, ""max_depth"": 5, ""min_child_weight"": 5, ""n_estimators"": 250, ""subsample"": 1.0}",4,5051,0.7194614927737082,0.011663882673167295,1.6943108171912132e+25,2510.2653940139658,0.14489499514350956,58.28833614350561
stage2,2803,58,0.55,74929,27,"{""atr_period"": 21, ""horizon_h"": 6, ""ma_windows"": [6, 18, 72], ""mtf_intervals"": [""4h"", ""1d""], ""ret_windows"": [1, 3, 6, 12, 24], ""rsi_period"": 14, ""target_threshold"": 0.004, ""vol_windows"": [24, 48]}","{""colsample_bytree"": 0.7, ""gamma"": 0.0, ""learning_rate"": 0.07, ""max_depth"": 5, ""min_child_weight"": 5, ""n_estimators"": 250, ""subsample"": 1.0}",4,4488,0.7404188948306596,0.012472637519529144,9.26882543661517e+23,2510.2653940139658,0.1327249036623258,55.411867568735794
stage2,2803,58,0.58,74929,27,"{""atr_period"": 21, ""horizon_h"": 6, ""ma_windows"": [6, 18, 72], ""mtf_intervals"": [""4h"", ""1d""], ""ret_windows"": [1, 3, 6, 12, 24], ""rsi_period"": 14, ""target_threshold"": 0.004, ""vol_windows"": [24, 48]}","{""colsample_bytree"": 0.7, ""gamma"": 0.0, ""learning_rate"": 0.07, ""max_depth"": 5, ""min_child_weight"": 5, ""n_estimators"": 250, ""subsample"": 1.0}",4,3980,0.764070351758794,0.013325154117621637,5.0667403968614115e+22,2510.2653940139658,0.10747976030600792,52.54368737115438
stage2,2803,58,0.6,74929,27,"{""atr_period"": 21, ""horizon_h"": 6, ""ma_windows"": [6, 18, 72], ""mtf_intervals"": [""4h"", ""1d""], ""ret_windows"": [1, 3, 6, 12, 24], ""rsi_period"": 14, ""target_threshold"": 0.004, ""vol_windows"": [24, 48]}","{""colsample_bytree"": 0.7, ""gamma"": 0.0, ""learning_rate"": 0.07, ""max_depth"": 5, ""min_child_weight"": 5, ""n_estimators"": 250, ""subsample"": 1.0}",4,3683,0.7784414879174586,0.013843201945475146,6.688816938060708e+21,2510.2653940139658,0.08029698746182656,50.54807428319419
stage2,2803,58,0.62,74929,27,"{""atr_period"": 21, ""horizon_h"": 6, ""ma_windows"": [6, 18, 72], ""mtf_intervals"": [""4h"", ""1d""], ""ret_windows"": [1, 3, 6, 12, 24], ""rsi_period"": 14, ""target_threshold"": 0.004, ""vol_windows"": [24, 48]}","{""colsample_bytree"": 0.7, ""gamma"": 0.0, ""learning_rate"": 0.07, ""max_depth"": 5, ""min_child_weight"": 5, ""n_estimators"": 250, ""subsample"": 1.0}",4,3353,0.7930211750671041,0.014502857756672706,6.511704472956066e+20,2510.2653940139658,0.07884120533897365,48.23632230507188
stage2,2803,58,0.65,74929,27,"{""atr_period"": 21, ""horizon_h"": 6, ""ma_windows"": [6, 18, 72], ""mtf_intervals"": [""4h"", ""1d""], ""ret_windows"": [1, 3, 6, 12, 24], ""rsi_period"": 14, ""target_threshold"": 0.004, ""vol_windows"": [24, 48]}","{""colsample_bytree"": 0.7, ""gamma"": 0.0, ""learning_rate"": 0.07, ""max_depth"": 5, ""min_child_weight"": 5, ""n_estimators"": 250, ""subsample"": 1.0}",4,2950,0.8155932203389831,0.015396118974209666,2.7332778976358576e+19,2510.2653940139658,0.07884120533897354,45.09084127632594
stage2,2803,50,0.52,74929,27,"{""atr_period"": 21, ""horizon_h"": 6, ""ma_windows"": [6, 18, 72], ""mtf_intervals"": [""4h"", ""1d""], ""ret_windows"": [1, 3, 6, 12, 24], ""rsi_period"": 14, ""target_threshold"": 0.004, ""vol_windows"": [24, 48]}","{""colsample_bytree"": 0.7, ""gamma"": 0.0, ""learning_rate"": 0.07, ""max_depth"": 5, ""min_child_weight"": 5, ""n_estimators"": 250, ""subsample"": 0.7}",4,5122,0.7200312377977353,0.011609686188643943,2.922050264737151e+25,2510.2653940139658,0.1256789786432767,58.842975830626166
stage2,2803,50,0.55,74929,27,"{""atr_period"": 21, ""horizon_h"": 6, ""ma_windows"": [6, 18, 72], ""mtf_intervals"": [""4h"", ""1d""], ""ret_windows"": [1, 3, 6, 12, 24], ""rsi_period"": 14, ""target_threshold"": 0.004, ""vol_windows"": [24, 48]}","{""colsample_bytree"": 0.7, ""gamma"": 0.0, ""learning_rate"": 0.07, ""max_depth"": 5, ""min_child_weight"": 5, ""n_estimators"": 250, ""subsample"": 0.7}",4,4560,0.7421052631578947,0.012397847755748809,1.6122805873028065e+24,2510.2653940139658,0.1256789786432767,55.969719425647476
stage2,2803,50,0.58,74929,27,"{""atr_period"": 21, ""horizon_h"": 6, ""ma_windows"": [6, 18, 72], ""mtf_intervals"": [""4h"", ""1d""], ""ret_windows"": [1, 3, 6, 12, 24], ""rsi_period"": 14, ""target_threshold"": 0.004, ""vol_windows"": [24, 48]}","{""colsample_bytree"": 0.7, ""gamma"": 0.0, ""learning_rate"": 0.07, ""max_depth"": 5, ""min_child_weight"": 5, ""n_estimators"": 250, ""subsample"": 0.7}",4,4023,0.7663435247327864,0.013314529252699051,8.608880705342035e+22,2510.2653940139658,0.07884120533897343,53.08983680761677
stage2,2803,50,0.6,74929,27,"{""atr_period"": 21, ""horizon_h"": 6, ""ma_windows"": [6, 18, 72], ""mtf_intervals"": [""4h"", ""1d""], ""ret_windows"": [1, 3, 6, 12, 24], ""rsi_period"": 14, ""target_threshold"": 0.004, ""vol_windows"": [24, 48]}","{""colsample_bytree"": 0.7, ""gamma"": 0.0, ""learning_rate"": 0.07, ""max_depth"": 5, ""min_child_weight"": 5, ""n_estimators"": 250, ""subsample"": 0.7}",4,3727,0.7799839012610679,0.013831238225708187,1.175380728335579e+22,2510.2653940139658,0.07884120533897354,51.11368058924107
stage2,2803,50,0.62,74929,27,"{""atr_period"": 21, ""horizon_h"": 6, ""ma_windows"": [6, 18, 72], ""mtf_intervals"": [""4h"", ""1d""], ""ret_windows"": [1, 3, 6, 12, 24], ""rsi_period"": 14, ""target_threshold"": 0.004, ""vol_windows"": [24, 48]}","{""colsample_bytree"": 0.7, ""gamma"": 0.0, ""learning_rate"": 0.07, ""max_depth"": 5, ""min_child_weight"": 5, ""n_estimators"": 250, ""subsample"": 0.7}",4,3388,0.7987012987012987,0.014514434416308276,1.122171307813277e+21,2510.2653940139658,0.07884120533897354,48.785208340703456
stage2,2803,50,0.65,74929,27,"{""atr_period"": 21, ""horizon_h"": 6, ""ma_windows"": [6, 18, 72], ""mtf_intervals"": [""4h"", ""1d""], ""ret_windows"": [1, 3, 6, 12, 24], ""rsi_period"": 14, ""target_threshold"": 0.004, ""vol_windows"": [24, 48]}","{""colsample_bytree"": 0.7, ""gamma"": 0.0, ""learning_rate"": 0.07, ""max_depth"": 5, ""min_child_weight"": 5, ""n_estimators"": 250, ""subsample"": 0.7}",4,2971,0.8209357118815214,0.015405409277360088,3.8711047208715575e+19,2510.2653940139658,0.07884120533897354,45.443227931837455
stage2,2803,48,0.52,74929,27,"{""atr_period"": 21, ""horizon_h"": 6, ""ma_windows"": [6, 18, 72], ""mtf_intervals"": [""4h"", ""1d""], ""ret_windows"": [1, 3, 6, 12, 24], ""rsi_period"": 14, ""target_threshold"": 0.004, ""vol_windows"": [24, 48]}","{""colsample_bytree"": 0.7, ""gamma"": 0.0, ""learning_rate"": 0.07, ""max_depth"": 5, ""min_child_weight"": 1, ""n_estimators"": 250, ""subsample"": 0.7}",4,5113,0.7179737922941521,0.011637260990763216,3.0388800896771243e+25,2510.2653940139658,0.07967673419435795,58.903755135507105
stage2,2803,48,0.55,74929,27,"{""atr_period"": 21, ""horizon_h"": 6, ""ma_windows"": [6, 18, 72], ""mtf_intervals"": [""4h"", ""1d""], ""ret_windows"": [1, 3, 6, 12, 24], ""rsi_period"": 14, ""target_threshold"": 0.004, ""vol_windows"": [24, 48]}","{""colsample_bytree"": 0.7, ""gamma"": 0.0, ""learning_rate"": 0.07, ""max_depth"": 5, ""min_child_weight"": 1, ""n_estimators"": 250, ""subsample"": 0.7}",4,4558,0.7393593681439228,0.012371179206227803,1.3996158223646102e+24,2510.2653940139658,0.07092643614738747,55.85323372831484
stage2,2803,48,0.58,74929,27,"{""atr_period"": 21, ""horizon_h"": 6, ""ma_windows"": [6, 18, 72], ""mtf_intervals"": [""4h"", ""1d""], ""ret_windows"": [1, 3, 6, 12, 24], ""rsi_period"": 14, ""target_threshold"": 0.004, ""vol_windows"": [24, 48]}","{""colsample_bytree"": 0.7, ""gamma"": 0.0, ""learning_rate"": 0.07, ""max_depth"": 5, ""min_child_weight"": 1, ""n_estimators"": 250, ""subsample"": 0.7}",4,4040,0.7611386138613861,0.013206743544706686,6.987885802046171e+22,2510.2653940139658,0.07024080309227176,52.880494533899636
stage2,2803,48,0.6,74929,27,"{""atr_period"": 21, ""horizon_h"": 6, ""ma_windows"": [6, 18, 72], ""mtf_intervals"": [""4h"", ""1d""], ""ret_windows"": [1, 3, 6, 12, 24], ""rsi_period"": 14, ""target_threshold"": 0.004, ""vol_windows"": [24, 48]}","{""colsample_bytree"": 0.7, ""gamma"": 0.0, ""learning_rate"": 0.07, ""max_depth"": 5, ""min_child_weight"": 1, ""n_estimators"": 250, ""subsample"": 0.7}",4,3723,0.7778673113080848,0.013773630365430617,8.979083248447262e+21,2510.2653940139658,0.07024080309227199,50.846547232255304
stage2,2803,48,0.62,74929,27,"{""atr_period"": 21, ""horizon_h"": 6, ""ma_windows"": [6, 18, 72], ""mtf_intervals"": [""4h"", ""1d""], ""ret_windows"": [1, 3, 6, 12, 24], ""rsi_period"": 14, ""target_threshold"": 0.004, ""vol_windows"": [24, 48]}","{""colsample_bytree"": 0.7, ""gamma"": 0.0, ""learning_rate"": 0.07, ""max_depth"": 5, ""min_child_weight"": 1, ""n_estimators"": 250, ""subsample"": 0.7}",4,3406,0.7944803288314739,0.014377695726116907,9.150690258967754e+20,2510.2653940139658,0.07884120533897354,48.576716400666214
stage2,2803,48,0.65,74929,27,"{""atr_period"": 21, ""horizon_h"": 6, ""ma_windows"": [6, 18, 72], ""mtf_intervals"": [""4h"", ""1d""], ""ret_windows"": [1, 3, 6, 12, 24], ""rsi_period"": 14, ""target_threshold"": 0.004, ""vol_windows"": [24, 48]}","{""colsample_bytree"": 0.7, ""gamma"": 0.0, ""learning_rate"": 0.07, ""max_depth"": 5, ""min_child_weight"": 1, ""n_estimators"": 250, ""subsample"": 0.7}",4,3003,0.8141858141858141,0.015235809566834018,3.799327383036814e+19,2510.2653940139658,0.07884120533897343,45.4177553387019
stage2,2803,57,0.52,74929,27,"{""atr_period"": 21, ""horizon_h"": 6, ""ma_windows"": [6, 18, 72], ""mtf_intervals"": [""4h"", ""1d""], ""ret_windows"": [1, 3, 6, 12, 24], ""rsi_period"": 14, ""target_threshold"": 0.004, ""vol_windows"": [24, 48]}","{""colsample_bytree"": 0.7, ""gamma"": 0.2, ""learning_rate"": 0.07, ""max_depth"": 5, ""min_child_weight"": 1, ""n_estimators"": 250, ""subsample"": 1.0}",4,5103,0.7209484616892025,0.011647979761707804,2.8595383070586093e+25,2510.2653940139658,0.12318566736518644,58.82363727931554
stage2,2803,57,0.55,74929,27,"{""atr_period"": 21, ""horizon_h"": 6, ""ma_windows"": [6, 18, 72], ""mtf_intervals"": [""4h"", ""1d""], ""ret_windows"": [1, 3, 6, 12, 24], ""rsi_period"": 14, ""target_threshold"": 0.004, ""vol_windows"": [24, 48]}","{""colsample_bytree"": 0.7, ""gamma"": 0.2, ""learning_rate"": 0.07, ""max_depth"": 5, ""min_child_weight"": 1, ""n_estimators"": 250, ""subsample"": 1.0}",4,4545,0.7416941694169417,0.012441937294561665,1.6355474579682881e+24,2510.2653940139658,0.078234549423993,56.00779337601693
stage2,2803,57,0.58,74929,27,"{""atr_period"": 21, ""horizon_h"": 6, ""ma_windows"": [6, 18, 72], ""mtf_intervals"": [""4h"", ""1d""], ""ret_windows"": [1, 3, 6, 12, 24], ""rsi_period"": 14, ""target_threshold"": 0.004, ""vol_windows"": [24, 48]}","{""colsample_bytree"": 0.7, ""gamma"": 0.2, ""learning_rate"": 0.07, ""max_depth"": 5, ""min_child_weight"": 1, ""n_estimators"": 250, ""subsample"": 1.0}",4,4025,0.7619875776397516,0.013290857101293794,7.97962935407076e+22,2510.2653940139658,0.07823454942399288,53.01056365360388
stage2,2803,57,0.6,74929,27,"{""atr_period"": 21, ""horizon_h"": 6, ""ma_windows"": [6, 18, 72], ""mtf_intervals"": [""4h"", ""1d""], ""ret_windows"": [1, 3, 6, 12, 24], ""rsi_period"": 14, ""target_threshold"": 0.004, ""vol_windows"": [24, 48]}","{""colsample_bytree"": 0.7, ""gamma"": 0.2, ""learning_rate"": 0.07, ""max_depth"": 5, ""min_child_weight"": 1, ""n_estimators"": 250, ""subsample"": 1.0}",4,3697,0.7765756018393292,0.013889201541080727,9.533773959350008e+21,2510.2653940139658,0.07823454942399288,50.90238441956491
stage2,2803,57,0.62,74929,27,"{""atr_period"": 21, ""horizon_h"": 6, ""ma_windows"": [6, 18, 72], ""mtf_intervals"": [""4h"", ""1d""], ""ret_windows"": [1, 3, 6, 12, 24], ""rsi_period"": 14, ""target_threshold"": 0.004, ""vol_windows"": [24, 48]}","{""colsample_bytree"": 0.7, ""gamma"": 0.2, ""learning_rate"": 0.07, ""max_depth"": 5, ""min_child_weight"": 1, ""n_estimators"": 250, ""subsample"": 1.0}",4,3393,0.7913351016799293,0.014417586305132651,8.703916895288272e+20,2510.2653940139658,0.07884120533897343,48.52446317118855
stage2,2803,57,0.65,74929,27,"{""atr_period"": 21, ""horizon_h"": 6, ""ma_windows"": [6, 18, 72], ""mtf_intervals"": [""4h"", ""1d""], ""ret_windows"": [1, 3, 6, 12, 24], ""rsi_period"": 14, ""target_threshold"": 0.004, ""vol_windows"": [24, 48]}","{""colsample_bytree"": 0.7, ""gamma"": 0.2, ""learning_rate"": 0.07, ""max_depth"": 5, ""min_child_weight"": 1, ""n_estimators"": 250, ""subsample"": 1.0}",4,2949,0.8107833163784334,0.01531966861639597,2.1472862827410403e+19,2510.2653940139658,0.07884120533897354,44.84508501707907
stage2,2803,61,0.52,74929,27,"{""atr_period"": 21, ""horizon_h"": 6, ""ma_windows"": [6, 18, 72], ""mtf_intervals"": [""4h"", ""1d""], ""ret_windows"": [1, 3, 6, 12, 24], ""rsi_period"": 14, ""target_threshold"": 0.004, ""vol_windows"": [24, 48]}","{""colsample_bytree"": 1.0, ""gamma"": 0.2, ""learning_rate"": 0.07, ""max_depth"": 5, ""min_child_weight"": 1, ""n_estimators"": 250, ""subsample"": 1.0}",4,5129,0.7215831546110353,0.011666738344876974,4.250191119213729e+25,2510.2653940139658,0.0935490503228571,59.235417181289556
stage2,2803,61,0.55,74929,27,"{""atr_period"": 21, ""horizon_h"": 6, ""ma_windows"": [6, 18, 72], ""mtf_intervals"": [""4h"", ""1d""], ""ret_windows"": [1, 3, 6, 12, 24], ""rsi_period"": 14, ""target_threshold"": 0.004, ""vol_windows"": [24, 48]}","{""colsample_bytree"": 1.0, ""gamma"": 0.2, ""learning_rate"": 0.07, ""max_depth"": 5, ""min_child_weight"": 1, ""n_estimators"": 250, ""subsample"": 1.0}",4,4571,0.7453511266681251,0.012434951276910506,2.194430791157635e+24,2510.2653940139658,0.0709264361473878,56.308262217573784
stage2,2803,61,0.58,74929,27,"{""atr_period"": 21, ""horizon_h"": 6, ""ma_windows"": [6, 18, 72], ""mtf_intervals"": [""4h"", ""1d""], ""ret_windows"": [1, 3, 6, 12, 24], ""rsi_period"": 14, ""target_threshold"": 0.004, ""vol_windows"": [24, 48]}","{""colsample_bytree"": 1.0, ""gamma"": 0.2, ""learning_rate"": 0.07, ""max_depth"": 5, ""min_child_weight"": 1, ""n_estimators"": 250, ""subsample"": 1.0}",4,4089,0.7630227439471754,0.01309144289894888,8.365611644190022e+22,2510.2653940139658,0.07092643614738758,53.06068801735923
stage2,2803,61,0.6,74929,27,"{""atr_period"": 21, ""horizon_h"": 6, ""ma_windows"": [6, 18, 72], ""mtf_intervals"": [""4h"", ""1d""], ""ret_windows"": [1, 3, 6, 12, 24], ""rsi_period"": 14, ""target_threshold"": 0.004, ""vol_windows"": [24, 48]}","{""colsample_bytree"": 1.0, ""gamma"": 0.2, ""learning_rate"": 0.07, ""max_depth"": 5, ""min_child_weight"": 1, ""n_estimators"": 250, ""subsample"": 1.0}",4,3776,0.7767478813559322,0.01361786536705844,1.0408404937705043e+22,2510.2653940139658,0.07092643614738747,50.991778609665644
stage2,2803,61,0.62,74929,27,"{""atr_period"": 21, ""horizon_h"": 6, ""ma_windows"": [6, 18, 72], ""mtf_intervals"": [""4h"", ""1d""], ""ret_windows"": [1, 3, 6, 12, 24], ""rsi_period"": 14, ""target_threshold"": 0.004, ""vol_windows"": [24, 48]}","{""colsample_bytree"": 1.0, ""gamma"": 0.2, ""learning_rate"": 0.07, ""max_depth"": 5, ""min_child_weight"": 1, ""n_estimators"": 250, ""subsample"": 1.0}",4,3461,0.7885004334007513,0.014138517971195076,8.893766577015144e+20,2510.2653940139658,0.07092643614738758,48.54549777904655
stage2,2803,61,0.65,74929,27,"{""atr_period"": 21, ""horizon_h"": 6, ""ma_windows"": [6, 18, 72], ""mtf_intervals"": [""4h"", ""1d""], ""ret_windows"": [1, 3, 6, 12, 24], ""rsi_period"": 14, ""target_threshold"": 0.004, ""vol_windows"": [24, 48]}","{""colsample_bytree"": 1.0, ""gamma"": 0.2, ""learning_rate"": 0.07, ""max_depth"": 5, ""min_child_weight"": 1, ""n_estimators"": 250, ""subsample"": 1.0}",4,3032,0.8096965699208444,0.015021316913262882,3.117767881462843e+19,2510.2653940139658,0.07899211691902852,45.214665822846584
stage2,2803,38,0.52,74929,27,"{""atr_period"": 21, ""horizon_h"": 6, ""ma_windows"": [6, 18, 72], ""mtf_intervals"": [""4h"", ""1d""], ""ret_windows"": [1, 3, 6, 12, 24], ""rsi_period"": 14, ""target_threshold"": 0.004, ""vol_windows"": [24, 48]}","{""colsample_bytree"": 1.0, ""gamma"": 0.0, ""learning_rate"": 0.03, ""max_depth"": 5, ""min_child_weight"": 5, ""n_estimators"": 250, ""subsample"": 0.7}",4,4801,0.7317225578004583,0.012113040928255296,8.006547611585545e+24,2510.2653940139658,0.10246331362828787,57.573352607088644
stage2,2803,38,0.55,74929,27,"{""atr_period"": 21, ""horizon_h"": 6, ""ma_windows"": [6, 18, 72], ""mtf_intervals"": [""4h"", ""1d""], ""ret_windows"": [1, 3, 6, 12, 24], ""rsi_period"": 14, ""target_threshold"": 0.004, ""vol_windows"": [24, 48]}","{""colsample_bytree"": 1.0, ""gamma"": 0.0, ""learning_rate"": 0.03, ""max_depth"": 5, ""min_child_weight"": 5, ""n_estimators"": 250, ""subsample"": 0.7}",4,4214,0.7558139534883721,0.012989927090689208,2.7385286420772704e+23,2510.2653940139658,0.1008818191289983,54.225007593040324
stage2,2803,38,0.58,74929,27,"{""atr_period"": 21, ""horizon_h"": 6, ""ma_windows"": [6, 18, 72], ""mtf_intervals"": [""4h"", ""1d""], ""ret_windows"": [1, 3, 6, 12, 24], ""rsi_period"": 14, ""target_threshold"": 0.004, ""vol_windows"": [24, 48]}","{""colsample_bytree"": 1.0, ""gamma"": 0.0, ""learning_rate"": 0.03, ""max_depth"": 5, ""min_child_weight"": 5, ""n_estimators"": 250, ""subsample"": 0.7}",4,3711,0.7763406090002695,0.013818074585627203,8.955579461414571e+21,2510.2653940139658,0.07884120533897343,50.83876017565223
stage2,2803,38,0.6,74929,27,"{""atr_period"": 21, ""horizon_h"": 6, ""ma_windows"": [6, 18, 72], ""mtf_intervals"": [""4h"", ""1d""], ""ret_windows"": [1, 3, 6, 12, 24], ""rsi_period"": 14, ""target_threshold"": 0.004, ""vol_windows"": [24, 48]}","{""colsample_bytree"": 1.0, ""gamma"": 0.0, ""learning_rate"": 0.03, ""max_depth"": 5, ""min_child_weight"": 5, ""n_estimators"": 250, ""subsample"": 0.7}",4,3379,0.7913583900562297,0.014447764393962127,7.843715254814105e+20,2510.2653940139658,0.07884120533897365,48.420662691065225
stage2,2803,38,0.62,74929,27,"{""atr_period"": 21, ""horizon_h"": 6, ""ma_windows"": [6, 18, 72], ""mtf_intervals"": [""4h"", ""1d""], ""ret_windows"": [1, 3, 6, 12, 24], ""rsi_period"": 14, ""target_threshold"": 0.004, ""vol_windows"": [24, 48]}","{""colsample_bytree"": 1.0, ""gamma"": 0.0, ""learning_rate"": 0.03, ""max_depth"": 5, ""min_child_weight"": 5, ""n_estimators"": 250, ""subsample"": 0.7}",4,3055,0.8049099836333878,0.0151474822856277,6.371637085059528e+19,2510.2653940139658,0.07438050509704175,45.92889079531993
stage2,2803,38,0.65,74929,27,"{""atr_period"": 21, ""horizon_h"": 6, ""ma_windows"": [6, 18, 72], ""mtf_intervals"": [""4h"", ""1d""], ""ret_windows"": [1, 3, 6, 12, 24], ""rsi_period"": 14, ""target_threshold"": 0.004, ""vol_windows"": [24, 48]}","{""colsample_bytree"": 1.0, ""gamma"": 0.0, ""learning_rate"": 0.03, ""max_depth"": 5, ""min_child_weight"": 5, ""n_estimators"": 250, ""subsample"": 0.7}",4,2608,0.8324386503067485,0.016335835799848014,1.6830282034808228e+18,2510.2653940139658,0.07125685940208071,42.328135523765674
stage2,2803,36,0.52,74929,27,"{""atr_period"": 21, ""horizon_h"": 6, ""ma_windows"": [6, 18, 72], ""mtf_intervals"": [""4h"", ""1d""], ""ret_windows"": [1, 3, 6, 12, 24], ""rsi_period"": 14, ""target_threshold"": 0.004, ""vol_windows"": [24, 48]}","{""colsample_bytree"": 1.0, ""gamma"": 0.0, ""learning_rate"": 0.03, ""max_depth"": 5, ""min_child_weight"": 1, ""n_estimators"": 250, ""subsample"": 0.7}",4,4781,0.7343651955657812,0.012143540066399913,7.314661221186125e+24,2510.2653940139658,0.10246331362828776,57.48533177253317
stage2,2803,36,0.55,74929,27,"{""atr_period"": 21, ""horizon_h"": 6, ""ma_windows"": [6, 18, 72], ""mtf_intervals"": [""4h"", ""1d""], ""ret_windows"": [1, 3, 6, 12, 24], ""rsi_period"": 14, ""target_threshold"": 0.004, ""vol_windows"": [24, 48]}","{""colsample_bytree"": 1.0, ""gamma"": 0.0, ""learning_rate"": 0.03, ""max_depth"": 5, ""min_child_weight"": 1, ""n_estimators"": 250, ""subsample"": 0.7}",4,4181,0.7553216933747907,0.01295464400624238,1.556423919288251e+23,2510.2653940139658,0.08129552715551203,53.669094712387725
stage2,2803,36,0.58,74929,27,"{""atr_period"": 21, ""horizon_h"": 6, ""ma_windows"": [6, 18, 72], ""mtf_intervals"": [""4h"", ""1d""], ""ret_windows"": [1, 3, 6, 12, 24], ""rsi_period"": 14, ""target_threshold"": 0.004, ""vol_windows"": [24, 48]}","{""colsample_bytree"": 1.0, ""gamma"": 0.0, ""learning_rate"": 0.03, ""max_depth"": 5, ""min_child_weight"": 1, ""n_estimators"": 250, ""subsample"": 0.7}",4,3728,0.7749463519313304,0.01369957709814605,7.326196022483137e+21,2510.2653940139658,0.07884120533897354,50.63587646963006
stage2,2803,36,0.6,74929,27,"{""atr_period"": 21, ""horizon_h"": 6, ""ma_windows"": [6, 18, 72], ""mtf_intervals"": [""4h"", ""1d""], ""ret_windows"": [1, 3, 6, 12, 24], ""rsi_period"": 14, ""target_threshold"": 0.004, ""vol_windows"": [24, 48]}","{""colsample_bytree"": 1.0, ""gamma"": 0.0, ""learning_rate"": 0.03, ""max_depth"": 5, ""min_child_weight"": 1, ""n_estimators"": 250, ""subsample"": 0.7}",4,3384,0.7898936170212766,0.014380647987686533,6.771943673824612e+20,2510.2653940139658,0.0789921169190283,48.27195402566656
stage2,2803,36,0.62,74929,27,"{""atr_period"": 21, ""horizon_h"": 6, ""ma_windows"": [6, 18, 72], ""mtf_intervals"": [""4h"", ""1d""], ""ret_windows"": [1, 3, 6, 12, 24], ""rsi_period"": 14, ""target_threshold"": 0.004, ""vol_windows"": [24, 48]}","{""colsample_bytree"": 1.0, ""gamma"": 0.0, ""learning_rate"": 0.03, ""max_depth"": 5, ""min_child_weight"": 1, ""n_estimators"": 250, ""subsample"": 0.7}",4,3055,0.8062193126022913,0.015154664024151528,6.5166321952370475e+19,2510.2653940139658,0.0789921169190283,45.95019117871823
stage2,2803,36,0.65,74929,27,"{""atr_period"": 21, ""horizon_h"": 6, ""ma_windows"": [6, 18, 72], ""mtf_intervals"": [""4h"", ""1d""], ""ret_windows"": [1, 3, 6, 12, 24], ""rsi_period"": 14, ""target_threshold"": 0.004, ""vol_windows"": [24, 48]}","{""colsample_bytree"": 1.0, ""gamma"": 0.0, ""learning_rate"": 0.03, ""max_depth"": 5, ""min_child_weight"": 1, ""n_estimators"": 250, ""subsample"": 0.7}",4,2609,0.8298198543503258,0.01622243804824226,1.2783747928150904e+18,2510.2653940139658,0.07110468036280448,42.050204299652684
stage2,2803,32,0.52,74929,27,"{""atr_period"": 21, ""horizon_h"": 6, ""ma_windows"": [6, 18, 72], ""mtf_intervals"": [""4h"", ""1d""], ""ret_windows"": [1, 3, 6, 12, 24], ""rsi_period"": 14, ""target_threshold"": 0.004, ""vol_windows"": [24, 48]}","{""colsample_bytree"": 0.7, ""gamma"": 0.0, ""learning_rate"": 0.03, ""max_depth"": 5, ""min_child_weight"": 1, ""n_estimators"": 250, ""subsample"": 0.7}",4,4779,0.7306967984934086,0.012086859009220621,5.407334629172122e+24,2510.2653940139658,0.14338826691498197,57.15935670589281
stage2,2803,32,0.55,74929,27,"{""atr_period"": 21, ""horizon_h"": 6, ""ma_windows"": [6, 18, 72], ""mtf_intervals"": [""4h"", ""1d""], ""ret_windows"": [1, 3, 6, 12, 24], ""rsi_period"": 14, ""target_threshold"": 0.004, ""vol_windows"": [24, 48]}","{""colsample_bytree"": 0.7, ""gamma"": 0.0, ""learning_rate"": 0.03, ""max_depth"": 5, ""min_child_weight"": 1, ""n_estimators"": 250, ""subsample"": 0.7}",4,4156,0.7579403272377286,0.013073447613673463,1.8251191569027936e+23,2510.2653940139658,0.07555929230209901,53.83426261176822
stage2,2803,32,0.58,74929,27,"{""atr_period"": 21, ""horizon_h"": 6, ""ma_windows"": [6, 18, 72], ""mtf_intervals"": [""4h"", ""1d""], ""ret_windows"": [1, 3, 6, 12, 24], ""rsi_period"": 14, ""target_threshold"": 0.004, ""vol_windows"": [24, 48]}","{""colsample_bytree"": 0.7, ""gamma"": 0.0, ""learning_rate"": 0.03, ""max_depth"": 5, ""min_child_weight"": 1, ""n_estimators"": 250, ""subsample"": 0.7}",4,3627,0.7794320374965537,0.014010978012013349,5.633430902888279e+21,2510.2653940139658,0.07512390979581873,50.38107710522066
stage2,2803,32,0.6,74929,27,"{""atr_period"": 21, ""horizon_h"": 6, ""ma_windows"": [6, 18, 72], ""mtf_intervals"": [""4h"", ""1d""], ""ret_windows"": [1, 3, 6, 12, 24], ""rsi_period"": 14, ""target_threshold"": 0.004, ""vol_windows"": [24, 48]}","{""colsample_bytree"": 0.7, ""gamma"": 0.0, ""learning_rate"": 0.03, ""max_depth"": 5, ""min_child_weight"": 1, ""n_estimators"": 250, ""subsample"": 0.7}",4,3285,0.7966514459665145,0.014654682729903393,4.0116738206188385e+20,2510.2653940139658,0.07573261296471678,47.75760273786312
stage2,2803,32,0.62,74929,27,"{""atr_period"": 21, ""horizon_h"": 6, ""ma_windows"": [6, 18, 72], ""mtf_intervals"": [""4h"", ""1d""], ""ret_windows"": [1, 3, 6, 12, 24], ""rsi_period"": 14, ""target_threshold"": 0.004, ""vol_windows"": [24, 48]}","{""colsample_bytree"": 0.7, ""gamma"": 0.0, ""learning_rate"": 0.03, ""max_depth"": 5, ""min_child_weight"": 1, ""n_estimators"": 250, ""subsample"": 0.7}",4,2956,0.8129228687415426,0.015403560099244816,3.0492405446333972e+19,2510.2653940139658,0.060566013874518765,45.20729309359049
stage2,2803,32,0.65,74929,27,"{""atr_period"": 21, ""horizon_h"": 6, ""ma_windows"": [6, 18, 72], ""mtf_intervals"": [""4h"", ""1d""], ""ret_windows"": [1, 3, 6, 12, 24], ""rsi_period"": 14, ""target_threshold"": 0.004, ""vol_windows"": [24, 48]}","{""colsample_bytree"": 0.7, ""gamma"": 0.0, ""learning_rate"": 0.03, ""max_depth"": 5, ""min_child_weight"": 1, ""n_estimators"": 250, ""subsample"": 0.7}",4,2525,0.834059405940594,0.016370094088378084,4.8110033732621594e+17,2510.2653940139658,0.060566013874518654,41.082777515294225
stage2,2803,42,0.52,74929,27,"{""atr_period"": 21, ""horizon_h"": 6, ""ma_windows"": [6, 18, 72], ""mtf_intervals"": [""4h"", ""1d""], ""ret_windows"": [1, 3, 6, 12, 24], ""rsi_period"": 14, ""target_threshold"": 0.004, ""vol_windows"": [24, 48]}","{""colsample_bytree"": 0.7, ""gamma"": 0.0, ""learning_rate"": 0.03, ""max_depth"": 5, ""min_child_weight"": 5, ""n_estimators"": 250, ""subsample"": 1.0}",4,4774,0.7316715542521994,0.0120974126533522,5.371457838317457e+24,2510.2653940139658,0.14489499514350945,57.15281062886255
stage2,2803,42,0.55,74929,27,"{""atr_period"": 21, ""horizon_h"": 6, ""ma_windows"": [6, 18, 72], ""mtf_intervals"": [""4h"", ""1d""], ""ret_windows"": [1, 3, 6, 12, 24], ""rsi_period"": 14, ""target_threshold"": 0.004, ""vol_windows"": [24, 48]}","{""colsample_bytree"": 0.7, ""gamma"": 0.0, ""learning_rate"": 0.03, ""max_depth"": 5, ""min_child_weight"": 5, ""n_estimators"": 250, ""subsample"": 1.0}",4,4156,0.7548123195380173,0.012974358141868448,1.2155955441895838e+23,2510.2653940139658,0.10088181912899852,53.41189506659416
stage2,2803,42,0.58,74929,27,"{""atr_period"": 21, ""horizon_h"": 6, ""ma_windows"": [6, 18, 72], ""mtf_intervals"": [""4h"", ""1d""], ""ret_windows"": [1, 3, 6, 12, 24], ""rsi_period"": 14, ""target_threshold"": 0.004, ""vol_windows"": [24, 48]}","{""colsample_bytree"": 0.7, ""gamma"": 0.0, ""learning_rate"": 0.03, ""max_depth"": 5, ""min_child_weight"": 5, ""n_estimators"": 250, ""subsample"": 1.0}",4,3639,0.7774113767518549,0.013926660816651622,4.919889577848197e+21,2510.2653940139658,0.0782345494239931,50.24179815282323
stage2,2803,42,0.6,74929,27,"{""atr_period"": 21, ""horizon_h"": 6, ""ma_windows"": [6, 18, 72], ""mtf_intervals"": [""4h"", ""1d""], ""ret_windows"": [1, 3, 6, 12, 24], ""rsi_period"": 14, ""target_threshold"": 0.004, ""vol_windows"": [24, 48]}","{""colsample_bytree"": 0.7, ""gamma"": 0.0, ""learning_rate"": 0.03, ""max_depth"": 5, ""min_child_weight"": 5, ""n_estimators"": 250, ""subsample"": 1.0}",4,3327,0.7911030958821761,0.014529508466876558,4.862510543028697e+20,2510.2653940139658,0.075732612964717,47.94450897501364
stage2,2803,42,0.62,74929,27,"{""atr_period"": 21, ""horizon_h"": 6, ""ma_windows"": [6, 18, 72], ""mtf_intervals"": [""4h"", ""1d""], ""ret_windows"": [1, 3, 6, 12, 24], ""rsi_period"": 14, ""target_threshold"": 0.004, ""vol_windows"": [24, 48]}","{""colsample_bytree"": 0.7, ""gamma"": 0.0, ""learning_rate"": 0.03, ""max_depth"": 5, ""min_child_weight"": 5, ""n_estimators"": 250, ""subsample"": 1.0}",4,2971,0.8118478626725009,0.01532969622749949,3.074150697642047e+19,2510.2653940139658,0.07588403381916586,45.206319277155885
stage2,2803,42,0.65,74929,27,"{""atr_period"": 21, ""horizon_h"": 6, ""ma_windows"": [6, 18, 72], ""mtf_intervals"": [""4h"", ""1d""], ""ret_windows"": [1, 3, 6, 12, 24], ""rsi_period"": 14, ""target_threshold"": 0.004, ""vol_windows"": [24, 48]}","{""colsample_bytree"": 0.7, ""gamma"": 0.0, ""learning_rate"": 0.03, ""max_depth"": 5, ""min_child_weight"": 5, ""n_estimators"": 250, ""subsample"": 1.0}",4,2498,0.8318654923939152,0.016375775140555777,3.153894578633893e+17,2510.2653940139658,0.060566013874518765,40.65880023232698
stage2,2803,44,0.52,74929,27,"{""atr_period"": 21, ""horizon_h"": 6, ""ma_windows"": [6, 18, 72], ""mtf_intervals"": [""4h"", ""1d""], ""ret_windows"": [1, 3, 6, 12, 24], ""rsi_period"": 14, ""target_threshold"": 0.004, ""vol_windows"": [24, 48]}","{""colsample_bytree"": 1.0, ""gamma"": 0.0, ""learning_rate"": 0.03, ""max_depth"": 5, ""min_child_weight"": 1, ""n_estimators"": 250, ""subsample"": 1.0}",4,4795,0.7309697601668405,0.012098369222864407,6.992862035742733e+24,2510.2653940139658,0.10246331362828776,57.437263256577936
stage2,2803,44,0.55,74929,27,"{""atr_period"": 21, ""horizon_h"": 6, ""ma_windows"": [6, 18, 72], ""mtf_intervals"": [""4h"", ""1d""], ""ret_windows"": [1, 3, 6, 12, 24], ""rsi_period"": 14, ""target_threshold"": 0.004, ""vol_windows"": [24, 48]}","{""colsample_bytree"": 1.0, ""gamma"": 0.0, ""learning_rate"": 0.03, ""max_depth"": 5, ""min_child_weight"": 1, ""n_estimators"": 250, ""subsample"": 1.0}",4,4231,0.752540770503427,0.012882767107432951,2.1757252000426882e+23,2510.2653940139658,0.08052169733280645,54.00165307773261
stage2,2803,44,0.58,74929,27,"{""atr_period"": 21, ""horizon_h"": 6, ""ma_windows"": [6, 18, 72], ""mtf_intervals"": [""4h"", ""1d""], ""ret_windows"": [1, 3, 6, 12, 24], ""rsi_period"": 14, ""target_threshold"": 0.004, ""vol_windows"": [24, 48]}","{""colsample_bytree"": 1.0, ""gamma"": 0.0, ""learning_rate"": 0.03, ""max_depth"": 5, ""min_child_weight"": 1, ""n_estimators"": 250, ""subsample"": 1.0}",4,3687,0.7781394087333876,0.013792472693868272,5.881041261966243e+21,2510.2653940139658,0.07884120533897343,50.41945149034431
stage2,2803,44,0.6,74929,27,"{""atr_period"": 21, ""horizon_h"": 6, ""ma_windows"": [6, 18, 72], ""mtf_intervals"": [""4h"", ""1d""], ""ret_windows"": [1, 3, 6, 12, 24], ""rsi_period"": 14, ""target_threshold"": 0.004, ""vol_windows"": [24, 48]}","{""colsample_bytree"": 1.0, ""gamma"": 0.0, ""learning_rate"": 0.03, ""max_depth"": 5, ""min_child_weight"": 1, ""n_estimators"": 250, ""subsample"": 1.0}",4,3352,0.787291169451074,0.01434421384028153,3.788730008104641e+20,2510.2653940139658,0.07884120533897354,47.688898776223745
stage2,2803,44,0.62,74929,27,"{""atr_period"": 21, ""horizon_h"": 6, ""ma_windows"": [6, 18, 72], ""mtf_intervals"": [""4h"", ""1d""], ""ret_windows"": [1, 3, 6, 12, 24], ""rsi_period"": 14, ""target_threshold"": 0.004, ""vol_windows"": [24, 48]}","{""colsample_bytree"": 1.0, ""gamma"": 0.0, ""learning_rate"": 0.03, ""max_depth"": 5, ""min_child_weight"": 1, ""n_estimators"": 250, ""subsample"": 1.0}",4,3058,0.802158273381295,0.015018793059001724,4.5131847569612825e+19,2510.2653940139658,0.07884120533897343,45.57857618623609
stage2,2803,44,0.65,74929,27,"{""atr_period"": 21, ""horizon_h"": 6, ""ma_windows"": [6, 18, 72], ""mtf_intervals"": [""4h"", ""1d""], ""ret_windows"": [1, 3, 6, 12, 24], ""rsi_period"": 14, ""target_threshold"": 0.004, ""vol_windows"": [24, 48]}","{""colsample_bytree"": 1.0, ""gamma"": 0.0, ""learning_rate"": 0.03, ""max_depth"": 5, ""min_child_weight"": 1, ""n_estimators"": 250, ""subsample"": 1.0}",4,2603,0.8259700345754898,0.016122797833357884,8.995170240295309e+17,2510.2653940139658,0.07422883788216617,41.69327836561122
stage2,2803,23,0.52,74929,27,"{""atr_period"": 21, ""horizon_h"": 6, ""ma_windows"": [6, 18, 72], ""mtf_intervals"": [""4h"", ""1d""], ""ret_windows"": [1, 3, 6, 12, 24], ""rsi_period"": 14, ""target_threshold"": 0.004, ""vol_windows"": [24, 48]}","{""colsample_bytree"": 1.0, ""gamma"": 0.2, ""learning_rate"": 0.07, ""max_depth"": 3, ""min_child_weight"": 5, ""n_estimators"": 250, ""subsample"": 0.7}",4,4577,0.7273323137426262,0.01214690367784394,6.329097911150346e+23,2510.2653940139658,0.10246331362828798,55.03242427837948
stage2,2803,23,0.55,74929,27,"{""atr_period"": 21, ""horizon_h"": 6, ""ma_windows"": [6, 18, 72], ""mtf_intervals"": [""4h"", ""1d""], ""ret_windows"": [1, 3, 6, 12, 24], ""rsi_period"": 14, ""target_threshold"": 0.004, ""vol_windows"": [24, 48]}","{""colsample_bytree"": 1.0, ""gamma"": 0.2, ""learning_rate"": 0.07, ""max_depth"": 3, ""min_child_weight"": 5, ""n_estimators"": 250, ""subsample"": 0.7}",4,3975,0.7544654088050314,0.013172641827293607,2.587401010130847e+22,2510.2653940139658,0.07555033818223189,51.87870423934568
stage2,2803,23,0.58,74929,27,"{""atr_period"": 21, ""horizon_h"": 6, ""ma_windows"": [6, 18, 72], ""mtf_intervals"": [""4h"", ""1d""], ""ret_windows"": [1, 3, 6, 12, 24], ""rsi_period"": 14, ""target_threshold"": 0.004, ""vol_windows"": [24, 48]}","{""colsample_bytree"": 1.0, ""gamma"": 0.2, ""learning_rate"": 0.07, ""max_depth"": 3, ""min_child_weight"": 5, ""n_estimators"": 250, ""subsample"": 0.7}",4,3444,0.7761324041811847,0.01410422813406152,6.10299085179555e+20,2510.2653940139658,0.07422883788216628,48.15710614395006
stage2,2803,23,0.6,74929,27,"{""atr_period"": 21, ""horizon_h"": 6, ""ma_windows"": [6, 18, 72], ""mtf_intervals"": [""4h"", ""1d""], ""ret_windows"": [1, 3, 6, 12, 24], ""rsi_period"": 14, ""target_threshold"": 0.004, ""vol_windows"": [24, 48]}","{""colsample_bytree"": 1.0, ""gamma"": 0.2, ""learning_rate"": 0.07, ""max_depth"": 3, ""min_child_weight"": 5, ""n_estimators"": 250, ""subsample"": 0.7}",4,3131,0.7856914723730437,0.014723642537803266,5.2755340876343845e+19,2510.2653940139658,0.07110468036280448,45.722986667983776
stage2,2803,23,0.62,74929,27,"{""atr_period"": 21, ""horizon_h"": 6, ""ma_windows"": [6, 18, 72], ""mtf_intervals"": [""4h"", ""1d""], ""ret_windows"": [1, 3, 6, 12, 24], ""rsi_period"": 14, ""target_threshold"": 0.004, ""vol_windows"": [24, 48]}","{""colsample_bytree"": 1.0, ""gamma"": 0.2, ""learning_rate"": 0.07, ""max_depth"": 3, ""min_child_weight"": 5, ""n_estimators"": 250, ""subsample"": 0.7}",4,2836,0.8004231311706629,0.015347760303064518,4.149212195776344e+18,2510.2653940139658,0.07110468036280437,43.19701840495158
stage2,2803,23,0.65,74929,27,"{""atr_period"": 21, ""horizon_h"": 6, ""ma_windows"": [6, 18, 72], ""mtf_intervals"": [""4h"", ""1d""], ""ret_windows"": [1, 3, 6, 12, 24], ""rsi_period"": 14, ""target_threshold"": 0.004, ""vol_windows"": [24, 48]}","{""colsample_bytree"": 1.0, ""gamma"": 0.2, ""learning_rate"": 0.07, ""max_depth"": 3, ""min_child_weight"": 5, ""n_estimators"": 250, ""subsample"": 0.7}",4,2356,0.8213073005093379,0.016529978739761687,4.487844849758415e+16,2510.2653940139658,0.060566013874518876,38.701736748897694
stage2,5107,51,0.52,74772,27,"{""atr_period"": 7, ""horizon_h"": 6, ""ma_windows"": [12, 24, 72], ""mtf_intervals"": [""4h"", ""1d""], ""ret_windows"": [1, 2, 4, 8, 24], ""rsi_period"": 21, ""target_threshold"": 0.004, ""vol_windows"": [24, 48]}","{""colsample_bytree"": 0.7, ""gamma"": 0.2, ""learning_rate"": 0.07, ""max_depth"": 5, ""min_child_weight"": 5, ""n_estimators"": 250, ""subsample"": 0.7}",4,5142,0.720342279268767,0.011573880081714574,3.044954622178998e+25,2192.578913547333,0.14888265385233457,58.87253686064025
stage2,5107,51,0.55,74772,27,"{""atr_period"": 7, ""horizon_h"": 6, ""ma_windows"": [12, 24, 72], ""mtf_intervals"": [""4h"", ""1d""], ""ret_windows"": [1, 2, 4, 8, 24], ""rsi_period"": 21, ""target_threshold"": 0.004, ""vol_windows"": [24, 48]}","{""colsample_bytree"": 0.7, ""gamma"": 0.2, ""learning_rate"": 0.07, ""max_depth"": 5, ""min_child_weight"": 5, ""n_estimators"": 250, ""subsample"": 0.7}",4,4546,0.7470303563572371,0.01246039522853875,1.8038722025157657e+24,2192.578913547333,0.10349062153486266,56.09753994595733
stage2,5107,51,0.58,74772,27,"{""atr_period"": 7, ""horizon_h"": 6, ""ma_windows"": [12, 24, 72], ""mtf_intervals"": [""4h"", ""1d""], ""ret_windows"": [1, 2, 4, 8, 24], ""rsi_period"": 21, ""target_threshold"": 0.004, ""vol_windows"": [24, 48]}","{""colsample_bytree"": 0.7, ""gamma"": 0.2, ""learning_rate"": 0.07, ""max_depth"": 5, ""min_child_weight"": 5, ""n_estimators"": 250, ""subsample"": 0.7}",4,4027,0.7710454432580084,0.013306136282247331,8.75818788465721e+22,2192.578913547333,0.10349062153486277,53.09840120103322
stage2,5107,51,0.6,74772,27,"{""atr_period"": 7, ""horizon_h"": 6, ""ma_windows"": [12, 24, 72], ""mtf_intervals"": [""4h"", ""1d""], ""ret_windows"": [1, 2, 4, 8, 24], ""rsi_period"": 21, ""target_threshold"": 0.004, ""vol_windows"": [24, 48]}","{""colsample_bytree"": 0.7, ""gamma"": 0.2, ""learning_rate"": 0.07, ""max_depth"": 5, ""min_child_weight"": 5, ""n_estimators"": 250, ""subsample"": 0.7}",4,3710,0.7811320754716982,0.013856452529220258,1.02049616794296e+22,2192.578913547333,0.08208294766924085,50.97187680082828
stage2,5107,51,0.62,74772,27,"{""atr_period"": 7, ""horizon_h"": 6, ""ma_windows"": [12, 24, 72], ""mtf_intervals"": [""4h"", ""1d""], ""ret_windows"": [1, 2, 4, 8, 24], ""rsi_period"": 21, ""target_threshold"": 0.004, ""vol_windows"": [24, 48]}","{""colsample_bytree"": 0.7, ""gamma"": 0.2, ""learning_rate"": 0.07, ""max_depth"": 5, ""min_child_weight"": 5, ""n_estimators"": 250, ""subsample"": 0.7}",4,3397,0.798645863997645,0.014516771235822578,1.287906980802348e+21,2192.578913547333,0.0763049678819151,48.924203735218924
stage2,5107,51,0.65,74772,27,"{""atr_period"": 7, ""horizon_h"": 6, ""ma_windows"": [12, 24, 72], ""mtf_intervals"": [""4h"", ""1d""], ""ret_windows"": [1, 2, 4, 8, 24], ""rsi_period"": 21, ""target_threshold"": 0.004, ""vol_windows"": [24, 48]}","{""colsample_bytree"": 0.7, ""gamma"": 0.2, ""learning_rate"": 0.07, ""max_depth"": 5, ""min_child_weight"": 5, ""n_estimators"": 250, ""subsample"": 0.7}",4,2954,0.8195666892349357,0.015540586634614564,4.420404719595434e+19,2192.578913547333,0.054652592210135076,45.587999772663736
stage2,5107,58,0.52,74772,27,"{""atr_period"": 7, ""horizon_h"": 6, ""ma_windows"": [12, 24, 72], ""mtf_intervals"": [""4h"", ""1d""], ""ret_windows"": [1, 2, 4, 8, 24], ""rsi_period"": 21, ""target_threshold"": 0.004, ""vol_windows"": [24, 48]}","{""colsample_bytree"": 0.7, ""gamma"": 0.0, ""learning_rate"": 0.07, ""max_depth"": 5, ""min_child_weight"": 5, ""n_estimators"": 250, ""subsample"": 1.0}",4,5125,0.7221463414634146,0.011597640476202134,2.81753192793823e+25,2192.578913547333,0.1256789786432767,58.80814733138746
stage2,5107,58,0.55,74772,27,"{""atr_period"": 7, ""horizon_h"": 6, ""ma_windows"": [12, 24, 72], ""mtf_intervals"": [""4h"", ""1d""], ""ret_windows"": [1, 2, 4, 8, 24], ""rsi_period"": 21, ""target_threshold"": 0.004, ""vol_windows"": [24, 48]}","{""colsample_bytree"": 0.7, ""gamma"": 0.0, ""learning_rate"": 0.07, ""max_depth"": 5, ""min_child_weight"": 5, ""n_estimators"": 250, ""subsample"": 1.0}",4,4526,0.745249668581529,0.012423843622754074,1.1773958017852359e+24,2192.578913547333,0.1256789786432766,55.658098278322704
stage2,5107,58,0.58,74772,27,"{""atr_period"": 7, ""horizon_h"": 6, ""ma_windows"": [12, 24, 72], ""mtf_intervals"": [""4h"", ""1d""], ""ret_windows"": [1, 2, 4, 8, 24], ""rsi_period"": 21, ""target_threshold"": 0.004, ""vol_windows"": [24, 48]}","{""colsample_bytree"": 0.7, ""gamma"": 0.0, ""learning_rate"": 0.07, ""max_depth"": 5, ""min_child_weight"": 5, ""n_estimators"": 250, ""subsample"": 1.0}",4,3997,0.7673254941205905,0.013323110505041284,6.256780211229548e+22,2192.578913547333,0.10349062153486266,52.759237723976455
stage2,5107,58,0.6,74772,27,"{""atr_period"": 7, ""horizon_h"": 6, ""ma_windows"": [12, 24, 72], ""mtf_intervals"": [""4h"", ""1d""], ""ret_windows"": [1, 2, 4, 8, 24], ""rsi_period"": 21, ""target_threshold"": 0.004, ""vol_windows"": [24, 48]}","{""colsample_bytree"": 0.7, ""gamma"": 0.0, ""learning_rate"": 0.07, ""max_depth"": 5, ""min_child_weight"": 5, ""n_estimators"": 250, ""subsample"": 1.0}",4,3663,0.7815997815997816,0.013846119563697067,5.108868162250778e+21,2192.578913547333,0.10349062153486277,50.26956830891181
stage2,5107,58,0.62,74772,27,"{""atr_period"": 7, ""horizon_h"": 6, ""ma_windows"": [12, 24, 72], ""mtf_intervals"": [""4h"", ""1d""], ""ret_windows"": [1, 2, 4, 8, 24], ""rsi_period"": 21, ""target_threshold"": 0.004, ""vol_windows"": [24, 48]}","{""colsample_bytree"": 0.7, ""gamma"": 0.0, ""learning_rate"": 0.07, ""max_depth"": 5, ""min_child_weight"": 5, ""n_estimators"": 250, ""subsample"": 1.0}",4,3351,0.7934944792599224,0.01443300967358879,4.970592594252145e+20,2192.578913547333,0.10349062153486277,47.95375527716679
stage2,5107,58,0.65,74772,27,"{""atr_period"": 7, ""horizon_h"": 6, ""ma_windows"": [12, 24, 72], ""mtf_intervals"": [""4h"", ""1d""], ""ret_windows"": [1, 2, 4, 8, 24], ""rsi_period"": 21, ""target_threshold"": 0.004, ""vol_windows"": [24, 48]}","{""colsample_bytree"": 0.7, ""gamma"": 0.0, ""learning_rate"": 0.07, ""max_depth"": 5, ""min_child_weight"": 5, ""n_estimators"": 250, ""subsample"": 1.0}",4,2884,0.8176144244105409,0.015561870639990288,1.5913681657192122e+19,2192.578913547333,0.07588403381916575,44.55435538244015
stage2,5107,50,0.52,74772,27,"{""atr_period"": 7, ""horizon_h"": 6, ""ma_windows"": [12, 24, 72], ""mtf_intervals"": [""4h"", ""1d""], ""ret_windows"": [1, 2, 4, 8, 24], ""rsi_period"": 21, ""target_threshold"": 0.004, ""vol_windows"": [24, 48]}","{""colsample_bytree"": 0.7, ""gamma"": 0.0, ""learning_rate"": 0.07, ""max_depth"": 5, ""min_child_weight"": 5, ""n_estimators"": 250, ""subsample"": 0.7}",4,5105,0.7220372184133202,0.01162368117199064,2.562993993668939e+25,2192.578913547333,0.1256789786432767,58.713583163538466
stage2,5107,50,0.55,74772,27,"{""atr_period"": 7, ""horizon_h"": 6, ""ma_windows"": [12, 24, 72], ""mtf_intervals"": [""4h"", ""1d""], ""ret_windows"": [1, 2, 4, 8, 24], ""rsi_period"": 21, ""target_threshold"": 0.004, ""vol_windows"": [24, 48]}","{""colsample_bytree"": 0.7, ""gamma"": 0.0, ""learning_rate"": 0.07, ""max_depth"": 5, ""min_child_weight"": 5, ""n_estimators"": 250, ""subsample"": 0.7}",4,4557,0.7480798771121352,0.012457989533840686,2.0302546177072209e+24,2192.578913547333,0.1256789786432767,56.205491773126205
stage2,5107,50,0.58,74772,27,"{""atr_period"": 7, ""horizon_h"": 6, ""ma_windows"": [12, 24, 72], ""mtf_intervals"": [""4h"", ""1d""], ""ret_windows"": [1, 2, 4, 8, 24], ""rsi_period"": 21, ""target_threshold"": 0.004, ""vol_windows"": [24, 48]}","{""colsample_bytree"": 0.7, ""gamma"": 0.0, ""learning_rate"": 0.07, ""max_depth"": 5, ""min_child_weight"": 5, ""n_estimators"": 250, ""subsample"": 0.7}",4,4034,0.7702032721864155,0.0132933689560201,9.03683254538619e+22,2192.578913547333,0.10349062153486266,53.12894503535725
stage2,5107,50,0.6,74772,27,"{""atr_period"": 7, ""horizon_h"": 6, ""ma_windows"": [12, 24, 72], ""mtf_intervals"": [""4h"", ""1d""], ""ret_windows"": [1, 2, 4, 8, 24], ""rsi_period"": 21, ""target_threshold"": 0.004, ""vol_windows"": [24, 48]}","{""colsample_bytree"": 0.7, ""gamma"": 0.0, ""learning_rate"": 0.07, ""max_depth"": 5, ""min_child_weight"": 5, ""n_estimators"": 250, ""subsample"": 0.7}",4,3693,0.7849986460871919,0.013949135516904793,1.1324682961896247e+22,2192.578913547333,0.07123508808221302,51.085246086281536
stage2,5107,50,0.62,74772,27,"{""atr_period"": 7, ""horizon_h"": 6, ""ma_windows"": [12, 24, 72], ""mtf_intervals"": [""4h"", ""1d""], ""ret_windows"": [1, 2, 4, 8, 24], ""rsi_period"": 21, ""target_threshold"": 0.004, ""vol_windows"": [24, 48]}","{""colsample_bytree"": 0.7, ""gamma"": 0.0, ""learning_rate"": 0.07, ""max_depth"": 5, ""min_child_weight"": 5, ""n_estimators"": 250, ""subsample"": 0.7}",4,3369,0.8011279311368359,0.014608700435573758,1.16955304433667e+21,2192.578913547333,0.05465259221013519,48.84135426760045
stage2,5107,50,0.65,74772,27,"{""atr_period"": 7, ""horizon_h"": 6, ""ma_windows"": [12, 24, 72], ""mtf_intervals"": [""4h"", ""1d""], ""ret_windows"": [1, 2, 4, 8, 24], ""rsi_period"": 21, ""target_threshold"": 0.004, ""vol_windows"": [24, 48]}","{""colsample_bytree"": 0.7, ""gamma"": 0.0, ""learning_rate"": 0.07, ""max_depth"": 5, ""min_child_weight"": 5, ""n_estimators"": 250, ""subsample"": 0.7}",4,2927,0.8192688759822344,0.015510989259132624,2.6819158795436335e+19,2192.578913547333,0.05465259221013519,45.087824905184846
stage2,5107,48,0.52,74772,27,"{""atr_period"": 7, ""horizon_h"": 6, ""ma_windows"": [12, 24, 72], ""mtf_intervals"": [""4h"", ""1d""], ""ret_windows"": [1, 2, 4, 8, 24], ""rsi_period"": 21, ""target_threshold"": 0.004, ""vol_windows"": [24, 48]}","{""colsample_bytree"": 0.7, ""gamma"": 0.0, ""learning_rate"": 0.07, ""max_depth"": 5, ""min_child_weight"": 1, ""n_estimators"": 250, ""subsample"": 0.7}",4,5141,0.7212604551643649,0.01159354233847966,3.304650261545413e+25,2192.578913547333,0.15367610311180246,58.95287662282377
stage2,5107,48,0.55,74772,27,"{""atr_period"": 7, ""horizon_h"": 6, ""ma_windows"": [12, 24, 72], ""mtf_intervals"": [""4h"", ""1d""], ""ret_windows"": [1, 2, 4, 8, 24], ""rsi_period"": 21, ""target_threshold"": 0.004, ""vol_windows"": [24, 48]}","{""colsample_bytree"": 0.7, ""gamma"": 0.0, ""learning_rate"": 0.07, ""max_depth"": 5, ""min_child_weight"": 1, ""n_estimators"": 250, ""subsample"": 0.7}",4,4577,0.7456849464714879,0.012387686398986072,1.886636563875134e+24,2192.578913547333,0.10349062153486266,56.14074201733522
stage2,5107,48,0.58,74772,27,"{""atr_period"": 7, ""horizon_h"": 6, ""ma_windows"": [12, 24, 72], ""mtf_intervals"": [""4h"", ""1d""], ""ret_windows"": [1, 2, 4, 8, 24], ""rsi_period"": 21, ""target_threshold"": 0.004, ""vol_windows"": [24, 48]}","{""colsample_bytree"": 0.7, ""gamma"": 0.0, ""learning_rate"": 0.07, ""max_depth"": 5, ""min_child_weight"": 1, ""n_estimators"": 250, ""subsample"": 0.7}",4,4042,0.7664522513607125,0.013267843571737107,9.032055738444651e+22,2192.578913547333,0.10349062153486255,53.12521128281076
stage2,5107,48,0.6,74772,27,"{""atr_period"": 7, ""horizon_h"": 6, ""ma_windows"": [12, 24, 72], ""mtf_intervals"": [""4h"", ""1d""], ""ret_windows"": [1, 2, 4, 8, 24], ""rsi_period"": 21, ""target_threshold"": 0.004, ""vol_windows"": [24, 48]}","{""colsample_bytree"": 0.7, ""gamma"": 0.0, ""learning_rate"": 0.07, ""max_depth"": 5, ""min_child_weight"": 1, ""n_estimators"": 250, ""subsample"": 0.7}",4,3700,0.782972972972973,0.013888102628527552,9.903804204744777e+21,2192.578913547333,0.0864918152021441,50.941443191116406
stage2,5107,48,0.62,74772,27,"{""atr_period"": 7, ""horizon_h"": 6, ""ma_windows"": [12, 24, 72], ""mtf_intervals"": [""4h"", ""1d""], ""ret_windows"": [1, 2, 4, 8, 24], ""rsi_period"": 21, ""target_threshold"": 0.004, ""vol_windows"": [24, 48]}","{""colsample_bytree"": 0.7, ""gamma"": 0.0, ""learning_rate"": 0.07, ""max_depth"": 5, ""min_child_weight"": 1, ""n_estimators"": 250, ""subsample"": 0.7}",4,3401,0.7968244633931196,0.014507185699039733,1.306345936484539e+21,2192.578913547333,0.07588403381916586,48.93709587050497
stage2,5107,48,0.65,74772,27,"{""atr_period"": 7, ""horizon_h"": 6, ""ma_windows"": [12, 24, 72], ""mtf_intervals"": [""4h"", ""1d""], ""ret_windows"": [1, 2, 4, 8, 24], ""rsi_period"": 21, ""target_threshold"": 0.004, ""vol_windows"": [24, 48]}","{""colsample_bytree"": 0.7, ""gamma"": 0.0, ""learning_rate"": 0.07, ""max_depth"": 5, ""min_child_weight"": 1, ""n_estimators"": 250, ""subsample"": 0.7}",4,2955,0.8165820642978003,0.015545322635544156,4.519270295738236e+19,2192.578913547333,0.054652592210135076,45.6077692451199
stage2,5107,57,0.52,74772,27,"{""atr_period"": 7, ""horizon_h"": 6, ""ma_windows"": [12, 24, 72], ""mtf_intervals"": [""4h"", ""1d""], ""ret_windows"": [1, 2, 4, 8, 24], ""rsi_period"": 21, ""target_threshold"": 0.004, ""vol_windows"": [24, 48]}","{""colsample_bytree"": 0.7, ""gamma"": 0.2, ""learning_rate"": 0.07, ""max_depth"": 5, ""min_child_weight"": 1, ""n_estimators"": 250, ""subsample"": 1.0}",4,5139,0.7215411558669002,0.01153205307445053,2.377509235206191e+25,2192.578913547333,0.1256789786432767,58.637330584667495
stage2,5107,57,0.55,74772,27,"{""atr_period"": 7, ""horizon_h"": 6, ""ma_windows"": [12, 24, 72], ""mtf_intervals"": [""4h"", ""1d""], ""ret_windows"": [1, 2, 4, 8, 24], ""rsi_period"": 21, ""target_threshold"": 0.004, ""vol_windows"": [24, 48]}","{""colsample_bytree"": 0.7, ""gamma"": 0.2, ""learning_rate"": 0.07, ""max_depth"": 5, ""min_child_weight"": 1, ""n_estimators"": 250, ""subsample"": 1.0}",4,4589,0.7448245805186315,0.01234604144277596,1.8174367796611837e+24,2192.578913547333,0.10349062153486277,56.102352062636896
stage2,5107,57,0.58,74772,27,"{""atr_period"": 7, ""horizon_h"": 6, ""ma_windows"": [12, 24, 72], ""mtf_intervals"": [""4h"", ""1d""], ""ret_windows"": [1, 2, 4, 8, 24], ""rsi_period"": 21, ""target_threshold"": 0.004, ""vol_windows"": [24, 48]}","{""colsample_bytree"": 0.7, ""gamma"": 0.2, ""learning_rate"": 0.07, ""max_depth"": 5, ""min_child_weight"": 1, ""n_estimators"": 250, ""subsample"": 1.0}",4,4062,0.7653865091088133,0.013167993664229277,7.926121909326221e+22,2192.578913547333,0.10349062153486277,52.992943767291884
stage2,5107,57,0.6,74772,27,"{""atr_period"": 7, ""horizon_h"": 6, ""ma_windows"": [12, 24, 72], ""mtf_intervals"": [""4h"", ""1d""], ""ret_windows"": [1, 2, 4, 8, 24], ""rsi_period"": 21, ""target_threshold"": 0.004, ""vol_windows"": [24, 48]}","{""colsample_bytree"": 0.7, ""gamma"": 0.2, ""learning_rate"": 0.07, ""max_depth"": 5, ""min_child_weight"": 1, ""n_estimators"": 250, ""subsample"": 1.0}",4,3716,0.7820236813778256,0.01380627960990616,9.136959330213486e+21,2192.578913547333,0.07884120533897354,50.86326318508417
stage2,5107,57,0.62,74772,27,"{""atr_period"": 7, ""horizon_h"": 6, ""ma_windows"": [12, 24, 72], ""mtf_intervals"": [""4h"", ""1d""], ""ret_windows"": [1, 2, 4, 8, 24], ""rsi_period"": 21, ""target_threshold"": 0.004, ""vol_windows"": [24, 48]}","{""colsample_bytree"": 0.7, ""gamma"": 0.2, ""learning_rate"": 0.07, ""max_depth"": 5, ""min_child_weight"": 1, ""n_estimators"": 250, ""subsample"": 1.0}",4,3405,0.7955947136563877,0.014404106886251948,9.803053543931339e+20,2192.578913547333,0.07884120533897376,48.64668380648565
stage2,5107,57,0.65,74772,27,"{""atr_period"": 7, ""horizon_h"": 6, ""ma_windows"": [12, 24, 72], ""mtf_intervals"": [""4h"", ""1d""], ""ret_windows"": [1, 2, 4, 8, 24], ""rsi_period"": 21, ""target_threshold"": 0.004, ""vol_windows"": [24, 48]}","{""colsample_bytree"": 0.7, ""gamma"": 0.2, ""learning_rate"": 0.07, ""max_depth"": 5, ""min_child_weight"": 1, ""n_estimators"": 250, ""subsample"": 1.0}",4,2936,0.8181198910081744,0.015463655348706576,2.66370170831567e+19,2192.578913547333,0.07612129628641284,45.06897804939576
stage2,5107,61,0.52,74772,27,"{""atr_period"": 7, ""horizon_h"": 6, ""ma_windows"": [12, 24, 72], ""mtf_intervals"": [""4h"", ""1d""], ""ret_windows"": [1, 2, 4, 8, 24], ""rsi_period"": 21, ""target_threshold"": 0.004, ""vol_windows"": [24, 48]}","{""colsample_bytree"": 1.0, ""gamma"": 0.2, ""learning_rate"": 0.07, ""max_depth"": 5, ""min_child_weight"": 1, ""n_estimators"": 250, ""subsample"": 1.0}",4,5144,0.7223950233281493,0.01160438663857191,3.638895739622036e+25,2192.578913547333,0.1256789786432767,59.064219214688094
stage2,5107,61,0.55,74772,27,"{""atr_period"": 7, ""horizon_h"": 6, ""ma_windows"": [12, 24, 72], ""mtf_intervals"": [""4h"", ""1d""], ""ret_windows"": [1, 2, 4, 8, 24], ""rsi_period"": 21, ""target_threshold"": 0.004, ""vol_windows"": [24, 48]}","{""colsample_bytree"": 1.0, ""gamma"": 0.2, ""learning_rate"": 0.07, ""max_depth"": 5, ""min_child_weight"": 1, ""n_estimators"": 250, ""subsample"": 1.0}",4,4605,0.7435396308360478,0.012382209323758662,2.5982905675431577e+24,2192.578913547333,0.10590710498059008,56.45783181340045
stage2,5107,61,0.58,74772,27,"{""atr_period"": 7, ""horizon_h"": 6, ""ma_windows"": [12, 24, 72], ""mtf_intervals"": [""4h"", ""1d""], ""ret_windows"": [1, 2, 4, 8, 24], ""rsi_period"": 21, ""target_threshold"": 0.004, ""vol_windows"": [24, 48]}","{""colsample_bytree"": 1.0, ""gamma"": 0.2, ""learning_rate"": 0.07, ""max_depth"": 5, ""min_child_weight"": 1, ""n_estimators"": 250, ""subsample"": 1.0}",4,4039,0.7680118841297351,0.013295767249287079,9.7725718276358e+22,2192.578913547333,0.07884120533897354,53.217806757131086
stage2,5107,61,0.6,74772,27,"{""atr_period"": 7, ""horizon_h"": 6, ""ma_windows"": [12, 24, 72], ""mtf_intervals"": [""4h"", ""1d""], ""ret_windows"": [1, 2, 4, 8, 24], ""rsi_period"": 21, ""target_threshold"": 0.004, ""vol_windows"": [24, 48]}","{""colsample_bytree"": 1.0, ""gamma"": 0.2, ""learning_rate"": 0.07, ""max_depth"": 5, ""min_child_weight"": 1, ""n_estimators"": 250, ""subsample"": 1.0}",4,3688,0.7866052060737527,0.01401905695123332,1.3523201223069075e+22,2192.578913547333,0.07573261296471678,51.2622640863033
stage2,5107,61,0.62,74772,27,"{""atr_period"": 7, ""horizon_h"": 6, ""ma_windows"": [12, 24, 72], ""mtf_intervals"": [""4h"", ""1d""], ""ret_windows"": [1, 2, 4, 8, 24], ""rsi_period"": 21, ""target_threshold"": 0.004, ""vol_windows"": [24, 48]}","{""colsample_bytree"": 1.0, ""gamma"": 0.2, ""learning_rate"": 0.07, ""max_depth"": 5, ""min_child_weight"": 1, ""n_estimators"": 250, ""subsample"": 1.0}",4,3399,0.7984701382759635,0.014525349786138213,1.3515596027681812e+21,2192.578913547333,0.07123508808221302,48.97490750470298
stage2,5107,61,0.65,74772,27,"{""atr_period"": 7, ""horizon_h"": 6, ""ma_windows"": [12, 24, 72], ""mtf_intervals"": [""4h"", ""1d""], ""ret_windows"": [1, 2, 4, 8, 24], ""rsi_period"": 21, ""target_threshold"": 0.004, ""vol_windows"": [24, 48]}","{""colsample_bytree"": 1.0, ""gamma"": 0.2, ""learning_rate"": 0.07, ""max_depth"": 5, ""min_child_weight"": 1, ""n_estimators"": 250, ""subsample"": 1.0}",4,2942,0.8218898708361658,0.015602975255009588,4.372874403122606e+19,2192.578913547333,0.07125685940208049,45.57124458692588
stage2,5107,38,0.52,74772,27,"{""atr_period"": 7, ""horizon_h"": 6, ""ma_windows"": [12, 24, 72], ""mtf_intervals"": [""4h"", ""1d""], ""ret_windows"": [1, 2, 4, 8, 24], ""rsi_period"": 21, ""target_threshold"": 0.004, ""vol_windows"": [24, 48]}","{""colsample_bytree"": 1.0, ""gamma"": 0.0, ""learning_rate"": 0.03, ""max_depth"": 5, ""min_child_weight"": 5, ""n_estimators"": 250, ""subsample"": 0.7}",4,4790,0.7359081419624217,0.01212516032710208,7.451590087435306e+24,2192.578913547333,0.10349062153486255,57.50445216144905
stage2,5107,38,0.55,74772,27,"{""atr_period"": 7, ""horizon_h"": 6, ""ma_windows"": [12, 24, 72], ""mtf_intervals"": [""4h"", ""1d""], ""ret_windows"": [1, 2, 4, 8, 24], ""rsi_period"": 21, ""target_threshold"": 0.004, ""vol_windows"": [24, 48]}","{""colsample_bytree"": 1.0, ""gamma"": 0.0, ""learning_rate"": 0.03, ""max_depth"": 5, ""min_child_weight"": 5, ""n_estimators"": 250, ""subsample"": 0.7}",4,4212,0.7552231718898386,0.012962037654816926,2.3702156992784426e+23,2192.578913547333,0.09220607331092212,54.08420990431744
stage2,5107,38,0.58,74772,27,"{""atr_period"": 7, ""horizon_h"": 6, ""ma_windows"": [12, 24, 72], ""mtf_intervals"": [""4h"", ""1d""], ""ret_windows"": [1, 2, 4, 8, 24], ""rsi_period"": 21, ""target_threshold"": 0.004, ""vol_windows"": [24, 48]}","{""colsample_bytree"": 1.0, ""gamma"": 0.0, ""learning_rate"": 0.03, ""max_depth"": 5, ""min_child_weight"": 5, ""n_estimators"": 250, ""subsample"": 0.7}",4,3687,0.7794955248169243,0.01394539349471784,1.0198155404672175e+22,2192.578913547333,0.09220607331092212,50.96555034528781
stage2,5107,38,0.6,74772,27,"{""atr_period"": 7, ""horizon_h"": 6, ""ma_windows"": [12, 24, 72], ""mtf_intervals"": [""4h"", ""1d""], ""ret_windows"": [1, 2, 4, 8, 24], ""rsi_period"": 21, ""target_threshold"": 0.004, ""vol_windows"": [24, 48]}","{""colsample_bytree"": 1.0, ""gamma"": 0.0, ""learning_rate"": 0.03, ""max_depth"": 5, ""min_child_weight"": 5, ""n_estimators"": 250, ""subsample"": 0.7}",4,3344,0.7957535885167464,0.014630201264743455,8.677810350724541e+20,2192.578913547333,0.07438050509704175,48.528925321370735
stage2,5107,38,0.62,74772,27,"{""atr_period"": 7, ""horizon_h"": 6, ""ma_windows"": [12, 24, 72], ""mtf_intervals"": [""4h"", ""1d""], ""ret_windows"": [1, 2, 4, 8, 24], ""rsi_period"": 21, ""target_threshold"": 0.004, ""vol_windows"": [24, 48]}","{""colsample_bytree"": 1.0, ""gamma"": 0.0, ""learning_rate"": 0.03, ""max_depth"": 5, ""min_child_weight"": 5, ""n_estimators"": 250, ""subsample"": 0.7}",4,3037,0.8109976950938426,0.015333702882555868,8.482439064472556e+19,2192.578913547333,0.07123508808221302,46.22296503595622
stage2,5107,38,0.65,74772,27,"{""atr_period"": 7, ""horizon_h"": 6, ""ma_windows"": [12, 24, 72], ""mtf_intervals"": [""4h"", ""1d""], ""ret_windows"": [1, 2, 4, 8, 24], ""rsi_period"": 21, ""target_threshold"": 0.004, ""vol_windows"": [24, 48]}","{""colsample_bytree"": 1.0, ""gamma"": 0.0, ""learning_rate"": 0.03, ""max_depth"": 5, ""min_child_weight"": 5, ""n_estimators"": 250, ""subsample"": 0.7}",4,2593,0.8353258773621288,0.016276733239696525,1.1361487615880783e+18,2192.578913547333,0.060566013874518654,41.9423674985905
stage2,5107,36,0.52,74772,27,"{""atr_period"": 7, ""horizon_h"": 6, ""ma_windows"": [12, 24, 72], ""mtf_intervals"": [""4h"", ""1d""], ""ret_windows"": [1, 2, 4, 8, 24], ""rsi_period"": 21, ""target_threshold"": 0.004, ""vol_windows"": [24, 48]}","{""colsample_bytree"": 1.0, ""gamma"": 0.0, ""learning_rate"": 0.03, ""max_depth"": 5, ""min_child_weight"": 1, ""n_estimators"": 250, ""subsample"": 0.7}",4,4795,0.7349322210636079,0.012063719155461368,5.891477715577562e+24,2192.578913547333,0.10349062153486266,57.26825930287828
stage2,5107,36,0.55,74772,27,"{""atr_period"": 7, ""horizon_h"": 6, ""ma_windows"": [12, 24, 72], ""mtf_intervals"": [""4h"", ""1d""], ""ret_windows"": [1, 2, 4, 8, 24], ""rsi_period"": 21, ""target_threshold"": 0.004, ""vol_windows"": [24, 48]}","{""colsample_bytree"": 1.0, ""gamma"": 0.0, ""learning_rate"": 0.03, ""max_depth"": 5, ""min_child_weight"": 1, ""n_estimators"": 250, ""subsample"": 0.7}",4,4197,0.7576840600428878,0.012981886736486042,2.131761017820894e+23,2192.578913547333,0.09220607331092201,53.98030485119995
stage2,5107,36,0.58,74772,27,"{""atr_period"": 7, ""horizon_h"": 6, ""ma_windows"": [12, 24, 72], ""mtf_intervals"": [""4h"", ""1d""], ""ret_windows"": [1, 2, 4, 8, 24], ""rsi_period"": 21, ""target_threshold"": 0.004, ""vol_windows"": [24, 48]}","{""colsample_bytree"": 1.0, ""gamma"": 0.0, ""learning_rate"": 0.03, ""max_depth"": 5, ""min_child_weight"": 1, ""n_estimators"": 250, ""subsample"": 0.7}",4,3654,0.7818828680897646,0.014015399461915346,8.35878988103651e+21,2192.578913547333,0.07422883788216617,50.77811568964799
stage2,5107,36,0.6,74772,27,"{""atr_period"": 7, ""horizon_h"": 6, ""ma_windows"": [12, 24, 72], ""mtf_intervals"": [""4h"", ""1d""], ""ret_windows"": [1, 2, 4, 8, 24], ""rsi_period"": 21, ""target_threshold"": 0.004, ""vol_windows"": [24, 48]}","{""colsample_bytree"": 1.0, ""gamma"": 0.0, ""learning_rate"": 0.03, ""max_depth"": 5, ""min_child_weight"": 1, ""n_estimators"": 250, ""subsample"": 0.7}",4,3354,0.7963625521765056,0.014637155425437526,1.0290369654950924e+21,2192.578913547333,0.0712568594020806,48.70146918823286
stage2,5107,36,0.62,74772,27,"{""atr_period"": 7, ""horizon_h"": 6, ""ma_windows"": [12, 24, 72], ""mtf_intervals"": [""4h"", ""1d""], ""ret_windows"": [1, 2, 4, 8, 24], ""rsi_period"": 21, ""target_threshold"": 0.004, ""vol_windows"": [24, 48]}","{""colsample_bytree"": 1.0, ""gamma"": 0.0, ""learning_rate"": 0.03, ""max_depth"": 5, ""min_child_weight"": 1, ""n_estimators"": 250, ""subsample"": 0.7}",4,3013,0.8134749419183538,0.015378410885477077,6.722309906495972e+19,2192.578913547333,0.0712350880822129,45.99273829502131
stage2,5107,36,0.65,74772,27,"{""atr_period"": 7, ""horizon_h"": 6, ""ma_windows"": [12, 24, 72], ""mtf_intervals"": [""4h"", ""1d""], ""ret_windows"": [1, 2, 4, 8, 24], ""rsi_period"": 21, ""target_threshold"": 0.004, ""vol_windows"": [24, 48]}","{""colsample_bytree"": 1.0, ""gamma"": 0.0, ""learning_rate"": 0.03, ""max_depth"": 5, ""min_child_weight"": 1, ""n_estimators"": 250, ""subsample"": 0.7}",4,2569,0.8349552355001947,0.0163400832039648,9.046787379763722e+17,2192.578913547333,0.07123508808221302,41.709423599917585
stage2,5107,32,0.52,74772,27,"{""atr_period"": 7, ""horizon_h"": 6, ""ma_windows"": [12, 24, 72], ""mtf_intervals"": [""4h"", ""1d""], ""ret_windows"": [1, 2, 4, 8, 24], ""rsi_period"": 21, ""target_threshold"": 0.004, ""vol_windows"": [24, 48]}","{""colsample_bytree"": 0.7, ""gamma"": 0.0, ""learning_rate"": 0.03, ""max_depth"": 5, ""min_child_weight"": 1, ""n_estimators"": 250, ""subsample"": 0.7}",4,4737,0.734008866371121,0.01218316610641226,5.158904087257901e+24,2192.578913547333,0.10349062153486266,57.13569351378386
stage2,5107,32,0.55,74772,27,"{""atr_period"": 7, ""horizon_h"": 6, ""ma_windows"": [12, 24, 72], ""mtf_intervals"": [""4h"", ""1d""], ""ret_windows"": [1, 2, 4, 8, 24], ""rsi_period"": 21, ""target_threshold"": 0.004, ""vol_windows"": [24, 48]}","{""colsample_bytree"": 0.7, ""gamma"": 0.0, ""learning_rate"": 0.03, ""max_depth"": 5, ""min_child_weight"": 1, ""n_estimators"": 250, ""subsample"": 0.7}",4,4179,0.7575975113663556,0.013039247511709264,2.135621864844075e+23,2192.578913547333,0.10349062153486266,53.97686169314136
stage2,5107,32,0.58,74772,27,"{""atr_period"": 7, ""horizon_h"": 6, ""ma_windows"": [12, 24, 72], ""mtf_intervals"": [""4h"", ""1d""], ""ret_windows"": [1, 2, 4, 8, 24], ""rsi_period"": 21, ""target_threshold"": 0.004, ""vol_windows"": [24, 48]}","{""colsample_bytree"": 0.7, ""gamma"": 0.0, ""learning_rate"": 0.03, ""max_depth"": 5, ""min_child_weight"": 1, ""n_estimators"": 250, ""subsample"": 0.7}",4,3640,0.7832417582417582,0.013986725259019537,6.206954163680646e+21,2192.578913547333,0.08208294766924085,50.47740299049289
stage2,5107,32,0.6,74772,27,"{""atr_period"": 7, ""horizon_h"": 6, ""ma_windows"": [12, 24, 72], ""mtf_intervals"": [""4h"", ""1d""], ""ret_windows"": [1, 2, 4, 8, 24], ""rsi_period"": 21, ""target_threshold"": 0.004, ""vol_windows"": [24, 48]}","{""colsample_bytree"": 0.7, ""gamma"": 0.0, ""learning_rate"": 0.03, ""max_depth"": 5, ""min_child_weight"": 1, ""n_estimators"": 250, ""subsample"": 0.7}",4,3306,0.7976406533575318,0.014646845156865023,5.2849268585079e+20,2192.578913547333,0.08208294766924107,48.030806449763894
stage2,5107,32,0.62,74772,27,"{""atr_period"": 7, ""horizon_h"": 6, ""ma_windows"": [12, 24, 72], ""mtf_intervals"": [""4h"", ""1d""], ""ret_windows"": [1, 2, 4, 8, 24], ""rsi_period"": 21, ""target_threshold"": 0.004, ""vol_windows"": [24, 48]}","{""colsample_bytree"": 0.7, ""gamma"": 0.0, ""learning_rate"": 0.03, ""max_depth"": 5, ""min_child_weight"": 1, ""n_estimators"": 250, ""subsample"": 0.7}",4,2984,0.8153485254691689,0.015398564256267866,4.57792805278386e+19,2192.578913547333,0.08208294766924096,45.60478913302263
stage2,5107,32,0.65,74772,27,"{""atr_period"": 7, ""horizon_h"": 6, ""ma_windows"": [12, 24, 72], ""mtf_intervals"": [""4h"", ""1d""], ""ret_windows"": [1, 2, 4, 8, 24], ""rsi_period"": 21, ""target_threshold"": 0.004, ""vol_windows"": [24, 48]}","{""colsample_bytree"": 0.7, ""gamma"": 0.0, ""learning_rate"": 0.03, ""max_depth"": 5, ""min_child_weight"": 1, ""n_estimators"": 250, ""subsample"": 0.7}",4,2508,0.8341307814992025,0.01645913180354472,4.5435063675334803e+17,2192.578913547333,0.05465259221013519,41.02929700603371
stage2,5107,42,0.52,74772,27,"{""atr_period"": 7, ""horizon_h"": 6, ""ma_windows"": [12, 24, 72], ""mtf_intervals"": [""4h"", ""1d""], ""ret_windows"": [1, 2, 4, 8, 24], ""rsi_period"": 21, ""target_threshold"": 0.004, ""vol_windows"": [24, 48]}","{""colsample_bytree"": 0.7, ""gamma"": 0.0, ""learning_rate"": 0.03, ""max_depth"": 5, ""min_child_weight"": 5, ""n_estimators"": 250, ""subsample"": 1.0}",4,4759,0.7306156755620928,0.012080423674715936,4.139689234925594e+24,2192.578913547333,0.09220607331092212,56.917695846041184
stage2,5107,42,0.55,74772,27,"{""atr_period"": 7, ""horizon_h"": 6, ""ma_windows"": [12, 24, 72], ""mtf_intervals"": [""4h"", ""1d""], ""ret_windows"": [1, 2, 4, 8, 24], ""rsi_period"": 21, ""target_threshold"": 0.004, ""vol_windows"": [24, 48]}","{""colsample_bytree"": 0.7, ""gamma"": 0.0, ""learning_rate"": 0.03, ""max_depth"": 5, ""min_child_weight"": 5, ""n_estimators"": 250, ""subsample"": 1.0}",4,4151,0.7583714767525898,0.013029771995064773,1.4271758068414307e+23,2192.578913547333,0.09220607331092201,53.579986990785684
stage2,5107,42,0.58,74772,27,"{""atr_period"": 7, ""horizon_h"": 6, ""ma_windows"": [12, 24, 72], ""mtf_intervals"": [""4h"", ""1d""], ""ret_windows"": [1, 2, 4, 8, 24], ""rsi_period"": 21, ""target_threshold"": 0.004, ""vol_windows"": [24, 48]}","{""colsample_bytree"": 0.7, ""gamma"": 0.0, ""learning_rate"": 0.03, ""max_depth"": 5, ""min_child_weight"": 5, ""n_estimators"": 250, ""subsample"": 1.0}",4,3587,0.7847783663228325,0.014057005683748363,3.8165492774434935e+21,2192.578913547333,0.08208294766924096,49.99287090142602
stage2,5107,42,0.6,74772,27,"{""atr_period"": 7, ""horizon_h"": 6, ""ma_windows"": [12, 24, 72], ""mtf_intervals"": [""4h"", ""1d""], ""ret_windows"": [1, 2, 4, 8, 24], ""rsi_period"": 21, ""target_threshold"": 0.004, ""vol_windows"": [24, 48]}","{""colsample_bytree"": 0.7, ""gamma"": 0.0, ""learning_rate"": 0.03, ""max_depth"": 5, ""min_child_weight"": 5, ""n_estimators"": 250, ""subsample"": 1.0}",4,3254,0.7956361401352182,0.01467444306635147,2.715337814280276e+20,2192.578913547333,0.08208294766924074,47.36348121348029
stage2,5107,42,0.62,74772,27,"{""atr_period"": 7, ""horizon_h"": 6, ""ma_windows"": [12, 24, 72], ""mtf_intervals"": [""4h"", ""1d""], ""ret_windows"": [1, 2, 4, 8, 24], ""rsi_period"": 21, ""target_threshold"": 0.004, ""vol_windows"": [24, 48]}","{""colsample_bytree"": 0.7, ""gamma"": 0.0, ""learning_rate"": 0.03, ""max_depth"": 5, ""min_child_weight"": 5, ""n_estimators"": 250, ""subsample"": 1.0}",4,2920,0.8113013698630137,0.015397116843899002,1.7205537186552398e+19,2192.578913547333,0.0763049678819151,44.62582848205543
stage2,5107,42,0.65,74772,27,"{""atr_period"": 7, ""horizon_h"": 6, ""ma_windows"": [12, 24, 72], ""mtf_intervals"": [""4h"", ""1d""], ""ret_windows"": [1, 2, 4, 8, 24], ""rsi_period"": 21, ""target_threshold"": 0.004, ""vol_windows"": [24, 48]}","{""colsample_bytree"": 0.7, ""gamma"": 0.0, ""learning_rate"": 0.03, ""max_depth"": 5, ""min_child_weight"": 5, ""n_estimators"": 250, ""subsample"": 1.0}",4,2457,0.8343508343508343,0.01651465728357924,2.2674264854655232e+17,2192.578913547333,0.054652592210135076,40.33486369206121
stage2,5107,44,0.52,74772,27,"{""atr_period"": 7, ""horizon_h"": 6, ""ma_windows"": [12, 24, 72], ""mtf_intervals"": [""4h"", ""1d""], ""ret_windows"": [1, 2, 4, 8, 24], ""rsi_period"": 21, ""target_threshold"": 0.004, ""vol_windows"": [24, 48]}","{""colsample_bytree"": 1.0, ""gamma"": 0.0, ""learning_rate"": 0.03, ""max_depth"": 5, ""min_child_weight"": 1, ""n_estimators"": 250, ""subsample"": 1.0}",4,4754,0.7332772402187632,0.012073108243337002,3.786909008966936e+24,2192.578913547333,0.10349062153486255,56.82505370063533
stage2,5107,44,0.55,74772,27,"{""atr_period"": 7, ""horizon_h"": 6, ""ma_windows"": [12, 24, 72], ""mtf_intervals"": [""4h"", ""1d""], ""ret_windows"": [1, 2, 4, 8, 24], ""rsi_period"": 21, ""target_threshold"": 0.004, ""vol_windows"": [24, 48]}","{""colsample_bytree"": 1.0, ""gamma"": 0.0, ""learning_rate"": 0.03, ""max_depth"": 5, ""min_child_weight"": 1, ""n_estimators"": 250, ""subsample"": 1.0}",4,4182,0.7592061214729794,0.012997843659927693,1.8719832364480866e+23,2192.578913547333,0.09220607331092212,53.85170017179186
stage2,5107,44,0.58,74772,27,"{""atr_period"": 7, ""horizon_h"": 6, ""ma_windows"": [12, 24, 72], ""mtf_intervals"": [""4h"", ""1d""], ""ret_windows"": [1, 2, 4, 8, 24], ""rsi_period"": 21, ""target_threshold"": 0.004, ""vol_windows"": [24, 48]}","{""colsample_bytree"": 1.0, ""gamma"": 0.0, ""learning_rate"": 0.03, ""max_depth"": 5, ""min_child_weight"": 1, ""n_estimators"": 250, ""subsample"": 1.0}",4,3611,0.7839933536416505,0.014055123625368532,5.302622873436725e+21,2192.578913547333,0.07375379956598815,50.32524730493322
stage2,5107,44,0.6,74772,27,"{""atr_period"": 7, ""horizon_h"": 6, ""ma_windows"": [12, 24, 72], ""mtf_intervals"": [""4h"", ""1d""], ""ret_windows"": [1, 2, 4, 8, 24], ""rsi_period"": 21, ""target_threshold"": 0.004, ""vol_windows"": [24, 48]}","{""colsample_bytree"": 1.0, ""gamma"": 0.0, ""learning_rate"": 0.03, ""max_depth"": 5, ""min_child_weight"": 1, ""n_estimators"": 250, ""subsample"": 1.0}",4,3268,0.8014075887392901,0.01479817103309419,4.9907512158686714e+20,2192.578913547333,0.07123508808221302,47.98318219779103
stage2,5107,44,0.62,74772,27,"{""atr_period"": 7, ""horizon_h"": 6, ""ma_windows"": [12, 24, 72], ""mtf_intervals"": [""4h"", ""1d""], ""ret_windows"": [1, 2, 4, 8, 24], ""rsi_period"": 21, ""target_threshold"": 0.004, ""vol_windows"": [24, 48]}","{""colsample_bytree"": 1.0, ""gamma"": 0.0, ""learning_rate"": 0.03, ""max_depth"": 5, ""min_child_weight"": 1, ""n_estimators"": 250, ""subsample"": 1.0}",4,2922,0.8189596167008898,0.01556741068390113,2.910834581272798e+19,2192.578913547333,0.0712350880822129,45.16164603943073
stage2,5107,44,0.65,74772,27,"{""atr_period"": 7, ""horizon_h"": 6, ""ma_windows"": [12, 24, 72], ""mtf_intervals"": [""4h"", ""1d""], ""ret_windows"": [1, 2, 4, 8, 24], ""rsi_period"": 21, ""target_threshold"": 0.004, ""vol_windows"": [24, 48]}","{""colsample_bytree"": 1.0, ""gamma"": 0.0, ""learning_rate"": 0.03, ""max_depth"": 5, ""min_child_weight"": 1, ""n_estimators"": 250, ""subsample"": 1.0}",4,2485,0.8406438631790745,0.01665540954820632,5.054917224433996e+17,2192.578913547333,0.054652592210135076,41.14274012907265
stage2,5107,23,0.52,74772,27,"{""atr_period"": 7, ""horizon_h"": 6, ""ma_windows"": [12, 24, 72], ""mtf_intervals"": [""4h"", ""1d""], ""ret_windows"": [1, 2, 4, 8, 24], ""rsi_period"": 21, ""target_threshold"": 0.004, ""vol_windows"": [24, 48]}","{""colsample_bytree"": 1.0, ""gamma"": 0.2, ""learning_rate"": 0.07, ""max_depth"": 3, ""min_child_weight"": 5, ""n_estimators"": 250, ""subsample"": 0.7}",4,4629,0.7260747461654785,0.01199624699491407,5.92565059307211e+23,2192.578913547333,0.11253521264827027,54.959309791161616
stage2,5107,23,0.55,74772,27,"{""atr_period"": 7, ""horizon_h"": 6, ""ma_windows"": [12, 24, 72], ""mtf_intervals"": [""4h"", ""1d""], ""ret_windows"": [1, 2, 4, 8, 24], ""rsi_period"": 21, ""target_threshold"": 0.004, ""vol_windows"": [24, 48]}","{""colsample_bytree"": 1.0, ""gamma"": 0.2, ""learning_rate"": 0.07, ""max_depth"": 3, ""min_child_weight"": 5, ""n_estimators"": 250, ""subsample"": 0.7}",4,4012,0.7495014955134596,0.012946328142278436,1.7071239270533731e+22,2192.578913547333,0.0922060733109219,51.44875087126792
stage2,5107,23,0.58,74772,27,"{""atr_period"": 7, ""horizon_h"": 6, ""ma_windows"": [12, 24, 72], ""mtf_intervals"": [""4h"", ""1d""], ""ret_windows"": [1, 2, 4, 8, 24], ""rsi_period"": 21, ""target_threshold"": 0.004, ""vol_windows"": [24, 48]}","{""colsample_bytree"": 1.0, ""gamma"": 0.2, ""learning_rate"": 0.07, ""max_depth"": 3, ""min_child_weight"": 5, ""n_estimators"": 250, ""subsample"": 0.7}",4,3422,0.7752776154295733,0.014049405260146045,3.7592787705888716e+20,2192.578913547333,0.09220607331092223,47.66244328032024
stage2,5107,23,0.6,74772,27,"{""atr_period"": 7, ""horizon_h"": 6, ""ma_windows"": [12, 24, 72], ""mtf_intervals"": [""4h"", ""1d""], ""ret_windows"": [1, 2, 4, 8, 24], ""rsi_period"": 21, ""target_threshold"": 0.004, ""vol_windows"": [24, 48]}","{""colsample_bytree"": 1.0, ""gamma"": 0.2, ""learning_rate"": 0.07, ""max_depth"": 3, ""min_child_weight"": 5, ""n_estimators"": 250, ""subsample"": 0.7}",4,3073,0.7917344614383339,0.014757409839596855,2.5264986233153483e+19,2192.578913547333,0.09220607331092201,44.98129497895059
stage2,5107,23,0.62,74772,27,"{""atr_period"": 7, ""horizon_h"": 6, ""ma_windows"": [12, 24, 72], ""mtf_intervals"": [""4h"", ""1d""], ""ret_windows"": [1, 2, 4, 8, 24], ""rsi_period"": 21, ""target_threshold"": 0.004, ""vol_windows"": [24, 48]}","{""colsample_bytree"": 1.0, ""gamma"": 0.2, ""learning_rate"": 0.07, ""max_depth"": 3, ""min_child_weight"": 5, ""n_estimators"": 250, ""subsample"": 0.7}",4,2753,0.8060297856883399,0.015466627255191844,1.6414434525243459e+18,2192.578913547333,0.08208294766924107,42.26962305535639
stage2,5107,23,0.65,74772,27,"{""atr_period"": 7, ""horizon_h"": 6, ""ma_windows"": [12, 24, 72], ""mtf_intervals"": [""4h"", ""1d""], ""ret_windows"": [1, 2, 4, 8, 24], ""rsi_period"": 21, ""target_threshold"": 0.004, ""vol_windows"": [24, 48]}","{""colsample_bytree"": 1.0, ""gamma"": 0.2, ""learning_rate"": 0.07, ""max_depth"": 3, ""min_child_weight"": 5, ""n_estimators"": 250, ""subsample"": 0.7}",4,2340,0.82991452991453,0.01655583368872011,3.695216980485285e+16,2192.578913547333,0.08208294766924085,38.503737582917
stage2,1291,51,0.52,74772,27,"{""atr_period"": 21, ""horizon_h"": 6, ""ma_windows"": [12, 24, 72], ""mtf_intervals"": [""4h"", ""1d""], ""ret_windows"": [1, 3, 6, 12, 24], ""rsi_period"": 21, ""target_threshold"": 0.004, ""vol_windows"": [12, 48]}","{""colsample_bytree"": 0.7, ""gamma"": 0.2, ""learning_rate"": 0.07, ""max_depth"": 5, ""min_child_weight"": 5, ""n_estimators"": 250, ""subsample"": 0.7}",4,5136,0.7250778816199377,0.0117152188186904,5.890924456095003e+25,2192.578913547333,0.08208294766924107,59.570782845706184
stage2,1291,51,0.55,74772,27,"{""atr_period"": 21, ""horizon_h"": 6, ""ma_windows"": [12, 24, 72], ""mtf_intervals"": [""4h"", ""1d""], ""ret_windows"": [1, 3, 6, 12, 24], ""rsi_period"": 21, ""target_threshold"": 0.004, ""vol_windows"": [12, 48]}","{""colsample_bytree"": 0.7, ""gamma"": 0.2, ""learning_rate"": 0.07, ""max_depth"": 5, ""min_child_weight"": 5, ""n_estimators"": 250, ""subsample"": 0.7}",4,4592,0.7473867595818815,0.012527088881515543,4.3114519398659867e+24,2192.578913547333,0.08208294766924096,56.98040160112452
stage2,1291,51,0.58,74772,27,"{""atr_period"": 21, ""horizon_h"": 6, ""ma_windows"": [12, 24, 72], ""mtf_intervals"": [""4h"", ""1d""], ""ret_windows"": [1, 3, 6, 12, 24], ""rsi_period"": 21, ""target_threshold"": 0.004, ""vol_windows"": [12, 48]}","{""colsample_bytree"": 0.7, ""gamma"": 0.2, ""learning_rate"": 0.07, ""max_depth"": 5, ""min_child_weight"": 5, ""n_estimators"": 250, ""subsample"": 0.7}",4,4097,0.7703197461557237,0.013310961535646298,2.2349266690944057e+23,2192.578913547333,0.07884120533897343,54.046988442681986
stage2,1291,51,0.6,74772,27,"{""atr_period"": 21, ""horizon_h"": 6, ""ma_windows"": [12, 24, 72], ""mtf_intervals"": [""4h"", ""1d""], ""ret_windows"": [1, 3, 6, 12, 24], ""rsi_period"": 21, ""target_threshold"": 0.004, ""vol_windows"": [12, 48]}","{""colsample_bytree"": 0.7, ""gamma"": 0.2, ""learning_rate"": 0.07, ""max_depth"": 5, ""min_child_weight"": 5, ""n_estimators"": 250, ""subsample"": 0.7}",4,3764,0.7861317747077577,0.013889403920892093,2.4016689437510174e+22,2192.578913547333,0.07884120533897343,51.83363598324251
stage2,1291,51,0.62,74772,27,"{""atr_period"": 21, ""horizon_h"": 6, ""ma_windows"": [12, 24, 72], ""mtf_intervals"": [""4h"", ""1d""], ""ret_windows"": [1, 3, 6, 12, 24], ""rsi_period"": 21, ""target_threshold"": 0.004, ""vol_windows"": [12, 48]}","{""colsample_bytree"": 0.7, ""gamma"": 0.2, ""learning_rate"": 0.07, ""max_depth"": 5, ""min_child_weight"": 5, ""n_estimators"": 250, ""subsample"": 0.7}",4,3451,0.8006374963778615,0.014420828183838531,2.0052253693109168e+21,2192.578913547333,0.07884120533897354,49.366499430866526
stage2,1291,51,0.65,74772,27,"{""atr_period"": 21, ""horizon_h"": 6, ""ma_windows"": [12, 24, 72], ""mtf_intervals"": [""4h"", ""1d""], ""ret_windows"": [1, 3, 6, 12, 24], ""rsi_period"": 21, ""target_threshold"": 0.004, ""vol_windows"": [12, 48]}","{""colsample_bytree"": 0.7, ""gamma"": 0.2, ""learning_rate"": 0.07, ""max_depth"": 5, ""min_child_weight"": 5, ""n_estimators"": 250, ""subsample"": 0.7}",4,3014,0.8151957531519576,0.015370943227332436,6.6712440774293725e+19,2192.578913547333,0.054652592210135076,45.9947209800124
stage2,1291,58,0.52,74772,27,"{""atr_period"": 21, ""horizon_h"": 6, ""ma_windows"": [12, 24, 72], ""mtf_intervals"": [""4h"", ""1d""], ""ret_windows"": [1, 3, 6, 12, 24], ""rsi_period"": 21, ""target_threshold"": 0.004, ""vol_windows"": [12, 48]}","{""colsample_bytree"": 0.7, ""gamma"": 0.0, ""learning_rate"": 0.07, ""max_depth"": 5, ""min_child_weight"": 5, ""n_estimators"": 250, ""subsample"": 1.0}",4,5082,0.7274695001967729,0.011748715154999527,3.727817318238588e+25,2192.578913547333,0.12804423823651967,59.092393420134556
stage2,1291,58,0.55,74772,27,"{""atr_period"": 21, ""horizon_h"": 6, ""ma_windows"": [12, 24, 72], ""mtf_intervals"": [""4h"", ""1d""], ""ret_windows"": [1, 3, 6, 12, 24], ""rsi_period"": 21, ""target_threshold"": 0.004, ""vol_windows"": [12, 48]}","{""colsample_bytree"": 0.7, ""gamma"": 0.0, ""learning_rate"": 0.07, ""max_depth"": 5, ""min_child_weight"": 5, ""n_estimators"": 250, ""subsample"": 1.0}",4,4558,0.7459412022817025,0.012489488938449313,2.3846112741045972e+24,2192.578913547333,0.08208294766924096,56.38670575461497
stage2,1291,58,0.58,74772,27,"{""atr_period"": 21, ""horizon_h"": 6, ""ma_windows"": [12, 24, 72], ""mtf_intervals"": [""4h"", ""1d""], ""ret_windows"": [1, 3, 6, 12, 24], ""rsi_period"": 21, ""target_threshold"": 0.004, ""vol_windows"": [12, 48]}","{""colsample_bytree"": 0.7, ""gamma"": 0.0, ""learning_rate"": 0.07, ""max_depth"": 5, ""min_child_weight"": 5, ""n_estimators"": 250, ""subsample"": 1.0}",4,3994,0.7696544817225839,0.013370098022380084,7.281761978055201e+22,2192.578913547333,0.07823454942399288,52.92581200359082
stage2,1291,58,0.6,74772,27,"{""atr_period"": 21, ""horizon_h"": 6, ""ma_windows"": [12, 24, 72], ""mtf_intervals"": [""4h"", ""1d""], ""ret_windows"": [1, 3, 6, 12, 24], ""rsi_period"": 21, ""target_threshold"": 0.004, ""vol_windows"": [12, 48]}","{""colsample_bytree"": 0.7, ""gamma"": 0.0, ""learning_rate"": 0.07, ""max_depth"": 5, ""min_child_weight"": 5, ""n_estimators"": 250, ""subsample"": 1.0}",4,3676,0.7842763873775843,0.013928058870139185,8.224150526698017e+21,2192.578913547333,0.0782345494239931,50.761090270915076
stage2,1291,58,0.62,74772,27,"{""atr_period"": 21, ""horizon_h"": 6, ""ma_windows"": [12, 24, 72], ""mtf_intervals"": [""4h"", ""1d""], ""ret_windows"": [1, 3, 6, 12, 24], ""rsi_period"": 21, ""target_threshold"": 0.004, ""vol_windows"": [12, 48]}","{""colsample_bytree"": 0.7, ""gamma"": 0.0, ""learning_rate"": 0.07, ""max_depth"": 5, ""min_child_weight"": 5, ""n_estimators"": 250, ""subsample"": 1.0}",4,3349,0.8005374738727978,0.014586151241315983,8.029425959612302e+20,2192.578913547333,0.0782345494239931,48.45281681262872
stage2,1291,58,0.65,74772,27,"{""atr_period"": 21, ""horizon_h"": 6, ""ma_windows"": [12, 24, 72], ""mtf_intervals"": [""4h"", ""1d""], ""ret_windows"": [1, 3, 6, 12, 24], ""rsi_period"": 21, ""target_threshold"": 0.004, ""vol_windows"": [12, 48]}","{""colsample_bytree"": 0.7, ""gamma"": 0.0, ""learning_rate"": 0.07, ""max_depth"": 5, ""min_child_weight"": 5, ""n_estimators"": 250, ""subsample"": 1.0}",4,2945,0.8207130730050933,0.015468064914189736,3.0994166607230996e+19,2192.578913547333,0.0711046803628046,45.22509332424693
stage2,1291,50,0.52,74772,27,"{""atr_period"": 21, ""horizon_h"": 6, ""ma_windows"": [12, 24, 72], ""mtf_intervals"": [""4h"", ""1d""], ""ret_windows"": [1, 3, 6, 12, 24], ""rsi_period"": 21, ""target_threshold"": 0.004, ""vol_windows"": [12, 48]}","{""colsample_bytree"": 0.7, ""gamma"": 0.0, ""learning_rate"": 0.07, ""max_depth"": 5, ""min_child_weight"": 5, ""n_estimators"": 250, ""subsample"": 0.7}",4,5140,0.7235408560311284,0.011638508773257577,4.136834593236469e+25,2192.578913547333,0.1256789786432766,59.193659494923224
stage2,1291,50,0.55,74772,27,"{""atr_period"": 21, ""horizon_h"": 6, ""ma_windows"": [12, 24, 72], ""mtf_intervals"": [""4h"", ""1d""], ""ret_windows"": [1, 3, 6, 12, 24], ""rsi_period"": 21, ""target_threshold"": 0.004, ""vol_windows"": [12, 48]}","{""colsample_bytree"": 0.7, ""gamma"": 0.0, ""learning_rate"": 0.07, ""max_depth"": 5, ""min_child_weight"": 5, ""n_estimators"": 250, ""subsample"": 0.7}",4,4587,0.7458033573141487,0.012493057247276115,3.466260473611703e+24,2192.578913547333,0.08208294766924096,56.76066424139261
stage2,1291,50,0.58,74772,27,"{""atr_period"": 21, ""horizon_h"": 6, ""ma_windows"": [12, 24, 72], ""mtf_intervals"": [""4h"", ""1d""], ""ret_windows"": [1, 3, 6, 12, 24], ""rsi_period"": 21, ""target_threshold"": 0.004, ""vol_windows"": [12, 48]}","{""colsample_bytree"": 0.7, ""gamma"": 0.0, ""learning_rate"": 0.07, ""max_depth"": 5, ""min_child_weight"": 5, ""n_estimators"": 250, ""subsample"": 0.7}",4,4071,0.7720461802996806,0.01338744740603704,2.160717492237838e+23,2192.578913547333,0.07823454942399288,54.015516726510484
stage2,1291,50,0.6,74772,27,"{""atr_period"": 21, ""horizon_h"": 6, ""ma_windows"": [12, 24, 72], ""mtf_intervals"": [""4h"", ""1d""], ""ret_windows"": [1, 3, 6, 12, 24], ""rsi_period"": 21, ""target_threshold"": 0.004, ""vol_windows"": [12, 48]}","{""colsample_bytree"": 0.7, ""gamma"": 0.0, ""learning_rate"": 0.07, ""max_depth"": 5, ""min_child_weight"": 5, ""n_estimators"": 250, ""subsample"": 0.7}",4,3767,0.7865675603928856,0.013898397166960393,2.589951328644464e+22,2192.578913547333,0.078234549423993,51.9098350803127
stage2,1291,50,0.62,74772,27,"{""atr_period"": 21, ""horizon_h"": 6, ""ma_windows"": [12, 24, 72], ""mtf_intervals"": [""4h"", ""1d""], ""ret_windows"": [1, 3, 6, 12, 24], ""rsi_period"": 21, ""target_threshold"": 0.004, ""vol_windows"": [12, 48]}","{""colsample_bytree"": 0.7, ""gamma"": 0.0, ""learning_rate"": 0.07, ""max_depth"": 5, ""min_child_weight"": 5, ""n_estimators"": 250, ""subsample"": 0.7}",4,3448,0.8010440835266821,0.014540006451727578,2.8809160217358584e+21,2192.578913547333,0.07884120533897321,49.73012997531987
stage2,1291,50,0.65,74772,27,"{""atr_period"": 21, ""horizon_h"": 6, ""ma_windows"": [12, 24, 72], ""mtf_intervals"": [""4h"", ""1d""], ""ret_windows"": [1, 3, 6, 12, 24], ""rsi_period"": 21, ""target_threshold"": 0.004, ""vol_windows"": [12, 48]}","{""colsample_bytree"": 0.7, ""gamma"": 0.0, ""learning_rate"": 0.07, ""max_depth"": 5, ""min_child_weight"": 5, ""n_estimators"": 250, ""subsample"": 0.7}",4,3018,0.814777998674619,0.015267294886206697,5.220197672959635e+19,2192.578913547333,0.07422883788216605,45.73849837553577
stage2,1291,48,0.52,74772,27,"{""atr_period"": 21, ""horizon_h"": 6, ""ma_windows"": [12, 24, 72], ""mtf_intervals"": [""4h"", ""1d""], ""ret_windows"": [1, 3, 6, 12, 24], ""rsi_period"": 21, ""target_threshold"": 0.004, ""vol_windows"": [12, 48]}","{""colsample_bytree"": 0.7, ""gamma"": 0.0, ""learning_rate"": 0.07, ""max_depth"": 5, ""min_child_weight"": 1, ""n_estimators"": 250, ""subsample"": 0.7}",4,5139,0.7256275539988325,0.011685759989610769,5.174324589728078e+25,2192.578913547333,0.19436381291212268,59.38514235808255
stage2,1291,48,0.55,74772,27,"{""atr_period"": 21, ""horizon_h"": 6, ""ma_windows"": [12, 24, 72], ""mtf_intervals"": [""4h"", ""1d""], ""ret_windows"": [1, 3, 6, 12, 24], ""rsi_period"": 21, ""target_threshold"": 0.004, ""vol_windows"": [12, 48]}","{""colsample_bytree"": 0.7, ""gamma"": 0.0, ""learning_rate"": 0.07, ""max_depth"": 5, ""min_child_weight"": 1, ""n_estimators"": 250, ""subsample"": 0.7}",4,4586,0.7446576537287396,0.01243120693018023,2.566678360920053e+24,2192.578913547333,0.1256789786432767,56.43699111734365
stage2,1291,48,0.58,74772,27,"{""atr_period"": 21, ""horizon_h"": 6, ""ma_windows"": [12, 24, 72], ""mtf_intervals"": [""4h"", ""1d""], ""ret_windows"": [1, 3, 6, 12, 24], ""rsi_period"": 21, ""target_threshold"": 0.004, ""vol_windows"": [12, 48]}","{""colsample_bytree"": 0.7, ""gamma"": 0.0, ""learning_rate"": 0.07, ""max_depth"": 5, ""min_child_weight"": 1, ""n_estimators"": 250, ""subsample"": 0.7}",4,4061,0.7682836739719281,0.013240399096555968,1.0458158645102568e+23,2192.578913547333,0.12567897864327682,53.26196509388457
stage2,1291,48,0.6,74772,27,"{""atr_period"": 21, ""horizon_h"": 6, ""ma_windows"": [12, 24, 72], ""mtf_intervals"": [""4h"", ""1d""], ""ret_windows"": [1, 3, 6, 12, 24], ""rsi_period"": 21, ""target_threshold"": 0.004, ""vol_windows"": [12, 48]}","{""colsample_bytree"": 0.7, ""gamma"": 0.0, ""learning_rate"": 0.07, ""max_depth"": 5, ""min_child_weight"": 1, ""n_estimators"": 250, ""subsample"": 0.7}",4,3741,0.7778668805132317,0.013733061958354654,9.786766785788032e+21,2192.578913547333,0.09398504840013067,50.920483573933645
stage2,1291,48,0.62,74772,27,"{""atr_period"": 21, ""horizon_h"": 6, ""ma_windows"": [12, 24, 72], ""mtf_intervals"": [""4h"", ""1d""], ""ret_windows"": [1, 3, 6, 12, 24], ""rsi_period"": 21, ""target_threshold"": 0.004, ""vol_windows"": [12, 48]}","{""colsample_bytree"": 0.7, ""gamma"": 0.0, ""learning_rate"": 0.07, ""max_depth"": 5, ""min_child_weight"": 1, ""n_estimators"": 250, ""subsample"": 0.7}",4,3439,0.7891829020063972,0.014251703140345462,9.436918145162999e+20,2192.578913547333,0.09398504840013056,48.594698741590555
stage2,1291,48,0.65,74772,27,"{""atr_period"": 21, ""horizon_h"": 6, ""ma_windows"": [12, 24, 72], ""mtf_intervals"": [""4h"", ""1d""], ""ret_windows"": [1, 3, 6, 12, 24], ""rsi_period"": 21, ""target_threshold"": 0.004, ""vol_windows"": [12, 48]}","{""colsample_bytree"": 0.7, ""gamma"": 0.0, ""learning_rate"": 0.07, ""max_depth"": 5, ""min_child_weight"": 1, ""n_estimators"": 250, ""subsample"": 0.7}",4,3005,0.8166389351081531,0.015287507990184341,4.558988142396182e+19,2192.578913547333,0.05465259221013519,45.614502383095626
stage2,1291,57,0.52,74772,27,"{""atr_period"": 21, ""horizon_h"": 6, ""ma_windows"": [12, 24, 72], ""mtf_intervals"": [""4h"", ""1d""], ""ret_windows"": [1, 3, 6, 12, 24], ""rsi_period"": 21, ""target_threshold"": 0.004, ""vol_windows"": [12, 48]}","{""colsample_bytree"": 0.7, ""gamma"": 0.2, ""learning_rate"": 0.07, ""max_depth"": 5, ""min_child_weight"": 1, ""n_estimators"": 250, ""subsample"": 1.0}",4,5128,0.7248439937597504,0.01165581214078367,3.97521905387833e+25,2192.578913547333,0.10590710498058997,59.16487531897675
stage2,1291,57,0.55,74772,27,"{""atr_period"": 21, ""horizon_h"": 6, ""ma_windows"": [12, 24, 72], ""mtf_intervals"": [""4h"", ""1d""], ""ret_windows"": [1, 3, 6, 12, 24], ""rsi_period"": 21, ""target_threshold"": 0.004, ""vol_windows"": [12, 48]}","{""colsample_bytree"": 0.7, ""gamma"": 0.2, ""learning_rate"": 0.07, ""max_depth"": 5, ""min_child_weight"": 1, ""n_estimators"": 250, ""subsample"": 1.0}",4,4557,0.749835418038183,0.012466996667136488,2.1359660321579167e+24,2192.578913547333,0.10590710498058986,56.26761200555815
stage2,1291,57,0.58,74772,27,"{""atr_period"": 21, ""horizon_h"": 6, ""ma_windows"": [12, 24, 72], ""mtf_intervals"": [""4h"", ""1d""], ""ret_windows"": [1, 3, 6, 12, 24], ""rsi_period"": 21, ""target_threshold"": 0.004, ""vol_windows"": [12, 48]}","{""colsample_bytree"": 0.7, ""gamma"": 0.2, ""learning_rate"": 0.07, ""max_depth"": 5, ""min_child_weight"": 1, ""n_estimators"": 250, ""subsample"": 1.0}",4,4034,0.7736737729300942,0.013324645909593362,1.041084700060259e+23,2192.578913547333,0.0782345494239931,53.28613920022571
stage2,1291,57,0.6,74772,27,"{""atr_period"": 21, ""horizon_h"": 6, ""ma_windows"": [12, 24, 72], ""mtf_intervals"": [""4h"", ""1d""], ""ret_windows"": [1, 3, 6, 12, 24], ""rsi_period"": 21, ""target_threshold"": 0.004, ""vol_windows"": [12, 48]}","{""colsample_bytree"": 0.7, ""gamma"": 0.2, ""learning_rate"": 0.07, ""max_depth"": 5, ""min_child_weight"": 1, ""n_estimators"": 250, ""subsample"": 1.0}",4,3703,0.788009721847151,0.013856495845374154,9.274584368257515e+21,2192.578913547333,0.07823454942399322,50.88370721784538
stage2,1291,57,0.62,74772,27,"{""atr_period"": 21, ""horizon_h"": 6, ""ma_windows"": [12, 24, 72], ""mtf_intervals"": [""4h"", ""1d""], ""ret_windows"": [1, 3, 6, 12, 24], ""rsi_period"": 21, ""target_threshold"": 0.004, ""vol_windows"": [12, 48]}","{""colsample_bytree"": 0.7, ""gamma"": 0.2, ""learning_rate"": 0.07, ""max_depth"": 5, ""min_child_weight"": 1, ""n_estimators"": 250, ""subsample"": 1.0}",4,3375,0.7976296296296296,0.01443386385575814,7.086850988871431e+20,2192.578913547333,0.078234549423993,48.324400293344574
stage2,1291,57,0.65,74772,27,"{""atr_period"": 21, ""horizon_h"": 6, ""ma_windows"": [12, 24, 72], ""mtf_intervals"": [""4h"", ""1d""], ""ret_windows"": [1, 3, 6, 12, 24], ""rsi_period"": 21, ""target_threshold"": 0.004, ""vol_windows"": [12, 48]}","{""colsample_bytree"": 0.7, ""gamma"": 0.2, ""learning_rate"": 0.07, ""max_depth"": 5, ""min_child_weight"": 1, ""n_estimators"": 250, ""subsample"": 1.0}",4,2928,0.8220628415300546,0.015515539830499941,2.7481282696044925e+19,2192.578913547333,0.07331397802632378,45.105154420452266
stage2,1291,61,0.52,74772,27,"{""atr_period"": 21, ""horizon_h"": 6, ""ma_windows"": [12, 24, 72], ""mtf_intervals"": [""4h"", ""1d""], ""ret_windows"": [1, 3, 6, 12, 24], ""rsi_period"": 21, ""target_threshold"": 0.004, ""vol_windows"": [12, 48]}","{""colsample_bytree"": 1.0, ""gamma"": 0.2, ""learning_rate"": 0.07, ""max_depth"": 5, ""min_child_weight"": 1, ""n_estimators"": 250, ""subsample"": 1.0}",4,5137,0.7231847381740315,0.01162765074460973,3.7909386978319908e+25,2192.578913547333,0.09925436490374884,59.11918280485093
stage2,1291,61,0.55,74772,27,"{""atr_period"": 21, ""horizon_h"": 6, ""ma_windows"": [12, 24, 72], ""mtf_intervals"": [""4h"", ""1d""], ""ret_windows"": [1, 3, 6, 12, 24], ""rsi_period"": 21, ""target_threshold"": 0.004, ""vol_windows"": [12, 48]}","{""colsample_bytree"": 1.0, ""gamma"": 0.2, ""learning_rate"": 0.07, ""max_depth"": 5, ""min_child_weight"": 1, ""n_estimators"": 250, ""subsample"": 1.0}",4,4574,0.7494534324442501,0.012486571824150495,2.8768313090852044e+24,2192.578913547333,0.09925436490374862,56.56855981849247
stage2,1291,61,0.58,74772,27,"{""atr_period"": 21, ""horizon_h"": 6, ""ma_windows"": [12, 24, 72], ""mtf_intervals"": [""4h"", ""1d""], ""ret_windows"": [1, 3, 6, 12, 24], ""rsi_period"": 21, ""target_threshold"": 0.004, ""vol_windows"": [12, 48]}","{""colsample_bytree"": 1.0, ""gamma"": 0.2, ""learning_rate"": 0.07, ""max_depth"": 5, ""min_child_weight"": 1, ""n_estimators"": 250, ""subsample"": 1.0}",4,4077,0.7699288692666176,0.013316624859012336,1.7642007558199172e+23,2192.578913547333,0.07123508808221302,53.81401344737054
stage2,1291,61,0.6,74772,27,"{""atr_period"": 21, ""horizon_h"": 6, ""ma_windows"": [12, 24, 72], ""mtf_intervals"": [""4h"", ""1d""], ""ret_windows"": [1, 3, 6, 12, 24], ""rsi_period"": 21, ""target_threshold"": 0.004, ""vol_windows"": [12, 48]}","{""colsample_bytree"": 1.0, ""gamma"": 0.2, ""learning_rate"": 0.07, ""max_depth"": 5, ""min_child_weight"": 1, ""n_estimators"": 250, ""subsample"": 1.0}",4,3756,0.7832800851970181,0.013856579002828674,1.9069516993273163e+22,2192.578913547333,0.07331397802632389,51.603197755240956
stage2,1291,61,0.62,74772,27,"{""atr_period"": 21, ""horizon_h"": 6, ""ma_windows"": [12, 24, 72], ""mtf_intervals"": [""4h"", ""1d""], ""ret_windows"": [1, 3, 6, 12, 24], ""rsi_period"": 21, ""target_threshold"": 0.004, ""vol_windows"": [12, 48]}","{""colsample_bytree"": 1.0, ""gamma"": 0.2, ""learning_rate"": 0.07, ""max_depth"": 5, ""min_child_weight"": 1, ""n_estimators"": 250, ""subsample"": 1.0}",4,3452,0.7975086906141368,0.014476136421775728,2.4520138548905425e+21,2192.578913547333,0.07422883788216594,49.56789824630215
stage2,1291,61,0.65,74772,27,"{""atr_period"": 21, ""horizon_h"": 6, ""ma_windows"": [12, 24, 72], ""mtf_intervals"": [""4h"", ""1d""], ""ret_windows"": [1, 3, 6, 12, 24], ""rsi_period"": 21, ""target_threshold"": 0.004, ""vol_windows"": [12, 48]}","{""colsample_bytree"": 1.0, ""gamma"": 0.2, ""learning_rate"": 0.07, ""max_depth"": 5, ""min_child_weight"": 1, ""n_estimators"": 250, ""subsample"": 1.0}",4,3005,0.8183028286189684,0.015414444803521554,6.6101856882083365e+19,2192.578913547333,0.07422883788216594,45.97857191475153
stage2,1291,38,0.52,74772,27,"{""atr_period"": 21, ""horizon_h"": 6, ""ma_windows"": [12, 24, 72], ""mtf_intervals"": [""4h"", ""1d""], ""ret_windows"": [1, 3, 6, 12, 24], ""rsi_period"": 21, ""target_threshold"": 0.004, ""vol_windows"": [12, 48]}","{""colsample_bytree"": 1.0, ""gamma"": 0.0, ""learning_rate"": 0.03, ""max_depth"": 5, ""min_child_weight"": 5, ""n_estimators"": 250, ""subsample"": 0.7}",4,4773,0.7358055730148754,0.012163448999149559,7.280033445103672e+24,2192.578913547333,0.11070660271280575,57.477776437211475
stage2,1291,38,0.55,74772,27,"{""atr_period"": 21, ""horizon_h"": 6, ""ma_windows"": [12, 24, 72], ""mtf_intervals"": [""4h"", ""1d""], ""ret_windows"": [1, 3, 6, 12, 24], ""rsi_period"": 21, ""target_threshold"": 0.004, ""vol_windows"": [12, 48]}","{""colsample_bytree"": 1.0, ""gamma"": 0.0, ""learning_rate"": 0.03, ""max_depth"": 5, ""min_child_weight"": 5, ""n_estimators"": 250, ""subsample"": 0.7}",4,4187,0.7623596847384763,0.013103465988708894,3.1120195143910814e+23,2192.578913547333,0.07867643503495148,54.37010627403374
stage2,1291,38,0.58,74772,27,"{""atr_period"": 21, ""horizon_h"": 6, ""ma_windows"": [12, 24, 72], ""mtf_intervals"": [""4h"", ""1d""], ""ret_windows"": [1, 3, 6, 12, 24], ""rsi_period"": 21, ""target_threshold"": 0.004, ""vol_windows"": [12, 48]}","{""colsample_bytree"": 1.0, ""gamma"": 0.0, ""learning_rate"": 0.03, ""max_depth"": 5, ""min_child_weight"": 5, ""n_estimators"": 250, ""subsample"": 0.7}",4,3682,0.7868006518196632,0.013985443756826456,1.1071961733134274e+22,2192.578913547333,0.07867643503495159,51.060688749553485
stage2,1291,38,0.6,74772,27,"{""atr_period"": 21, ""horizon_h"": 6, ""ma_windows"": [12, 24, 72], ""mtf_intervals"": [""4h"", ""1d""], ""ret_windows"": [1, 3, 6, 12, 24], ""rsi_period"": 21, ""target_threshold"": 0.004, ""vol_windows"": [12, 48]}","{""colsample_bytree"": 1.0, ""gamma"": 0.0, ""learning_rate"": 0.03, ""max_depth"": 5, ""min_child_weight"": 5, ""n_estimators"": 250, ""subsample"": 0.7}",4,3359,0.8008335814230426,0.014654437451662112,1.1731704453068351e+21,2192.578913547333,0.07422883788216605,48.834784764967836
stage2,1291,38,0.62,74772,27,"{""atr_period"": 21, ""horizon_h"": 6, ""ma_windows"": [12, 24, 72], ""mtf_intervals"": [""4h"", ""1d""], ""ret_windows"": [1, 3, 6, 12, 24], ""rsi_period"": 21, ""target_threshold"": 0.004, ""vol_windows"": [12, 48]}","{""colsample_bytree"": 1.0, ""gamma"": 0.0, ""learning_rate"": 0.03, ""max_depth"": 5, ""min_child_weight"": 5, ""n_estimators"": 250, ""subsample"": 0.7}",4,3076,0.8107932379713915,0.015109124997304012,7.759046801006335e+19,2192.578913547333,0.07422883788216583,46.13036943002977
stage2,1291,38,0.65,74772,27,"{""atr_period"": 21, ""horizon_h"": 6, ""ma_windows"": [12, 24, 72], ""mtf_intervals"": [""4h"", ""1d""], ""ret_windows"": [1, 3, 6, 12, 24], ""rsi_period"": 21, ""target_threshold"": 0.004, ""vol_windows"": [12, 48]}","{""colsample_bytree"": 1.0, ""gamma"": 0.0, ""learning_rate"": 0.03, ""max_depth"": 5, ""min_child_weight"": 5, ""n_estimators"": 250, ""subsample"": 0.7}",4,2591,0.8398301813971439,0.016244924585730514,1.0175760942724923e+18,2192.578913547333,0.07110468036280437,41.830226296579085
stage2,1291,36,0.52,74772,27,"{""atr_period"": 21, ""horizon_h"": 6, ""ma_windows"": [12, 24, 72], ""mtf_intervals"": [""4h"", ""1d""], ""ret_windows"": [1, 3, 6, 12, 24], ""rsi_period"": 21, ""target_threshold"": 0.004, ""vol_windows"": [12, 48]}","{""colsample_bytree"": 1.0, ""gamma"": 0.0, ""learning_rate"": 0.03, ""max_depth"": 5, ""min_child_weight"": 1, ""n_estimators"": 250, ""subsample"": 0.7}",4,4762,0.7356152876942461,0.012179584156227947,6.882288583916213e+24,2192.578913547333,0.11926288044991362,57.417290934680274
stage2,1291,36,0.55,74772,27,"{""atr_period"": 21, ""horizon_h"": 6, ""ma_windows"": [12, 24, 72], ""mtf_intervals"": [""4h"", ""1d""], ""ret_windows"": [1, 3, 6, 12, 24], ""rsi_period"": 21, ""target_threshold"": 0.004, ""vol_windows"": [12, 48]}","{""colsample_bytree"": 1.0, ""gamma"": 0.0, ""learning_rate"": 0.03, ""max_depth"": 5, ""min_child_weight"": 1, ""n_estimators"": 250, ""subsample"": 0.7}",4,4199,0.75779947606573,0.012998685820167586,2.3464097608075745e+23,2192.578913547333,0.10590710498058986,54.069619052366896
stage2,1291,36,0.58,74772,27,"{""atr_period"": 21, ""horizon_h"": 6, ""ma_windows"": [12, 24, 72], ""mtf_intervals"": [""4h"", ""1d""], ""ret_windows"": [1, 3, 6, 12, 24], ""rsi_period"": 21, ""target_threshold"": 0.004, ""vol_windows"": [12, 48]}","{""colsample_bytree"": 1.0, ""gamma"": 0.0, ""learning_rate"": 0.03, ""max_depth"": 5, ""min_child_weight"": 1, ""n_estimators"": 250, ""subsample"": 0.7}",4,3680,0.7861413043478261,0.01399800639007858,1.131931947455544e+22,2192.578913547333,0.060566013874518654,51.09141199441578
stage2,1291,36,0.6,74772,27,"{""atr_period"": 21, ""horizon_h"": 6, ""ma_windows"": [12, 24, 72], ""mtf_intervals"": [""4h"", ""1d""], ""ret_windows"": [1, 3, 6, 12, 24], ""rsi_period"": 21, ""target_threshold"": 0.004, ""vol_windows"": [12, 48]}","{""colsample_bytree"": 1.0, ""gamma"": 0.0, ""learning_rate"": 0.03, ""max_depth"": 5, ""min_child_weight"": 1, ""n_estimators"": 250, ""subsample"": 0.7}",4,3374,0.8023117960877297,0.01462834314962243,1.3363879432125269e+21,2192.578913547333,0.07422883788216617,48.96601912562044
stage2,1291,36,0.62,74772,27,"{""atr_period"": 21, ""horizon_h"": 6, ""ma_windows"": [12, 24, 72], ""mtf_intervals"": [""4h"", ""1d""], ""ret_windows"": [1, 3, 6, 12, 24], ""rsi_period"": 21, ""target_threshold"": 0.004, ""vol_windows"": [12, 48]}","{""colsample_bytree"": 1.0, ""gamma"": 0.0, ""learning_rate"": 0.03, ""max_depth"": 5, ""min_child_weight"": 1, ""n_estimators"": 250, ""subsample"": 0.7}",4,3039,0.8111220796314578,0.015167271654801657,5.304728564537325e+19,2192.578913547333,0.07422883788216605,45.750836789677834
stage2,1291,36,0.65,74772,27,"{""atr_period"": 21, ""horizon_h"": 6, ""ma_windows"": [12, 24, 72], ""mtf_intervals"": [""4h"", ""1d""], ""ret_windows"": [1, 3, 6, 12, 24], ""rsi_period"": 21, ""target_threshold"": 0.004, ""vol_windows"": [12, 48]}","{""colsample_bytree"": 1.0, ""gamma"": 0.0, ""learning_rate"": 0.03, ""max_depth"": 5, ""min_child_weight"": 1, ""n_estimators"": 250, ""subsample"": 0.7}",4,2582,0.8377226955848179,0.016261980034639863,9.193570120055364e+17,2192.578913547333,0.0711046803628046,41.727172577178905
stage2,1291,32,0.52,74772,27,"{""atr_period"": 21, ""horizon_h"": 6, ""ma_windows"": [12, 24, 72], ""mtf_intervals"": [""4h"", ""1d""], ""ret_windows"": [1, 3, 6, 12, 24], ""rsi_period"": 21, ""target_threshold"": 0.004, ""vol_windows"": [12, 48]}","{""colsample_bytree"": 0.7, ""gamma"": 0.0, ""learning_rate"": 0.03, ""max_depth"": 5, ""min_child_weight"": 1, ""n_estimators"": 250, ""subsample"": 0.7}",4,4693,0.7381206051566163,0.012276018128074802,4.667635762225173e+24,2192.578913547333,0.11810955207582297,57.03234476769114
stage2,1291,32,0.55,74772,27,"{""atr_period"": 21, ""horizon_h"": 6, ""ma_windows"": [12, 24, 72], ""mtf_intervals"": [""4h"", ""1d""], ""ret_windows"": [1, 3, 6, 12, 24], ""rsi_period"": 21, ""target_threshold"": 0.004, ""vol_windows"": [12, 48]}","{""colsample_bytree"": 0.7, ""gamma"": 0.0, ""learning_rate"": 0.03, ""max_depth"": 5, ""min_child_weight"": 1, ""n_estimators"": 250, ""subsample"": 0.7}",4,4123,0.7625515401406743,0.013200726552816436,2.0049689020652825e+23,2192.578913547333,0.09243897664199896,53.92451324552349
stage2,1291,32,0.58,74772,27,"{""atr_period"": 21, ""horizon_h"": 6, ""ma_windows"": [12, 24, 72], ""mtf_intervals"": [""4h"", ""1d""], ""ret_windows"": [1, 3, 6, 12, 24], ""rsi_period"": 21, ""target_threshold"": 0.004, ""vol_windows"": [12, 48]}","{""colsample_bytree"": 0.7, ""gamma"": 0.0, ""learning_rate"": 0.03, ""max_depth"": 5, ""min_child_weight"": 1, ""n_estimators"": 250, ""subsample"": 0.7}",4,3612,0.785437430786268,0.014093293323987949,6.173861157839284e+21,2192.578913547333,0.07049292933429363,50.48046121705359
stage2,1291,32,0.6,74772,27,"{""atr_period"": 21, ""horizon_h"": 6, ""ma_windows"": [12, 24, 72], ""mtf_intervals"": [""4h"", ""1d""], ""ret_windows"": [1, 3, 6, 12, 24], ""rsi_period"": 21, ""target_threshold"": 0.004, ""vol_windows"": [12, 48]}","{""colsample_bytree"": 0.7, ""gamma"": 0.0, ""learning_rate"": 0.03, ""max_depth"": 5, ""min_child_weight"": 1, ""n_estimators"": 250, ""subsample"": 0.7}",4,3278,0.8007931665649787,0.014710537966304301,4.3518076303830444e+20,2192.578913547333,0.060566013874518765,47.850328995925324
stage2,1291,32,0.62,74772,27,"{""atr_period"": 21, ""horizon_h"": 6, ""ma_windows"": [12, 24, 72], ""mtf_intervals"": [""4h"", ""1d""], ""ret_windows"": [1, 3, 6, 12, 24], ""rsi_period"": 21, ""target_threshold"": 0.004, ""vol_windows"": [12, 48]}","{""colsample_bytree"": 0.7, ""gamma"": 0.0, ""learning_rate"": 0.03, ""max_depth"": 5, ""min_child_weight"": 1, ""n_estimators"": 250, ""subsample"": 0.7}",4,2970,0.8151515151515152,0.015370737826048421,3.4197078406764503e+19,2192.578913547333,0.060566013874518876,45.32347599540186
stage2,1291,32,0.65,74772,27,"{""atr_period"": 21, ""horizon_h"": 6, ""ma_windows"": [12, 24, 72], ""mtf_intervals"": [""4h"", ""1d""], ""ret_windows"": [1, 3, 6, 12, 24], ""rsi_period"": 21, ""target_threshold"": 0.004, ""vol_windows"": [12, 48]}","{""colsample_bytree"": 0.7, ""gamma"": 0.0, ""learning_rate"": 0.03, ""max_depth"": 5, ""min_child_weight"": 1, ""n_estimators"": 250, ""subsample"": 0.7}",4,2535,0.8339250493096647,0.01638195929842376,5.803449662509272e+17,2192.578913547333,0.06056601387451899,41.27031179794194
stage2,1291,42,0.52,74772,27,"{""atr_period"": 21, ""horizon_h"": 6, ""ma_windows"": [12, 24, 72], ""mtf_intervals"": [""4h"", ""1d""], ""ret_windows"": [1, 3, 6, 12, 24], ""rsi_period"": 21, ""target_threshold"": 0.004, ""vol_windows"": [12, 48]}","{""colsample_bytree"": 0.7, ""gamma"": 0.0, ""learning_rate"": 0.03, ""max_depth"": 5, ""min_child_weight"": 5, ""n_estimators"": 250, ""subsample"": 1.0}",4,4711,0.7412438972617279,0.012301523817961709,6.559722279875851e+24,2192.578913547333,0.10590710498058997,57.38144425439493
stage2,1291,42,0.55,74772,27,"{""atr_period"": 21, ""horizon_h"": 6, ""ma_windows"": [12, 24, 72], ""mtf_intervals"": [""4h"", ""1d""], ""ret_windows"": [1, 3, 6, 12, 24], ""rsi_period"": 21, ""target_threshold"": 0.004, ""vol_windows"": [12, 48]}","{""colsample_bytree"": 0.7, ""gamma"": 0.0, ""learning_rate"": 0.03, ""max_depth"": 5, ""min_child_weight"": 5, ""n_estimators"": 250, ""subsample"": 1.0}",4,4103,0.7628564465025591,0.013213808799480965,1.630557336807703e+23,2192.578913547333,0.10590710498058997,53.71142109476839
stage2,1291,42,0.58,74772,27,"{""atr_period"": 21, ""horizon_h"": 6, ""ma_windows"": [12, 24, 72], ""mtf_intervals"": [""4h"", ""1d""], ""ret_windows"": [1, 3, 6, 12, 24], ""rsi_period"": 21, ""target_threshold"": 0.004, ""vol_windows"": [12, 48]}","{""colsample_bytree"": 0.7, ""gamma"": 0.0, ""learning_rate"": 0.03, ""max_depth"": 5, ""min_child_weight"": 5, ""n_estimators"": 250, ""subsample"": 1.0}",4,3550,0.7870422535211268,0.01417256474795745,3.4344996798761077e+21,2192.578913547333,0.078234549423993,49.892055260427014
stage2,1291,42,0.6,74772,27,"{""atr_period"": 21, ""horizon_h"": 6, ""ma_windows"": [12, 24, 72], ""mtf_intervals"": [""4h"", ""1d""], ""ret_windows"": [1, 3, 6, 12, 24], ""rsi_period"": 21, ""target_threshold"": 0.004, ""vol_windows"": [12, 48]}","{""colsample_bytree"": 0.7, ""gamma"": 0.0, ""learning_rate"": 0.03, ""max_depth"": 5, ""min_child_weight"": 5, ""n_estimators"": 250, ""subsample"": 1.0}",4,3237,0.8013592832869941,0.014824491337551824,3.4378733176439525e+20,2192.578913547333,0.060566013874518876,47.61595526886606
stage2,1291,42,0.62,74772,27,"{""atr_period"": 21, ""horizon_h"": 6, ""ma_windows"": [12, 24, 72], ""mtf_intervals"": [""4h"", ""1d""], ""ret_windows"": [1, 3, 6, 12, 24], ""rsi_period"": 21, ""target_threshold"": 0.004, ""vol_windows"": [12, 48]}","{""colsample_bytree"": 0.7, ""gamma"": 0.0, ""learning_rate"": 0.03, ""max_depth"": 5, ""min_child_weight"": 5, ""n_estimators"": 250, ""subsample"": 1.0}",4,2918,0.8149417409184373,0.01541290232647606,1.7516460353976998e+19,2192.578913547333,0.060566013874518765,44.654646308808275
stage2,1291,42,0.65,74772,27,"{""atr_period"": 21, ""horizon_h"": 6, ""ma_windows"": [12, 24, 72], ""mtf_intervals"": [""4h"", ""1d""], ""ret_windows"": [1, 3, 6, 12, 24], ""rsi_period"": 21, ""target_threshold"": 0.004, ""vol_windows"": [12, 48]}","{""colsample_bytree"": 0.7, ""gamma"": 0.0, ""learning_rate"": 0.03, ""max_depth"": 5, ""min_child_weight"": 5, ""n_estimators"": 250, ""subsample"": 1.0}",4,2463,0.8367844092570037,0.01652032341109543,2.531348093494265e+17,2192.578913547333,0.054652592210135076,40.4469624035953
stage2,1291,44,0.52,74772,27,"{""atr_period"": 21, ""horizon_h"": 6, ""ma_windows"": [12, 24, 72], ""mtf_intervals"": [""4h"", ""1d""], ""ret_windows"": [1, 3, 6, 12, 24], ""rsi_period"": 21, ""target_threshold"": 0.004, ""vol_windows"": [12, 48]}","{""colsample_bytree"": 1.0, ""gamma"": 0.0, ""learning_rate"": 0.03, ""max_depth"": 5, ""min_child_weight"": 1, ""n_estimators"": 250, ""subsample"": 1.0}",4,4752,0.7356902356902357,0.012150705474852327,5.321069431076877e+24,2192.578913547333,0.10590710498058997,57.166520815748484
stage2,1291,44,0.55,74772,27,"{""atr_period"": 21, ""horizon_h"": 6, ""ma_windows"": [12, 24, 72], ""mtf_intervals"": [""4h"", ""1d""], ""ret_windows"": [1, 3, 6, 12, 24], ""rsi_period"": 21, ""target_threshold"": 0.004, ""vol_windows"": [12, 48]}","{""colsample_bytree"": 1.0, ""gamma"": 0.0, ""learning_rate"": 0.03, ""max_depth"": 5, ""min_child_weight"": 1, ""n_estimators"": 250, ""subsample"": 1.0}",4,4152,0.7608381502890174,0.01304883110439199,1.576083850317187e+23,2192.578913547333,0.10590710498058986,53.674507949975464
stage2,1291,44,0.58,74772,27,"{""atr_period"": 21, ""horizon_h"": 6, ""ma_windows"": [12, 24, 72], ""mtf_intervals"": [""4h"", ""1d""], ""ret_windows"": [1, 3, 6, 12, 24], ""rsi_period"": 21, ""target_threshold"": 0.004, ""vol_windows"": [12, 48]}","{""colsample_bytree"": 1.0, ""gamma"": 0.0, ""learning_rate"": 0.03, ""max_depth"": 5, ""min_child_weight"": 1, ""n_estimators"": 250, ""subsample"": 1.0}",4,3605,0.7852981969486824,0.014084079024721276,5.423034777445939e+21,2192.578913547333,0.07422883788216605,50.348739304482294
stage2,1291,44,0.6,74772,27,"{""atr_period"": 21, ""horizon_h"": 6, ""ma_windows"": [12, 24, 72], ""mtf_intervals"": [""4h"", ""1d""], ""ret_windows"": [1, 3, 6, 12, 24], ""rsi_period"": 21, ""target_threshold"": 0.004, ""vol_windows"": [12, 48]}","{""colsample_bytree"": 1.0, ""gamma"": 0.0, ""learning_rate"": 0.03, ""max_depth"": 5, ""min_child_weight"": 1, ""n_estimators"": 250, ""subsample"": 1.0}",4,3281,0.8040231636696129,0.014829485056179675,6.660969165932476e+20,2192.578913547333,0.07438050509704186,48.27263101309304
stage2,1291,44,0.62,74772,27,"{""atr_period"": 21, ""horizon_h"": 6, ""ma_windows"": [12, 24, 72], ""mtf_intervals"": [""4h"", ""1d""], ""ret_windows"": [1, 3, 6, 12, 24], ""rsi_period"": 21, ""target_threshold"": 0.004, ""vol_windows"": [12, 48]}","{""colsample_bytree"": 1.0, ""gamma"": 0.0, ""learning_rate"": 0.03, ""max_depth"": 5, ""min_child_weight"": 1, ""n_estimators"": 250, ""subsample"": 1.0}",4,2976,0.8141801075268817,0.01533659413659003,3.403665203298915e+19,2192.578913547333,0.07422883788216605,45.31089203902659
stage2,1291,44,0.65,74772,27,"{""atr_period"": 21, ""horizon_h"": 6, ""ma_windows"": [12, 24, 72], ""mtf_intervals"": [""4h"", ""1d""], ""ret_windows"": [1, 3, 6, 12, 24], ""rsi_period"": 21, ""target_threshold"": 0.004, ""vol_windows"": [12, 48]}","{""colsample_bytree"": 1.0, ""gamma"": 0.0, ""learning_rate"": 0.03, ""max_depth"": 5, ""min_child_weight"": 1, ""n_estimators"": 250, ""subsample"": 1.0}",4,2550,0.832156862745098,0.01619656524986779,4.650291693474174e+17,2192.578913547333,0.07422883788216605,41.03906012156394
stage2,1291,23,0.52,74772,27,"{""atr_period"": 21, ""horizon_h"": 6, ""ma_windows"": [12, 24, 72], ""mtf_intervals"": [""4h"", ""1d""], ""ret_windows"": [1, 3, 6, 12, 24], ""rsi_period"": 21, ""target_threshold"": 0.004, ""vol_windows"": [12, 48]}","{""colsample_bytree"": 1.0, ""gamma"": 0.2, ""learning_rate"": 0.07, ""max_depth"": 3, ""min_child_weight"": 5, ""n_estimators"": 250, ""subsample"": 0.7}",4,4606,0.7340425531914894,0.012178424997834605,1.0370663769445814e+24,2192.578913547333,0.11966074403483418,55.523269238199916
stage2,1291,23,0.55,74772,27,"{""atr_period"": 21, ""horizon_h"": 6, ""ma_windows"": [12, 24, 72], ""mtf_intervals"": [""4h"", ""1d""], ""ret_windows"": [1, 3, 6, 12, 24], ""rsi_period"": 21, ""target_threshold"": 0.004, ""vol_windows"": [12, 48]}","{""colsample_bytree"": 1.0, ""gamma"": 0.2, ""learning_rate"": 0.07, ""max_depth"": 3, ""min_child_weight"": 5, ""n_estimators"": 250, ""subsample"": 0.7}",4,3988,0.7587763289869609,0.013168615474604527,3.0223702223552596e+22,2192.578913547333,0.09220607331092223,52.02918036159892
stage2,1291,23,0.58,74772,27,"{""atr_period"": 21, ""horizon_h"": 6, ""ma_windows"": [12, 24, 72], ""mtf_intervals"": [""4h"", ""1d""], ""ret_windows"": [1, 3, 6, 12, 24], ""rsi_period"": 21, ""target_threshold"": 0.004, ""vol_windows"": [12, 48]}","{""colsample_bytree"": 1.0, ""gamma"": 0.2, ""learning_rate"": 0.07, ""max_depth"": 3, ""min_child_weight"": 5, ""n_estimators"": 250, ""subsample"": 0.7}",4,3453,0.7787431219229656,0.01409000660278099,6.61379433436483e+20,2192.578913547333,0.07867643503495159,48.237235711300464
stage2,1291,23,0.6,74772,27,"{""atr_period"": 21, ""horizon_h"": 6, ""ma_windows"": [12, 24, 72], ""mtf_intervals"": [""4h"", ""1d""], ""ret_windows"": [1, 3, 6, 12, 24], ""rsi_period"": 21, ""target_threshold"": 0.004, ""vol_windows"": [12, 48]}","{""colsample_bytree"": 1.0, ""gamma"": 0.2, ""learning_rate"": 0.07, ""max_depth"": 3, ""min_child_weight"": 5, ""n_estimators"": 250, ""subsample"": 0.7}",4,3116,0.790436456996149,0.014770216265234998,4.901991463232094e+19,2192.578913547333,0.0605660138745191,45.65898619928609
stage2,1291,23,0.62,74772,27,"{""atr_period"": 21, ""horizon_h"": 6, ""ma_windows"": [12, 24, 72], ""mtf_intervals"": [""4h"", ""1d""], ""ret_windows"": [1, 3, 6, 12, 24], ""rsi_period"": 21, ""target_threshold"": 0.004, ""vol_windows"": [12, 48]}","{""colsample_bytree"": 1.0, ""gamma"": 0.2, ""learning_rate"": 0.07, ""max_depth"": 3, ""min_child_weight"": 5, ""n_estimators"": 250, ""subsample"": 0.7}",4,2821,0.8025522864232542,0.015267888951603576,2.6681493812713e+18,2192.578913547333,0.060566013874518876,42.76181872417473
stage2,1291,23,0.65,74772,27,"{""atr_period"": 21, ""horizon_h"": 6, ""ma_windows"": [12, 24, 72], ""mtf_intervals"": [""4h"", ""1d""], ""ret_windows"": [1, 3, 6, 12, 24], ""rsi_period"": 21, ""target_threshold"": 0.004, ""vol_windows"": [12, 48]}","{""colsample_bytree"": 1.0, ""gamma"": 0.2, ""learning_rate"": 0.07, ""max_depth"": 3, ""min_child_weight"": 5, ""n_estimators"": 250, ""subsample"": 0.7}",4,2344,0.8246587030716723,0.01648459770701894,3.331122757331947e+16,2192.578913547333,0.060566013874518765,38.40599163661013
stage2,319,51,0.52,74772,27,"{""atr_period"": 21, ""horizon_h"": 6, ""ma_windows"": [12, 24, 72], ""mtf_intervals"": [""4h"", ""1d""], ""ret_windows"": [1, 3, 6, 12, 24], ""rsi_period"": 21, ""target_threshold"": 0.004, ""vol_windows"": [24, 72]}","{""colsample_bytree"": 0.7, ""gamma"": 0.2, ""learning_rate"": 0.07, ""max_depth"": 5, ""min_child_weight"": 5, ""n_estimators"": 250, ""subsample"": 0.7}",4,5097,0.72218952324897,0.011634567416235652,2.457833720736392e+25,2192.578913547333,0.14587169365772812,58.66179999661182
stage2,319,51,0.55,74772,27,"{""atr_period"": 21, ""horizon_h"": 6, ""ma_windows"": [12, 24, 72], ""mtf_intervals"": [""4h"", ""1d""], ""ret_windows"": [1, 3, 6, 12, 24], ""rsi_period"": 21, ""target_threshold"": 0.004, ""vol_windows"": [24, 72]}","{""colsample_bytree"": 0.7, ""gamma"": 0.2, ""learning_rate"": 0.07, ""max_depth"": 5, ""min_child_weight"": 5, ""n_estimators"": 250, ""subsample"": 0.7}",4,4568,0.7456217162872154,0.01243017092687355,2.0438467637570766e+24,2192.578913547333,0.1011586826451597,56.22223533170274
stage2,319,51,0.58,74772,27,"{""atr_period"": 21, ""horizon_h"": 6, ""ma_windows"": [12, 24, 72], ""mtf_intervals"": [""4h"", ""1d""], ""ret_windows"": [1, 3, 6, 12, 24], ""rsi_period"": 21, ""target_threshold"": 0.004, ""vol_windows"": [24, 72]}","{""colsample_bytree"": 0.7, ""gamma"": 0.2, ""learning_rate"": 0.07, ""max_depth"": 5, ""min_child_weight"": 5, ""n_estimators"": 250, ""subsample"": 0.7}",4,4050,0.7681481481481481,0.013315313578013051,1.2220756518782546e+23,2192.578913547333,0.07512390979581873,53.44348697818827
stage2,319,51,0.6,74772,27,"{""atr_period"": 21, ""horizon_h"": 6, ""ma_windows"": [12, 24, 72], ""mtf_intervals"": [""4h"", ""1d""], ""ret_windows"": [1, 3, 6, 12, 24], ""rsi_period"": 21, ""target_threshold"": 0.004, ""vol_windows"": [24, 72]}","{""colsample_bytree"": 0.7, ""gamma"": 0.2, ""learning_rate"": 0.07, ""max_depth"": 5, ""min_child_weight"": 5, ""n_estimators"": 250, ""subsample"": 0.7}",4,3761,0.7817069928210583,0.013848273172308093,1.9739800641764095e+22,2192.578913547333,0.060566013874518654,51.64279266032594
stage2,319,51,0.62,74772,27,"{""atr_period"": 21, ""horizon_h"": 6, ""ma_windows"": [12, 24, 72], ""mtf_intervals"": [""4h"", ""1d""], ""ret_windows"": [1, 3, 6, 12, 24], ""rsi_period"": 21, ""target_threshold"": 0.004, ""vol_windows"": [24, 72]}","{""colsample_bytree"": 0.7, ""gamma"": 0.2, ""learning_rate"": 0.07, ""max_depth"": 5, ""min_child_weight"": 5, ""n_estimators"": 250, ""subsample"": 0.7}",4,3459,0.7947383636889275,0.014439076279276456,2.3790952548337676e+21,2192.578913547333,0.060566013874518876,49.54202751750517
stage2,319,51,0.65,74772,27,"{""atr_period"": 21, ""horizon_h"": 6, ""ma_windows"": [12, 24, 72], ""mtf_intervals"": [""4h"", ""1d""], ""ret_windows"": [1, 3, 6, 12, 24], ""rsi_period"": 21, ""target_threshold"": 0.004, ""vol_windows"": [24, 72]}","{""colsample_bytree"": 0.7, ""gamma"": 0.2, ""learning_rate"": 0.07, ""max_depth"": 5, ""min_child_weight"": 5, ""n_estimators"": 250, ""subsample"": 0.7}",4,3021,0.8119827871565707,0.015293963134564315,5.902659813125649e+19,2192.578913547333,0.060566013874518876,45.86617475986016
stage2,319,58,0.52,74772,27,"{""atr_period"": 21, ""horizon_h"": 6, ""ma_windows"": [12, 24, 72], ""mtf_intervals"": [""4h"", ""1d""], ""ret_windows"": [1, 3, 6, 12, 24], ""rsi_period"": 21, ""target_threshold"": 0.004, ""vol_windows"": [24, 72]}","{""colsample_bytree"": 0.7, ""gamma"": 0.0, ""learning_rate"": 0.07, ""max_depth"": 5, ""min_child_weight"": 5, ""n_estimators"": 250, ""subsample"": 1.0}",4,5106,0.7220916568742656,0.011710437278766667,4.0365064227953176e+25,2192.578913547333,0.11573736983449645,59.173495034694426
stage2,319,58,0.55,74772,27,"{""atr_period"": 21, ""horizon_h"": 6, ""ma_windows"": [12, 24, 72], ""mtf_intervals"": [""4h"", ""1d""], ""ret_windows"": [1, 3, 6, 12, 24], ""rsi_period"": 21, ""target_threshold"": 0.004, ""vol_windows"": [24, 72]}","{""colsample_bytree"": 0.7, ""gamma"": 0.0, ""learning_rate"": 0.07, ""max_depth"": 5, ""min_child_weight"": 5, ""n_estimators"": 250, ""subsample"": 1.0}",4,4512,0.7462322695035462,0.012507883091970309,1.4652977060403963e+24,2192.578913547333,0.10590710498058986,55.88819599384387
stage2,319,58,0.58,74772,27,"{""atr_period"": 21, ""horizon_h"": 6, ""ma_windows"": [12, 24, 72], ""mtf_intervals"": [""4h"", ""1d""], ""ret_windows"": [1, 3, 6, 12, 24], ""rsi_period"": 21, ""target_threshold"": 0.004, ""vol_windows"": [24, 72]}","{""colsample_bytree"": 0.7, ""gamma"": 0.0, ""learning_rate"": 0.07, ""max_depth"": 5, ""min_child_weight"": 5, ""n_estimators"": 250, ""subsample"": 1.0}",4,3971,0.7663057164442206,0.0133832910150006,5.66209686939218e+22,2192.578913547333,0.08796367080468859,52.666795406973534
stage2,319,58,0.6,74772,27,"{""atr_period"": 21, ""horizon_h"": 6, ""ma_windows"": [12, 24, 72], ""mtf_intervals"": [""4h"", ""1d""], ""ret_windows"": [1, 3, 6, 12, 24], ""rsi_period"": 21, ""target_threshold"": 0.004, ""vol_windows"": [24, 72]}","{""colsample_bytree"": 0.7, ""gamma"": 0.0, ""learning_rate"": 0.07, ""max_depth"": 5, ""min_child_weight"": 5, ""n_estimators"": 250, ""subsample"": 1.0}",4,3666,0.784506273867976,0.014011193887005892,9.739380025970454e+21,2192.578913547333,0.07884120533897354,50.93073838366002
stage2,319,58,0.62,74772,27,"{""atr_period"": 21, ""horizon_h"": 6, ""ma_windows"": [12, 24, 72], ""mtf_intervals"": [""4h"", ""1d""], ""ret_windows"": [1, 3, 6, 12, 24], ""rsi_period"": 21, ""target_threshold"": 0.004, ""vol_windows"": [24, 72]}","{""colsample_bytree"": 0.7, ""gamma"": 0.0, ""learning_rate"": 0.07, ""max_depth"": 5, ""min_child_weight"": 5, ""n_estimators"": 250, ""subsample"": 1.0}",4,3383,0.7989949748743719,0.014597080987474944,1.3706975831278286e+21,2192.578913547333,0.07884120533897343,48.98615877301906
stage2,319,58,0.65,74772,27,"{""atr_period"": 21, ""horizon_h"": 6, ""ma_windows"": [12, 24, 72], ""mtf_intervals"": [""4h"", ""1d""], ""ret_windows"": [1, 3, 6, 12, 24], ""rsi_period"": 21, ""target_threshold"": 0.004, ""vol_windows"": [24, 72]}","{""colsample_bytree"": 0.7, ""gamma"": 0.0, ""learning_rate"": 0.07, ""max_depth"": 5, ""min_child_weight"": 5, ""n_estimators"": 250, ""subsample"": 1.0}",4,2944,0.8179347826086957,0.015447049520911279,2.8865448046346736e+19,2192.578913547333,0.061268596862303126,45.15646690824057
stage2,319,50,0.52,74772,27,"{""atr_period"": 21, ""horizon_h"": 6, ""ma_windows"": [12, 24, 72], ""mtf_intervals"": [""4h"", ""1d""], ""ret_windows"": [1, 3, 6, 12, 24], ""rsi_period"": 21, ""target_threshold"": 0.004, ""vol_windows"": [24, 72]}","{""colsample_bytree"": 0.7, ""gamma"": 0.0, ""learning_rate"": 0.07, ""max_depth"": 5, ""min_child_weight"": 5, ""n_estimators"": 250, ""subsample"": 0.7}",4,5124,0.7226775956284153,0.011651957105922655,3.6647765261125724e+25,2192.578913547333,0.15066008463832392,59.05942237422184
stage2,319,50,0.55,74772,27,"{""atr_period"": 21, ""horizon_h"": 6, ""ma_windows"": [12, 24, 72], ""mtf_intervals"": [""4h"", ""1d""], ""ret_windows"": [1, 3, 6, 12, 24], ""rsi_period"": 21, ""target_threshold"": 0.004, ""vol_windows"": [24, 72]}","{""colsample_bytree"": 0.7, ""gamma"": 0.0, ""learning_rate"": 0.07, ""max_depth"": 5, ""min_child_weight"": 5, ""n_estimators"": 250, ""subsample"": 0.7}",4,4565,0.7447973713033954,0.012454954839702412,2.2100232109422497e+24,2192.578913547333,0.11441741339557343,56.293314079082954
stage2,319,50,0.58,74772,27,"{""atr_period"": 21, ""horizon_h"": 6, ""ma_windows"": [12, 24, 72], ""mtf_intervals"": [""4h"", ""1d""], ""ret_windows"": [1, 3, 6, 12, 24], ""rsi_period"": 21, ""target_threshold"": 0.004, ""vol_windows"": [24, 72]}","{""colsample_bytree"": 0.7, ""gamma"": 0.0, ""learning_rate"": 0.07, ""max_depth"": 5, ""min_child_weight"": 5, ""n_estimators"": 250, ""subsample"": 0.7}",4,4073,0.7647925362140928,0.01322279784031351,1.1420731763834158e+23,2192.578913547333,0.11441741339557354,53.352710030433535
stage2,319,50,0.6,74772,27,"{""atr_period"": 21, ""horizon_h"": 6, ""ma_windows"": [12, 24, 72], ""mtf_intervals"": [""4h"", ""1d""], ""ret_windows"": [1, 3, 6, 12, 24], ""rsi_period"": 21, ""target_threshold"": 0.004, ""vol_windows"": [24, 72]}","{""colsample_bytree"": 0.7, ""gamma"": 0.0, ""learning_rate"": 0.07, ""max_depth"": 5, ""min_child_weight"": 5, ""n_estimators"": 250, ""subsample"": 0.7}",4,3752,0.7817164179104478,0.01384227869369115,1.7106010641522756e+22,2192.578913547333,0.07512390979581862,51.49226626310633
stage2,319,50,0.62,74772,27,"{""atr_period"": 21, ""horizon_h"": 6, ""ma_windows"": [12, 24, 72], ""mtf_intervals"": [""4h"", ""1d""], ""ret_windows"": [1, 3, 6, 12, 24], ""rsi_period"": 21, ""target_threshold"": 0.004, ""vol_windows"": [24, 72]}","{""colsample_bytree"": 0.7, ""gamma"": 0.0, ""learning_rate"": 0.07, ""max_depth"": 5, ""min_child_weight"": 5, ""n_estimators"": 250, ""subsample"": 0.7}",4,3457,0.795776684986983,0.014405238266971683,2.0668874346314625e+21,2192.578913547333,0.060566013874518654,49.40191102094957
stage2,319,50,0.65,74772,27,"{""atr_period"": 21, ""horizon_h"": 6, ""ma_windows"": [12, 24, 72], ""mtf_intervals"": [""4h"", ""1d""], ""ret_windows"": [1, 3, 6, 12, 24], ""rsi_period"": 21, ""target_threshold"": 0.004, ""vol_windows"": [24, 72]}","{""colsample_bytree"": 0.7, ""gamma"": 0.0, ""learning_rate"": 0.07, ""max_depth"": 5, ""min_child_weight"": 5, ""n_estimators"": 250, ""subsample"": 0.7}",4,3019,0.8145081152699569,0.015283079058911912,5.552985184158919e+19,2192.578913547333,0.0546525922101353,45.80999724964626
stage2,319,48,0.52,74772,27,"{""atr_period"": 21, ""horizon_h"": 6, ""ma_windows"": [12, 24, 72], ""mtf_intervals"": [""4h"", ""1d""], ""ret_windows"": [1, 3, 6, 12, 24], ""rsi_period"": 21, ""target_threshold"": 0.004, ""vol_windows"": [24, 72]}","{""colsample_bytree"": 0.7, ""gamma"": 0.0, ""learning_rate"": 0.07, ""max_depth"": 5, ""min_child_weight"": 1, ""n_estimators"": 250, ""subsample"": 0.7}",4,5123,0.7251610384540308,0.011696466062191418,4.5407428672560585e+25,2192.578913547333,0.1256789786432767,59.28857902060696
stage2,319,48,0.55,74772,27,"{""atr_period"": 21, ""horizon_h"": 6, ""ma_windows"": [12, 24, 72], ""mtf_intervals"": [""4h"", ""1d""], ""ret_windows"": [1, 3, 6, 12, 24], ""rsi_period"": 21, ""target_threshold"": 0.004, ""vol_windows"": [24, 72]}","{""colsample_bytree"": 0.7, ""gamma"": 0.0, ""learning_rate"": 0.07, ""max_depth"": 5, ""min_child_weight"": 1, ""n_estimators"": 250, ""subsample"": 0.7}",4,4529,0.7443144181938618,0.012457127503824671,1.4247730898782802e+24,2192.578913547333,0.1256789786432766,55.84832386298935
stage2,319,48,0.58,74772,27,"{""atr_period"": 21, ""horizon_h"": 6, ""ma_windows"": [12, 24, 72], ""mtf_intervals"": [""4h"", ""1d""], ""ret_windows"": [1, 3, 6, 12, 24], ""rsi_period"": 21, ""target_threshold"": 0.004, ""vol_windows"": [24, 72]}","{""colsample_bytree"": 0.7, ""gamma"": 0.0, ""learning_rate"": 0.07, ""max_depth"": 5, ""min_child_weight"": 1, ""n_estimators"": 250, ""subsample"": 0.7}",4,3997,0.7700775581686264,0.013426362405864681,9.434972343337355e+22,2192.578913547333,0.08208294766924074,53.183726765348624
stage2,319,48,0.6,74772,27,"{""atr_period"": 21, ""horizon_h"": 6, ""ma_windows"": [12, 24, 72], ""mtf_intervals"": [""4h"", ""1d""], ""ret_windows"": [1, 3, 6, 12, 24], ""rsi_period"": 21, ""target_threshold"": 0.004, ""vol_windows"": [24, 72]}","{""colsample_bytree"": 0.7, ""gamma"": 0.0, ""learning_rate"": 0.07, ""max_depth"": 5, ""min_child_weight"": 1, ""n_estimators"": 250, ""subsample"": 0.7}",4,3684,0.7850162866449512,0.013990378947983346,1.1581009019514193e+22,2192.578913547333,0.078234549423993,51.104472342084705
stage2,319,48,0.62,74772,27,"{""atr_period"": 21, ""horizon_h"": 6, ""ma_windows"": [12, 24, 72], ""mtf_intervals"": [""4h"", ""1d""], ""ret_windows"": [1, 3, 6, 12, 24], ""rsi_period"": 21, ""target_threshold"": 0.004, ""vol_windows"": [24, 72]}","{""colsample_bytree"": 0.7, ""gamma"": 0.0, ""learning_rate"": 0.07, ""max_depth"": 5, ""min_child_weight"": 1, ""n_estimators"": 250, ""subsample"": 0.7}",4,3409,0.7993546494573188,0.014495652791605812,1.4252364321825072e+21,2192.578913547333,0.07361914435845196,49.02726403987335
stage2,319,48,0.65,74772,27,"{""atr_period"": 21, ""horizon_h"": 6, ""ma_windows"": [12, 24, 72], ""mtf_intervals"": [""4h"", ""1d""], ""ret_windows"": [1, 3, 6, 12, 24], ""rsi_period"": 21, ""target_threshold"": 0.004, ""vol_windows"": [24, 72]}","{""colsample_bytree"": 0.7, ""gamma"": 0.0, ""learning_rate"": 0.07, ""max_depth"": 5, ""min_child_weight"": 1, ""n_estimators"": 250, ""subsample"": 0.7}",4,2999,0.8149383127709237,0.015279007246752224,4.062704708611354e+19,2192.578913547333,0.07422883788216605,45.488033992334906
stage2,319,57,0.52,74772,27,"{""atr_period"": 21, ""horizon_h"": 6, ""ma_windows"": [12, 24, 72], ""mtf_intervals"": [""4h"", ""1d""], ""ret_windows"": [1, 3, 6, 12, 24], ""rsi_period"": 21, ""target_threshold"": 0.004, ""vol_windows"": [24, 72]}","{""colsample_bytree"": 0.7, ""gamma"": 0.2, ""learning_rate"": 0.07, ""max_depth"": 5, ""min_child_weight"": 1, ""n_estimators"": 250, ""subsample"": 1.0}",4,5110,0.7211350293542075,0.011711339751236973,4.246402814665582e+25,2192.578913547333,0.1290518610441712,59.21677236381356
stage2,319,57,0.55,74772,27,"{""atr_period"": 21, ""horizon_h"": 6, ""ma_windows"": [12, 24, 72], ""mtf_intervals"": [""4h"", ""1d""], ""ret_windows"": [1, 3, 6, 12, 24], ""rsi_period"": 21, ""target_threshold"": 0.004, ""vol_windows"": [24, 72]}","{""colsample_bytree"": 0.7, ""gamma"": 0.2, ""learning_rate"": 0.07, ""max_depth"": 5, ""min_child_weight"": 1, ""n_estimators"": 250, ""subsample"": 1.0}",4,4528,0.7440371024734982,0.012484179981976998,1.6035660385449516e+24,2192.578913547333,0.10590710498058997,55.976421724505045
stage2,319,57,0.58,74772,27,"{""atr_period"": 21, ""horizon_h"": 6, ""ma_windows"": [12, 24, 72], ""mtf_intervals"": [""4h"", ""1d""], ""ret_windows"": [1, 3, 6, 12, 24], ""rsi_period"": 21, ""target_threshold"": 0.004, ""vol_windows"": [24, 72]}","{""colsample_bytree"": 0.7, ""gamma"": 0.2, ""learning_rate"": 0.07, ""max_depth"": 5, ""min_child_weight"": 1, ""n_estimators"": 250, ""subsample"": 1.0}",4,3980,0.771859296482412,0.013418858096458253,7.322219970201666e+22,2192.578913547333,0.11491984690085866,52.91516398098866
stage2,319,57,0.6,74772,27,"{""atr_period"": 21, ""horizon_h"": 6, ""ma_windows"": [12, 24, 72], ""mtf_intervals"": [""4h"", ""1d""], ""ret_windows"": [1, 3, 6, 12, 24], ""rsi_period"": 21, ""target_threshold"": 0.004, ""vol_windows"": [24, 72]}","{""colsample_bytree"": 0.7, ""gamma"": 0.2, ""learning_rate"": 0.07, ""max_depth"": 5, ""min_child_weight"": 1, ""n_estimators"": 250, ""subsample"": 1.0}",4,3656,0.7863785557986871,0.014049190274919505,9.677651615416781e+21,2192.578913547333,0.11491984690085866,50.908142666405624
stage2,319,57,0.62,74772,27,"{""atr_period"": 21, ""horizon_h"": 6, ""ma_windows"": [12, 24, 72], ""mtf_intervals"": [""4h"", ""1d""], ""ret_windows"": [1, 3, 6, 12, 24], ""rsi_period"": 21, ""target_threshold"": 0.004, ""vol_windows"": [24, 72]}","{""colsample_bytree"": 0.7, ""gamma"": 0.2, ""learning_rate"": 0.07, ""max_depth"": 5, ""min_child_weight"": 1, ""n_estimators"": 250, ""subsample"": 1.0}",4,3367,0.7977427977427978,0.014569798644988434,9.881758887579927e+20,2192.578913547333,0.078234549423993,48.65802773349695
stage2,319,57,0.65,74772,27,"{""atr_period"": 21, ""horizon_h"": 6, ""ma_windows"": [12, 24, 72], ""mtf_intervals"": [""4h"", ""1d""], ""ret_windows"": [1, 3, 6, 12, 24], ""rsi_period"": 21, ""target_threshold"": 0.004, ""vol_windows"": [24, 72]}","{""colsample_bytree"": 0.7, ""gamma"": 0.2, ""learning_rate"": 0.07, ""max_depth"": 5, ""min_child_weight"": 1, ""n_estimators"": 250, ""subsample"": 1.0}",4,2939,0.8162640353861857,0.0154401417105181,2.6087870924041236e+19,2192.578913547333,0.07361914435845185,45.047724954467625
stage2,319,61,0.52,74772,27,"{""atr_period"": 21, ""horizon_h"": 6, ""ma_windows"": [12, 24, 72], ""mtf_intervals"": [""4h"", ""1d""], ""ret_windows"": [1, 3, 6, 12, 24], ""rsi_period"": 21, ""target_threshold"": 0.004, ""vol_windows"": [24, 72]}","{""colsample_bytree"": 1.0, ""gamma"": 0.2, ""learning_rate"": 0.07, ""max_depth"": 5, ""min_child_weight"": 1, ""n_estimators"": 250, ""subsample"": 1.0}",4,5112,0.7230046948356808,0.01160496264400621,2.5338784231576552e+25,2192.578913547333,0.11573736983449623,58.70775319946948
stage2,319,61,0.55,74772,27,"{""atr_period"": 21, ""horizon_h"": 6, ""ma_windows"": [12, 24, 72], ""mtf_intervals"": [""4h"", ""1d""], ""ret_windows"": [1, 3, 6, 12, 24], ""rsi_period"": 21, ""target_threshold"": 0.004, ""vol_windows"": [24, 72]}","{""colsample_bytree"": 1.0, ""gamma"": 0.2, ""learning_rate"": 0.07, ""max_depth"": 5, ""min_child_weight"": 1, ""n_estimators"": 250, ""subsample"": 1.0}",4,4569,0.7454585248413219,0.012451866971174216,2.2980916387504876e+24,2192.578913547333,0.09936137827144376,56.34042235460648
stage2,319,61,0.58,74772,27,"{""atr_period"": 21, ""horizon_h"": 6, ""ma_windows"": [12, 24, 72], ""mtf_intervals"": [""4h"", ""1d""], ""ret_windows"": [1, 3, 6, 12, 24], ""rsi_period"": 21, ""target_threshold"": 0.004, ""vol_windows"": [24, 72]}","{""colsample_bytree"": 1.0, ""gamma"": 0.2, ""learning_rate"": 0.07, ""max_depth"": 5, ""min_child_weight"": 1, ""n_estimators"": 250, ""subsample"": 1.0}",4,4070,0.7678132678132679,0.013271780058372597,1.3461410518803506e+23,2192.578913547333,0.07331397802632367,53.540467023672804
stage2,319,61,0.6,74772,27,"{""atr_period"": 21, ""horizon_h"": 6, ""ma_windows"": [12, 24, 72], ""mtf_intervals"": [""4h"", ""1d""], ""ret_windows"": [1, 3, 6, 12, 24], ""rsi_period"": 21, ""target_threshold"": 0.004, ""vol_windows"": [24, 72]}","{""colsample_bytree"": 1.0, ""gamma"": 0.2, ""learning_rate"": 0.07, ""max_depth"": 5, ""min_child_weight"": 1, ""n_estimators"": 250, ""subsample"": 1.0}",4,3762,0.7814992025518341,0.013837895509967522,1.9391829765809225e+22,2192.578913547333,0.07612129628641284,51.616980662123005
stage2,319,61,0.62,74772,27,"{""atr_period"": 21, ""horizon_h"": 6, ""ma_windows"": [12, 24, 72], ""mtf_intervals"": [""4h"", ""1d""], ""ret_windows"": [1, 3, 6, 12, 24], ""rsi_period"": 21, ""target_threshold"": 0.004, ""vol_windows"": [24, 72]}","{""colsample_bytree"": 1.0, ""gamma"": 0.2, ""learning_rate"": 0.07, ""max_depth"": 5, ""min_child_weight"": 1, ""n_estimators"": 250, ""subsample"": 1.0}",4,3470,0.7939481268011528,0.01437534335566226,2.2492198204197275e+21,2192.578913547333,0.07612129628641284,49.47697096262372
stage2,319,61,0.65,74772,27,"{""atr_period"": 21, ""horizon_h"": 6, ""ma_windows"": [12, 24, 72], ""mtf_intervals"": [""4h"", ""1d""], ""ret_windows"": [1, 3, 6, 12, 24], ""rsi_period"": 21, ""target_threshold"": 0.004, ""vol_windows"": [24, 72]}","{""colsample_bytree"": 1.0, ""gamma"": 0.2, ""learning_rate"": 0.07, ""max_depth"": 5, ""min_child_weight"": 1, ""n_estimators"": 250, ""subsample"": 1.0}",4,3038,0.8140223831468071,0.015303461452361892,7.867173987540918e+19,2192.578913547333,0.07588403381916575,46.14751925933934
stage2,319,38,0.52,74772,27,"{""atr_period"": 21, ""horizon_h"": 6, ""ma_windows"": [12, 24, 72], ""mtf_intervals"": [""4h"", ""1d""], ""ret_windows"": [1, 3, 6, 12, 24], ""rsi_period"": 21, ""target_threshold"": 0.004, ""vol_windows"": [24, 72]}","{""colsample_bytree"": 1.0, ""gamma"": 0.0, ""learning_rate"": 0.03, ""max_depth"": 5, ""min_child_weight"": 5, ""n_estimators"": 250, ""subsample"": 0.7}",4,4766,0.7362568191355434,0.012172792819142297,6.993885405333147e+24,2192.578913547333,0.1456800803798084,57.42062624332499
stage2,319,38,0.55,74772,27,"{""atr_period"": 21, ""horizon_h"": 6, ""ma_windows"": [12, 24, 72], ""mtf_intervals"": [""4h"", ""1d""], ""ret_windows"": [1, 3, 6, 12, 24], ""rsi_period"": 21, ""target_threshold"": 0.004, ""vol_windows"": [24, 72]}","{""colsample_bytree"": 1.0, ""gamma"": 0.0, ""learning_rate"": 0.03, ""max_depth"": 5, ""min_child_weight"": 5, ""n_estimators"": 250, ""subsample"": 0.7}",4,4175,0.7607185628742515,0.013088943737881047,2.497000118152557e+23,2192.578913547333,0.10590710498058997,54.13488004519065
stage2,319,38,0.58,74772,27,"{""atr_period"": 21, ""horizon_h"": 6, ""ma_windows"": [12, 24, 72], ""mtf_intervals"": [""4h"", ""1d""], ""ret_windows"": [1, 3, 6, 12, 24], ""rsi_period"": 21, ""target_threshold"": 0.004, ""vol_windows"": [24, 72]}","{""colsample_bytree"": 1.0, ""gamma"": 0.0, ""learning_rate"": 0.03, ""max_depth"": 5, ""min_child_weight"": 5, ""n_estimators"": 250, ""subsample"": 0.7}",4,3656,0.7833698030634574,0.01402720390524569,8.999819006691335e+21,2192.578913547333,0.06226179802632248,50.8592739943209
stage2,319,38,0.6,74772,27,"{""atr_period"": 21, ""horizon_h"": 6, ""ma_windows"": [12, 24, 72], ""mtf_intervals"": [""4h"", ""1d""], ""ret_windows"": [1, 3, 6, 12, 24], ""rsi_period"": 21, ""target_threshold"": 0.004, ""vol_windows"": [24, 72]}","{""colsample_bytree"": 1.0, ""gamma"": 0.0, ""learning_rate"": 0.03, ""max_depth"": 5, ""min_child_weight"": 5, ""n_estimators"": 250, ""subsample"": 0.7}",4,3344,0.8014354066985646,0.014710030319631697,1.130136156107536e+21,2192.578913547333,0.060566013874518654,48.805170631449826
stage2,319,38,0.62,74772,27,"{""atr_period"": 21, ""horizon_h"": 6, ""ma_windows"": [12, 24, 72], ""mtf_intervals"": [""4h"", ""1d""], ""ret_windows"": [1, 3, 6, 12, 24], ""rsi_period"": 21, ""target_threshold"": 0.004, ""vol_windows"": [24, 72]}","{""colsample_bytree"": 1.0, ""gamma"": 0.0, ""learning_rate"": 0.03, ""max_depth"": 5, ""min_child_weight"": 5, ""n_estimators"": 250, ""subsample"": 0.7}",4,3029,0.8134697920105646,0.015227913080034867,5.4954553804065055e+19,2192.578913547333,0.060566013874518765,45.79535435439577
stage2,319,38,0.65,74772,27,"{""atr_period"": 21, ""horizon_h"": 6, ""ma_windows"": [12, 24, 72], ""mtf_intervals"": [""4h"", ""1d""], ""ret_windows"": [1, 3, 6, 12, 24], ""rsi_period"": 21, ""target_threshold"": 0.004, ""vol_windows"": [24, 72]}","{""colsample_bytree"": 1.0, ""gamma"": 0.0, ""learning_rate"": 0.03, ""max_depth"": 5, ""min_child_weight"": 5, ""n_estimators"": 250, ""subsample"": 0.7}",4,2596,0.8343605546995377,0.016128439317724095,8.177292593027131e+17,2192.578913547333,0.0711046803628046,41.606271316000324
stage2,319,36,0.52,74772,27,"{""atr_period"": 21, ""horizon_h"": 6, ""ma_windows"": [12, 24, 72], ""mtf_intervals"": [""4h"", ""1d""], ""ret_windows"": [1, 3, 6, 12, 24], ""rsi_period"": 21, ""target_threshold"": 0.004, ""vol_windows"": [24, 72]}","{""colsample_bytree"": 1.0, ""gamma"": 0.0, ""learning_rate"": 0.03, ""max_depth"": 5, ""min_child_weight"": 1, ""n_estimators"": 250, ""subsample"": 0.7}",4,4795,0.7353493222106361,0.012152599419574792,9.027590424081544e+24,2192.578913547333,0.1327249036623258,57.68146552378451
stage2,319,36,0.55,74772,27,"{""atr_period"": 21, ""horizon_h"": 6, ""ma_windows"": [12, 24, 72], ""mtf_intervals"": [""4h"", ""1d""], ""ret_windows"": [1, 3, 6, 12, 24], ""rsi_period"": 21, ""target_threshold"": 0.004, ""vol_windows"": [24, 72]}","{""colsample_bytree"": 1.0, ""gamma"": 0.0, ""learning_rate"": 0.03, ""max_depth"": 5, ""min_child_weight"": 1, ""n_estimators"": 250, ""subsample"": 0.7}",4,4186,0.7627806975633062,0.013082493363903044,2.806607047036568e+23,2192.578913547333,0.10590710498058986,54.25336438854665
stage2,319,36,0.58,74772,27,"{""atr_period"": 21, ""horizon_h"": 6, ""ma_windows"": [12, 24, 72], ""mtf_intervals"": [""4h"", ""1d""], ""ret_windows"": [1, 3, 6, 12, 24], ""rsi_period"": 21, ""target_threshold"": 0.004, ""vol_windows"": [24, 72]}","{""colsample_bytree"": 1.0, ""gamma"": 0.0, ""learning_rate"": 0.03, ""max_depth"": 5, ""min_child_weight"": 1, ""n_estimators"": 250, ""subsample"": 0.7}",4,3680,0.7823369565217392,0.013978929004304573,1.0475653256858426e+22,2192.578913547333,0.07867643503495159,51.001703559896235
stage2,319,36,0.6,74772,27,"{""atr_period"": 21, ""horizon_h"": 6, ""ma_windows"": [12, 24, 72], ""mtf_intervals"": [""4h"", ""1d""], ""ret_windows"": [1, 3, 6, 12, 24], ""rsi_period"": 21, ""target_threshold"": 0.004, ""vol_windows"": [24, 72]}","{""colsample_bytree"": 1.0, ""gamma"": 0.0, ""learning_rate"": 0.03, ""max_depth"": 5, ""min_child_weight"": 1, ""n_estimators"": 250, ""subsample"": 0.7}",4,3378,0.7957371225577264,0.014574138637921511,1.1785554477828093e+21,2192.578913547333,0.060566013874518876,48.841476244829586
stage2,319,36,0.62,74772,27,"{""atr_period"": 21, ""horizon_h"": 6, ""ma_windows"": [12, 24, 72], ""mtf_intervals"": [""4h"", ""1d""], ""ret_windows"": [1, 3, 6, 12, 24], ""rsi_period"": 21, ""target_threshold"": 0.004, ""vol_windows"": [24, 72]}","{""colsample_bytree"": 1.0, ""gamma"": 0.0, ""learning_rate"": 0.03, ""max_depth"": 5, ""min_child_weight"": 1, ""n_estimators"": 250, ""subsample"": 0.7}",4,3065,0.8117455138662316,0.015222452965590706,9.212873440832541e+19,2192.578913547333,0.0711046803628046,46.30534225453538
stage2,319,36,0.65,74772,27,"{""atr_period"": 21, ""horizon_h"": 6, ""ma_windows"": [12, 24, 72], ""mtf_intervals"": [""4h"", ""1d""], ""ret_windows"": [1, 3, 6, 12, 24], ""rsi_period"": 21, ""target_threshold"": 0.004, ""vol_windows"": [24, 72]}","{""colsample_bytree"": 1.0, ""gamma"": 0.0, ""learning_rate"": 0.03, ""max_depth"": 5, ""min_child_weight"": 1, ""n_estimators"": 250, ""subsample"": 0.7}",4,2608,0.8351226993865031,0.01617223665920622,1.1077847298642515e+18,2192.578913547333,0.0711046803628046,41.910817668817046
stage2,319,32,0.52,74772,27,"{""atr_period"": 21, ""horizon_h"": 6, ""ma_windows"": [12, 24, 72], ""mtf_intervals"": [""4h"", ""1d""], ""ret_windows"": [1, 3, 6, 12, 24], ""rsi_period"": 21, ""target_threshold"": 0.004, ""vol_windows"": [24, 72]}","{""colsample_bytree"": 0.7, ""gamma"": 0.0, ""learning_rate"": 0.03, ""max_depth"": 5, ""min_child_weight"": 1, ""n_estimators"": 250, ""subsample"": 0.7}",4,4729,0.7358849651089026,0.012222899841378037,5.660615599214571e+24,2192.578913547333,0.1441747355019578,57.20997868433719
stage2,319,32,0.55,74772,27,"{""atr_period"": 21, ""horizon_h"": 6, ""ma_windows"": [12, 24, 72], ""mtf_intervals"": [""4h"", ""1d""], ""ret_windows"": [1, 3, 6, 12, 24], ""rsi_period"": 21, ""target_threshold"": 0.004, ""vol_windows"": [24, 72]}","{""colsample_bytree"": 0.7, ""gamma"": 0.0, ""learning_rate"": 0.03, ""max_depth"": 5, ""min_child_weight"": 1, ""n_estimators"": 250, ""subsample"": 0.7}",4,4138,0.7607539874335427,0.013130533721247522,1.8382228738626902e+23,2192.578913547333,0.078234549423993,53.84278659935254
stage2,319,32,0.58,74772,27,"{""atr_period"": 21, ""horizon_h"": 6, ""ma_windows"": [12, 24, 72], ""mtf_intervals"": [""4h"", ""1d""], ""ret_windows"": [1, 3, 6, 12, 24], ""rsi_period"": 21, ""target_threshold"": 0.004, ""vol_windows"": [24, 72]}","{""colsample_bytree"": 0.7, ""gamma"": 0.0, ""learning_rate"": 0.03, ""max_depth"": 5, ""min_child_weight"": 1, ""n_estimators"": 250, ""subsample"": 0.7}",4,3638,0.7822979659153381,0.014022792978632148,6.880430898437038e+21,2192.578913547333,0.07512390979581873,50.58342699510919
stage2,319,32,0.6,74772,27,"{""atr_period"": 21, ""horizon_h"": 6, ""ma_windows"": [12, 24, 72], ""mtf_intervals"": [""4h"", ""1d""], ""ret_windows"": [1, 3, 6, 12, 24], ""rsi_period"": 21, ""target_threshold"": 0.004, ""vol_windows"": [24, 72]}","{""colsample_bytree"": 0.7, ""gamma"": 0.0, ""learning_rate"": 0.03, ""max_depth"": 5, ""min_child_weight"": 1, ""n_estimators"": 250, ""subsample"": 0.7}",4,3329,0.7945328927605888,0.014591011614444854,6.139049771170898e+20,2192.578913547333,0.0752754303728751,48.18108852160532
stage2,319,32,0.62,74772,27,"{""atr_period"": 21, ""horizon_h"": 6, ""ma_windows"": [12, 24, 72], ""mtf_intervals"": [""4h"", ""1d""], ""ret_windows"": [1, 3, 6, 12, 24], ""rsi_period"": 21, ""target_threshold"": 0.004, ""vol_windows"": [24, 72]}","{""colsample_bytree"": 0.7, ""gamma"": 0.0, ""learning_rate"": 0.03, ""max_depth"": 5, ""min_child_weight"": 1, ""n_estimators"": 250, ""subsample"": 0.7}",4,3008,0.8068484042553191,0.015176413942391085,3.4250199753157497e+19,2192.578913547333,0.060566013874518876,45.31683109879915
stage2,319,32,0.65,74772,27,"{""atr_period"": 21, ""horizon_h"": 6, ""ma_windows"": [12, 24, 72], ""mtf_intervals"": [""4h"", ""1d""], ""ret_windows"": [1, 3, 6, 12, 24], ""rsi_period"": 21, ""target_threshold"": 0.004, ""vol_windows"": [24, 72]}","{""colsample_bytree"": 0.7, ""gamma"": 0.0, ""learning_rate"": 0.03, ""max_depth"": 5, ""min_child_weight"": 1, ""n_estimators"": 250, ""subsample"": 0.7}",4,2524,0.8320126782884311,0.01632660557271153,4.249290042575645e+17,2192.578913547333,0.05465259221013519,40.95959519218253
stage2,319,42,0.52,74772,27,"{""atr_period"": 21, ""horizon_h"": 6, ""ma_windows"": [12, 24, 72], ""mtf_intervals"": [""4h"", ""1d""], ""ret_windows"": [1, 3, 6, 12, 24], ""rsi_period"": 21, ""target_threshold"": 0.004, ""vol_windows"": [24, 72]}","{""colsample_bytree"": 0.7, ""gamma"": 0.0, ""learning_rate"": 0.03, ""max_depth"": 5, ""min_child_weight"": 5, ""n_estimators"": 250, ""subsample"": 1.0}",4,4710,0.7371549893842887,0.012242790938306998,4.901756433039139e+24,2192.578913547333,0.14338826691498197,57.06760801402244
stage2,319,42,0.55,74772,27,"{""atr_period"": 21, ""horizon_h"": 6, ""ma_windows"": [12, 24, 72], ""mtf_intervals"": [""4h"", ""1d""], ""ret_windows"": [1, 3, 6, 12, 24], ""rsi_period"": 21, ""target_threshold"": 0.004, ""vol_windows"": [24, 72]}","{""colsample_bytree"": 0.7, ""gamma"": 0.0, ""learning_rate"": 0.03, ""max_depth"": 5, ""min_child_weight"": 5, ""n_estimators"": 250, ""subsample"": 1.0}",4,4115,0.7594167679222357,0.013113449875715036,1.270444508430425e+23,2192.578913547333,0.07123508808221313,53.47564745403604
stage2,319,42,0.58,74772,27,"{""atr_period"": 21, ""horizon_h"": 6, ""ma_windows"": [12, 24, 72], ""mtf_intervals"": [""4h"", ""1d""], ""ret_windows"": [1, 3, 6, 12, 24], ""rsi_period"": 21, ""target_threshold"": 0.004, ""vol_windows"": [24, 72]}","{""colsample_bytree"": 0.7, ""gamma"": 0.0, ""learning_rate"": 0.03, ""max_depth"": 5, ""min_child_weight"": 5, ""n_estimators"": 250, ""subsample"": 1.0}",4,3591,0.7850181008075745,0.014105755612889705,4.807865760483996e+21,2192.578913547333,0.0782345494239931,50.226283480522824
stage2,319,42,0.6,74772,27,"{""atr_period"": 21, ""horizon_h"": 6, ""ma_windows"": [12, 24, 72], ""mtf_intervals"": [""4h"", ""1d""], ""ret_windows"": [1, 3, 6, 12, 24], ""rsi_period"": 21, ""target_threshold"": 0.004, ""vol_windows"": [24, 72]}","{""colsample_bytree"": 0.7, ""gamma"": 0.0, ""learning_rate"": 0.03, ""max_depth"": 5, ""min_child_weight"": 5, ""n_estimators"": 250, ""subsample"": 1.0}",4,3265,0.7981623277182236,0.014740074732464074,3.931136475683466e+20,2192.578913547333,0.07823454942399288,47.73796360884325
stage2,319,42,0.62,74772,27,"{""atr_period"": 21, ""horizon_h"": 6, ""ma_windows"": [12, 24, 72], ""mtf_intervals"": [""4h"", ""1d""], ""ret_windows"": [1, 3, 6, 12, 24], ""rsi_period"": 21, ""target_threshold"": 0.004, ""vol_windows"": [24, 72]}","{""colsample_bytree"": 0.7, ""gamma"": 0.0, ""learning_rate"": 0.03, ""max_depth"": 5, ""min_child_weight"": 5, ""n_estimators"": 250, ""subsample"": 1.0}",4,2937,0.8137555328566565,0.015381607896368771,2.13502509952678e+19,2192.578913547333,0.060566013874518765,44.851369452236
stage2,319,42,0.65,74772,27,"{""atr_period"": 21, ""horizon_h"": 6, ""ma_windows"": [12, 24, 72], ""mtf_intervals"": [""4h"", ""1d""], ""ret_windows"": [1, 3, 6, 12, 24], ""rsi_period"": 21, ""target_threshold"": 0.004, ""vol_windows"": [24, 72]}","{""colsample_bytree"": 0.7, ""gamma"": 0.0, ""learning_rate"": 0.03, ""max_depth"": 5, ""min_child_weight"": 5, ""n_estimators"": 250, ""subsample"": 1.0}",4,2488,0.8380225080385852,0.016495962196397602,3.579777607214296e+17,2192.578913547333,0.060566013874518876,40.79134995555673
stage2,319,44,0.52,74772,27,"{""atr_period"": 21, ""horizon_h"": 6, ""ma_windows"": [12, 24, 72], ""mtf_intervals"": [""4h"", ""1d""], ""ret_windows"": [1, 3, 6, 12, 24], ""rsi_period"": 21, ""target_threshold"": 0.004, ""vol_windows"": [24, 72]}","{""colsample_bytree"": 1.0, ""gamma"": 0.0, ""learning_rate"": 0.03, ""max_depth"": 5, ""min_child_weight"": 1, ""n_estimators"": 250, ""subsample"": 1.0}",4,4764,0.7327875734676742,0.012095690851274555,4.7178809332209193e+24,2192.578913547333,0.11926288044991351,57.03676612117747
stage2,319,44,0.55,74772,27,"{""atr_period"": 21, ""horizon_h"": 6, ""ma_windows"": [12, 24, 72], ""mtf_intervals"": [""4h"", ""1d""], ""ret_windows"": [1, 3, 6, 12, 24], ""rsi_period"": 21, ""target_threshold"": 0.004, ""vol_windows"": [24, 72]}","{""colsample_bytree"": 1.0, ""gamma"": 0.0, ""learning_rate"": 0.03, ""max_depth"": 5, ""min_child_weight"": 1, ""n_estimators"": 250, ""subsample"": 1.0}",4,4152,0.7613198458574181,0.013101557525927737,1.9467910223785444e+23,2192.578913547333,0.08208294766924096,53.89846638941233
stage2,319,44,0.58,74772,27,"{""atr_period"": 21, ""horizon_h"": 6, ""ma_windows"": [12, 24, 72], ""mtf_intervals"": [""4h"", ""1d""], ""ret_windows"": [1, 3, 6, 12, 24], ""rsi_period"": 21, ""target_threshold"": 0.004, ""vol_windows"": [24, 72]}","{""colsample_bytree"": 1.0, ""gamma"": 0.0, ""learning_rate"": 0.03, ""max_depth"": 5, ""min_child_weight"": 1, ""n_estimators"": 250, ""subsample"": 1.0}",4,3649,0.7840504247739106,0.014042039338852919,8.579982120886452e+21,2192.578913547333,0.07123508808221302,50.807677893048734
stage2,319,44,0.6,74772,27,"{""atr_period"": 21, ""horizon_h"": 6, ""ma_windows"": [12, 24, 72], ""mtf_intervals"": [""4h"", ""1d""], ""ret_windows"": [1, 3, 6, 12, 24], ""rsi_period"": 21, ""target_threshold"": 0.004, ""vol_windows"": [24, 72]}","{""colsample_bytree"": 1.0, ""gamma"": 0.0, ""learning_rate"": 0.03, ""max_depth"": 5, ""min_child_weight"": 1, ""n_estimators"": 250, ""subsample"": 1.0}",4,3286,0.8003651856360317,0.014752008239532622,5.56996550296104e+20,2192.578913547333,0.07422883788216605,48.090284515920665
stage2,319,44,0.62,74772,27,"{""atr_period"": 21, ""horizon_h"": 6, ""ma_windows"": [12, 24, 72], ""mtf_intervals"": [""4h"", ""1d""], ""ret_windows"": [1, 3, 6, 12, 24], ""rsi_period"": 21, ""target_threshold"": 0.004, ""vol_windows"": [24, 72]}","{""colsample_bytree"": 1.0, ""gamma"": 0.0, ""learning_rate"": 0.03, ""max_depth"": 5, ""min_child_weight"": 1, ""n_estimators"": 250, ""subsample"": 1.0}",4,2971,0.8162234937731404,0.015424173041618083,4.051633422347681e+19,2192.578913547333,0.07422883788216605,45.487494641266316
stage2,319,44,0.65,74772,27,"{""atr_period"": 21, ""horizon_h"": 6, ""ma_windows"": [12, 24, 72], ""mtf_intervals"": [""4h"", ""1d""], ""ret_windows"": [1, 3, 6, 12, 24], ""rsi_period"": 21, ""target_threshold"": 0.004, ""vol_windows"": [24, 72]}","{""colsample_bytree"": 1.0, ""gamma"": 0.0, ""learning_rate"": 0.03, ""max_depth"": 5, ""min_child_weight"": 1, ""n_estimators"": 250, ""subsample"": 1.0}",4,2540,0.8362204724409449,0.01648232149401396,8.052591050337627e+17,2192.578913547333,0.07110468036280437,41.59522309987096
stage2,319,23,0.52,74772,27,"{""atr_period"": 21, ""horizon_h"": 6, ""ma_windows"": [12, 24, 72], ""mtf_intervals"": [""4h"", ""1d""], ""ret_windows"": [1, 3, 6, 12, 24], ""rsi_period"": 21, ""target_threshold"": 0.004, ""vol_windows"": [24, 72]}","{""colsample_bytree"": 1.0, ""gamma"": 0.2, ""learning_rate"": 0.07, ""max_depth"": 3, ""min_child_weight"": 5, ""n_estimators"": 250, ""subsample"": 0.7}",4,4655,0.7331901181525242,0.012142617840069153,1.5834454932465744e+24,2192.578913547333,0.11966074403483451,55.945508061791756
stage2,319,23,0.55,74772,27,"{""atr_period"": 21, ""horizon_h"": 6, ""ma_windows"": [12, 24, 72], ""mtf_intervals"": [""4h"", ""1d""], ""ret_windows"": [1, 3, 6, 12, 24], ""rsi_period"": 21, ""target_threshold"": 0.004, ""vol_windows"": [24, 72]}","{""colsample_bytree"": 1.0, ""gamma"": 0.2, ""learning_rate"": 0.07, ""max_depth"": 3, ""min_child_weight"": 5, ""n_estimators"": 250, ""subsample"": 0.7}",4,4005,0.7570536828963795,0.013092709870821338,2.790181032595631e+22,2192.578913547333,0.09243897664199896,51.94714366279493
stage2,319,23,0.58,74772,27,"{""atr_period"": 21, ""horizon_h"": 6, ""ma_windows"": [12, 24, 72], ""mtf_intervals"": [""4h"", ""1d""], ""ret_windows"": [1, 3, 6, 12, 24], ""rsi_period"": 21, ""target_threshold"": 0.004, ""vol_windows"": [24, 72]}","{""colsample_bytree"": 1.0, ""gamma"": 0.2, ""learning_rate"": 0.07, ""max_depth"": 3, ""min_child_weight"": 5, ""n_estimators"": 250, ""subsample"": 0.7}",4,3457,0.7772635232860862,0.014048897931321884,6.067802119854562e+20,2192.578913547333,0.07867643503495159,48.14956209495818
stage2,319,23,0.6,74772,27,"{""atr_period"": 21, ""horizon_h"": 6, ""ma_windows"": [12, 24, 72], ""mtf_intervals"": [""4h"", ""1d""], ""ret_windows"": [1, 3, 6, 12, 24], ""rsi_period"": 21, ""target_threshold"": 0.004, ""vol_windows"": [24, 72]}","{""colsample_bytree"": 1.0, ""gamma"": 0.2, ""learning_rate"": 0.07, ""max_depth"": 3, ""min_child_weight"": 5, ""n_estimators"": 250, ""subsample"": 0.7}",4,3115,0.7945425361155698,0.014767004989749399,4.797358363739505e+19,2192.578913547333,0.07110468036280437,45.63539992104902
stage2,319,23,0.62,74772,27,"{""atr_period"": 21, ""horizon_h"": 6, ""ma_windows"": [12, 24, 72], ""mtf_intervals"": [""4h"", ""1d""], ""ret_windows"": [1, 3, 6, 12, 24], ""rsi_period"": 21, ""target_threshold"": 0.004, ""vol_windows"": [24, 72]}","{""colsample_bytree"": 1.0, ""gamma"": 0.2, ""learning_rate"": 0.07, ""max_depth"": 3, ""min_child_weight"": 5, ""n_estimators"": 250, ""subsample"": 0.7}",4,2823,0.8058802692171448,0.015397334974304186,3.918275992055617e+18,2192.578913547333,0.06056601387451899,43.14978332124161
stage2,319,23,0.65,74772,27,"{""atr_period"": 21, ""horizon_h"": 6, ""ma_windows"": [12, 24, 72], ""mtf_intervals"": [""4h"", ""1d""], ""ret_windows"": [1, 3, 6, 12, 24], ""rsi_period"": 21, ""target_threshold"": 0.004, ""vol_windows"": [24, 72]}","{""colsample_bytree"": 1.0, ""gamma"": 0.2, ""learning_rate"": 0.07, ""max_depth"": 3, ""min_child_weight"": 5, ""n_estimators"": 250, ""subsample"": 0.7}",4,2377,0.8241480858224652,0.016375382327234966,4.423245265150721e+16,2192.578913547333,0.060566013874518876,38.68827365780795
stage2,4351,51,0.52,74929,27,"{""atr_period"": 7, ""horizon_h"": 6, ""ma_windows"": [8, 24, 96], ""mtf_intervals"": [""4h"", ""1d""], ""ret_windows"": [1, 2, 4, 8, 24], ""rsi_period"": 14, ""target_threshold"": 0.004, ""vol_windows"": [12, 48]}","{""colsample_bytree"": 0.7, ""gamma"": 0.2, ""learning_rate"": 0.07, ""max_depth"": 5, ""min_child_weight"": 5, ""n_estimators"": 250, ""subsample"": 0.7}",4,5108,0.7231793265465936,0.011550644432705953,1.8583151401408163e+25,2510.2653940139658,0.08706859492261065,58.41171188266016
stage2,4351,51,0.55,74929,27,"{""atr_period"": 7, ""horizon_h"": 6, ""ma_windows"": [8, 24, 96], ""mtf_intervals"": [""4h"", ""1d""], ""ret_windows"": [1, 2, 4, 8, 24], ""rsi_period"": 14, ""target_threshold"": 0.004, ""vol_windows"": [12, 48]}","{""colsample_bytree"": 0.7, ""gamma"": 0.2, ""learning_rate"": 0.07, ""max_depth"": 5, ""min_child_weight"": 5, ""n_estimators"": 250, ""subsample"": 0.7}",4,4540,0.7464757709251101,0.01238992867710147,1.231562553576339e+24,2510.2653940139658,0.07884120533897332,55.72720540725443
stage2,4351,51,0.58,74929,27,"{""atr_period"": 7, ""horizon_h"": 6, ""ma_windows"": [8, 24, 96], ""mtf_intervals"": [""4h"", ""1d""], ""ret_windows"": [1, 2, 4, 8, 24], ""rsi_period"": 14, ""target_threshold"": 0.004, ""vol_windows"": [12, 48]}","{""colsample_bytree"": 0.7, ""gamma"": 0.2, ""learning_rate"": 0.07, ""max_depth"": 5, ""min_child_weight"": 5, ""n_estimators"": 250, ""subsample"": 0.7}",4,4033,0.7711381105876519,0.013289600572133116,8.932852153243643e+22,2510.2653940139658,0.07422883788216605,53.13272065393024
stage2,4351,51,0.6,74929,27,"{""atr_period"": 7, ""horizon_h"": 6, ""ma_windows"": [8, 24, 96], ""mtf_intervals"": [""4h"", ""1d""], ""ret_windows"": [1, 2, 4, 8, 24], ""rsi_period"": 14, ""target_threshold"": 0.004, ""vol_windows"": [12, 48]}","{""colsample_bytree"": 0.7, ""gamma"": 0.2, ""learning_rate"": 0.07, ""max_depth"": 5, ""min_child_weight"": 5, ""n_estimators"": 250, ""subsample"": 0.7}",4,3682,0.7870722433460076,0.013962907397648255,1.0285530120517375e+22,2510.2653940139658,0.07422883788216617,50.989271652642614
stage2,4351,51,0.62,74929,27,"{""atr_period"": 7, ""horizon_h"": 6, ""ma_windows"": [8, 24, 96], ""mtf_intervals"": [""4h"", ""1d""], ""ret_windows"": [1, 2, 4, 8, 24], ""rsi_period"": 14, ""target_threshold"": 0.004, ""vol_windows"": [12, 48]}","{""colsample_bytree"": 0.7, ""gamma"": 0.2, ""learning_rate"": 0.07, ""max_depth"": 5, ""min_child_weight"": 5, ""n_estimators"": 250, ""subsample"": 0.7}",4,3378,0.8016577856719953,0.014526352502564273,1.0126231059754476e+21,2510.2653940139658,0.07422883788216605,48.68725368124814
stage2,4351,51,0.65,74929,27,"{""atr_period"": 7, ""horizon_h"": 6, ""ma_windows"": [8, 24, 96], ""mtf_intervals"": [""4h"", ""1d""], ""ret_windows"": [1, 2, 4, 8, 24], ""rsi_period"": 14, ""target_threshold"": 0.004, ""vol_windows"": [12, 48]}","{""colsample_bytree"": 0.7, ""gamma"": 0.2, ""learning_rate"": 0.07, ""max_depth"": 5, ""min_child_weight"": 5, ""n_estimators"": 250, ""subsample"": 0.7}",4,2966,0.8189480782198246,0.015411384646854298,3.637934609134524e+19,2510.2653940139658,0.07422883788216605,45.38186799323134
stage2,4351,58,0.52,74929,27,"{""atr_period"": 7, ""horizon_h"": 6, ""ma_windows"": [8, 24, 96], ""mtf_intervals"": [""4h"", ""1d""], ""ret_windows"": [1, 2, 4, 8, 24], ""rsi_period"": 14, ""target_threshold"": 0.004, ""vol_windows"": [12, 48]}","{""colsample_bytree"": 0.7, ""gamma"": 0.0, ""learning_rate"": 0.07, ""max_depth"": 5, ""min_child_weight"": 5, ""n_estimators"": 250, ""subsample"": 1.0}",4,5087,0.7214468252408099,0.011680383583263025,2.800445080365972e+25,2510.2653940139658,0.14489499514350945,58.79255871796049
stage2,4351,58,0.55,74929,27,"{""atr_period"": 7, ""horizon_h"": 6, ""ma_windows"": [8, 24, 96], ""mtf_intervals"": [""4h"", ""1d""], ""ret_windows"": [1, 2, 4, 8, 24], ""rsi_period"": 14, ""target_threshold"": 0.004, ""vol_windows"": [12, 48]}","{""colsample_bytree"": 0.7, ""gamma"": 0.0, ""learning_rate"": 0.07, ""max_depth"": 5, ""min_child_weight"": 5, ""n_estimators"": 250, ""subsample"": 1.0}",4,4499,0.7470549010891309,0.01251386012125234,1.2885889136885972e+24,2510.2653940139658,0.12081204377407084,55.75293876611994
stage2,4351,58,0.58,74929,27,"{""atr_period"": 7, ""horizon_h"": 6, ""ma_windows"": [8, 24, 96], ""mtf_intervals"": [""4h"", ""1d""], ""ret_windows"": [1, 2, 4, 8, 24], ""rsi_period"": 14, ""target_threshold"": 0.004, ""vol_windows"": [12, 48]}","{""colsample_bytree"": 0.7, ""gamma"": 0.0, ""learning_rate"": 0.07, ""max_depth"": 5, ""min_child_weight"": 5, ""n_estimators"": 250, ""subsample"": 1.0}",4,3970,0.7727959697732998,0.013412595174177842,6.302603973101366e+22,2510.2653940139658,0.07884120533897332,52.78395185747585
stage2,4351,58,0.6,74929,27,"{""atr_period"": 7, ""horizon_h"": 6, ""ma_windows"": [8, 24, 96], ""mtf_intervals"": [""4h"", ""1d""], ""ret_windows"": [1, 2, 4, 8, 24], ""rsi_period"": 14, ""target_threshold"": 0.004, ""vol_windows"": [12, 48]}","{""colsample_bytree"": 0.7, ""gamma"": 0.0, ""learning_rate"": 0.07, ""max_depth"": 5, ""min_child_weight"": 5, ""n_estimators"": 250, ""subsample"": 1.0}",4,3658,0.7878622197922361,0.01394371905609457,6.848455474734887e+21,2510.2653940139658,0.07422883788216617,50.58303521092565
stage2,4351,58,0.62,74929,27,"{""atr_period"": 7, ""horizon_h"": 6, ""ma_windows"": [8, 24, 96], ""mtf_intervals"": [""4h"", ""1d""], ""ret_windows"": [1, 2, 4, 8, 24], ""rsi_period"": 14, ""target_threshold"": 0.004, ""vol_windows"": [12, 48]}","{""colsample_bytree"": 0.7, ""gamma"": 0.0, ""learning_rate"": 0.07, ""max_depth"": 5, ""min_child_weight"": 5, ""n_estimators"": 250, ""subsample"": 1.0}",4,3345,0.8020926756352765,0.01461347610283308,8.380059512837782e+20,2510.2653940139658,0.07422883788216594,48.49902440651012
stage2,4351,58,0.65,74929,27,"{""atr_period"": 7, ""horizon_h"": 6, ""ma_windows"": [8, 24, 96], ""mtf_intervals"": [""4h"", ""1d""], ""ret_windows"": [1, 2, 4, 8, 24], ""rsi_period"": 14, ""target_threshold"": 0.004, ""vol_windows"": [12, 48]}","{""colsample_bytree"": 0.7, ""gamma"": 0.0, ""learning_rate"": 0.07, ""max_depth"": 5, ""min_child_weight"": 5, ""n_estimators"": 250, ""subsample"": 1.0}",4,2878,0.8193189715079917,0.015602129734699328,1.6349146806510279e+19,2510.2653940139658,0.07422883788216617,44.58386518292936
stage2,4351,50,0.52,74929,27,"{""atr_period"": 7, ""horizon_h"": 6, ""ma_windows"": [8, 24, 96], ""mtf_intervals"": [""4h"", ""1d""], ""ret_windows"": [1, 2, 4, 8, 24], ""rsi_period"": 14, ""target_threshold"": 0.004, ""vol_windows"": [12, 48]}","{""colsample_bytree"": 0.7, ""gamma"": 0.0, ""learning_rate"": 0.07, ""max_depth"": 5, ""min_child_weight"": 5, ""n_estimators"": 250, ""subsample"": 0.7}",4,5113,0.725014668492079,0.011601902877219027,2.546740500901584e+25,2510.2653940139658,0.11129695417982444,58.71662011216332
stage2,4351,50,0.55,74929,27,"{""atr_period"": 7, ""horizon_h"": 6, ""ma_windows"": [8, 24, 96], ""mtf_intervals"": [""4h"", ""1d""], ""ret_windows"": [1, 2, 4, 8, 24], ""rsi_period"": 14, ""target_threshold"": 0.004, ""vol_windows"": [12, 48]}","{""colsample_bytree"": 0.7, ""gamma"": 0.0, ""learning_rate"": 0.07, ""max_depth"": 5, ""min_child_weight"": 5, ""n_estimators"": 250, ""subsample"": 0.7}",4,4535,0.7490628445424476,0.012451476013638874,1.5201183776612565e+24,2510.2653940139658,0.11129695417982444,55.924044050376246
stage2,4351,50,0.58,74929,27,"{""atr_period"": 7, ""horizon_h"": 6, ""ma_windows"": [8, 24, 96], ""mtf_intervals"": [""4h"", ""1d""], ""ret_windows"": [1, 2, 4, 8, 24], ""rsi_period"": 14, ""target_threshold"": 0.004, ""vol_windows"": [12, 48]}","{""colsample_bytree"": 0.7, ""gamma"": 0.0, ""learning_rate"": 0.07, ""max_depth"": 5, ""min_child_weight"": 5, ""n_estimators"": 250, ""subsample"": 0.7}",4,4005,0.7760299625468164,0.01344935337361359,1.1584073150676568e+23,2510.2653940139658,0.07422883788216605,53.397807574380586
stage2,4351,50,0.6,74929,27,"{""atr_period"": 7, ""horizon_h"": 6, ""ma_windows"": [8, 24, 96], ""mtf_intervals"": [""4h"", ""1d""], ""ret_windows"": [1, 2, 4, 8, 24], ""rsi_period"": 14, ""target_threshold"": 0.004, ""vol_windows"": [12, 48]}","{""colsample_bytree"": 0.7, ""gamma"": 0.0, ""learning_rate"": 0.07, ""max_depth"": 5, ""min_child_weight"": 5, ""n_estimators"": 250, ""subsample"": 0.7}",4,3692,0.7906283856988082,0.014035221407475155,1.5314126136735259e+22,2510.2653940139658,0.07422883788216617,51.390732693103956
stage2,4351,50,0.62,74929,27,"{""atr_period"": 7, ""horizon_h"": 6, ""ma_windows"": [8, 24, 96], ""mtf_intervals"": [""4h"", ""1d""], ""ret_windows"": [1, 2, 4, 8, 24], ""rsi_period"": 14, ""target_threshold"": 0.004, ""vol_windows"": [12, 48]}","{""colsample_bytree"": 0.7, ""gamma"": 0.0, ""learning_rate"": 0.07, ""max_depth"": 5, ""min_child_weight"": 5, ""n_estimators"": 250, ""subsample"": 0.7}",4,3388,0.8040141676505312,0.014641729317751971,1.7132872990726905e+21,2510.2653940139658,0.07422883788216594,49.215931624788816
stage2,4351,50,0.65,74929,27,"{""atr_period"": 7, ""horizon_h"": 6, ""ma_windows"": [8, 24, 96], ""mtf_intervals"": [""4h"", ""1d""], ""ret_windows"": [1, 2, 4, 8, 24], ""rsi_period"": 14, ""target_threshold"": 0.004, ""vol_windows"": [12, 48]}","{""colsample_bytree"": 0.7, ""gamma"": 0.0, ""learning_rate"": 0.07, ""max_depth"": 5, ""min_child_weight"": 5, ""n_estimators"": 250, ""subsample"": 0.7}",4,2948,0.8208955223880597,0.01547638215092519,3.3379309357835792e+19,2510.2653940139658,0.07438050509704186,45.297805124183284
stage2,4351,48,0.52,74929,27,"{""atr_period"": 7, ""horizon_h"": 6, ""ma_windows"": [8, 24, 96], ""mtf_intervals"": [""4h"", ""1d""], ""ret_windows"": [1, 2, 4, 8, 24], ""rsi_period"": 14, ""target_threshold"": 0.004, ""vol_windows"": [12, 48]}","{""colsample_bytree"": 0.7, ""gamma"": 0.0, ""learning_rate"": 0.07, ""max_depth"": 5, ""min_child_weight"": 1, ""n_estimators"": 250, ""subsample"": 0.7}",4,5164,0.7195972114639814,0.011443103711638787,2.042103390203805e+25,2510.2653940139658,0.11845351888202871,58.48660351456855
stage2,4351,48,0.55,74929,27,"{""atr_period"": 7, ""horizon_h"": 6, ""ma_windows"": [8, 24, 96], ""mtf_intervals"": [""4h"", ""1d""], ""ret_windows"": [1, 2, 4, 8, 24], ""rsi_period"": 14, ""target_threshold"": 0.004, ""vol_windows"": [12, 48]}","{""colsample_bytree"": 0.7, ""gamma"": 0.0, ""learning_rate"": 0.07, ""max_depth"": 5, ""min_child_weight"": 1, ""n_estimators"": 250, ""subsample"": 0.7}",4,4601,0.7409258856770268,0.012251951464326397,1.3884053893365223e+24,2510.2653940139658,0.07884120533897343,55.841533836130445
stage2,4351,48,0.58,74929,27,"{""atr_period"": 7, ""horizon_h"": 6, ""ma_windows"": [8, 24, 96], ""mtf_intervals"": [""4h"", ""1d""], ""ret_windows"": [1, 2, 4, 8, 24], ""rsi_period"": 14, ""target_threshold"": 0.004, ""vol_windows"": [12, 48]}","{""colsample_bytree"": 0.7, ""gamma"": 0.0, ""learning_rate"": 0.07, ""max_depth"": 5, ""min_child_weight"": 1, ""n_estimators"": 250, ""subsample"": 0.7}",4,4085,0.7667074663402693,0.013113660503310804,8.68467167170073e+22,2510.2653940139658,0.07555929230209912,53.098927251730736
stage2,4351,48,0.6,74929,27,"{""atr_period"": 7, ""horizon_h"": 6, ""ma_windows"": [8, 24, 96], ""mtf_intervals"": [""4h"", ""1d""], ""ret_windows"": [1, 2, 4, 8, 24], ""rsi_period"": 14, ""target_threshold"": 0.004, ""vol_windows"": [12, 48]}","{""colsample_bytree"": 0.7, ""gamma"": 0.0, ""learning_rate"": 0.07, ""max_depth"": 5, ""min_child_weight"": 1, ""n_estimators"": 250, ""subsample"": 0.7}",4,3760,0.7803191489361702,0.013712920843657503,1.1893008321412728e+22,2510.2653940139658,0.07422883788216594,51.1270819112669
stage2,4351,48,0.62,74929,27,"{""atr_period"": 7, ""horizon_h"": 6, ""ma_windows"": [8, 24, 96], ""mtf_intervals"": [""4h"", ""1d""], ""ret_windows"": [1, 2, 4, 8, 24], ""rsi_period"": 14, ""target_threshold"": 0.004, ""vol_windows"": [12, 48]}","{""colsample_bytree"": 0.7, ""gamma"": 0.0, ""learning_rate"": 0.07, ""max_depth"": 5, ""min_child_weight"": 1, ""n_estimators"": 250, ""subsample"": 0.7}",4,3454,0.7912565141864505,0.014220954515252774,1.0615801848564074e+21,2510.2653940139658,0.07422883788216594,48.723703919909156
stage2,4351,48,0.65,74929,27,"{""atr_period"": 7, ""horizon_h"": 6, ""ma_windows"": [8, 24, 96], ""mtf_intervals"": [""4h"", ""1d""], ""ret_windows"": [1, 2, 4, 8, 24], ""rsi_period"": 14, ""target_threshold"": 0.004, ""vol_windows"": [12, 48]}","{""colsample_bytree"": 0.7, ""gamma"": 0.0, ""learning_rate"": 0.07, ""max_depth"": 5, ""min_child_weight"": 1, ""n_estimators"": 250, ""subsample"": 0.7}",4,2984,0.8166890080428955,0.015292297553843887,3.364979591537355e+19,2510.2653940139658,0.07438050509704175,45.301037999359686
stage2,4351,57,0.52,74929,27,"{""atr_period"": 7, ""horizon_h"": 6, ""ma_windows"": [8, 24, 96], ""mtf_intervals"": [""4h"", ""1d""], ""ret_windows"": [1, 2, 4, 8, 24], ""rsi_period"": 14, ""target_threshold"": 0.004, ""vol_windows"": [12, 48]}","{""colsample_bytree"": 0.7, ""gamma"": 0.2, ""learning_rate"": 0.07, ""max_depth"": 5, ""min_child_weight"": 1, ""n_estimators"": 250, ""subsample"": 1.0}",4,5086,0.7209988202909949,0.011588449588130522,1.7458055143926734e+25,2510.2653940139658,0.1184535188820286,58.33212328032441
stage2,4351,57,0.55,74929,27,"{""atr_period"": 7, ""horizon_h"": 6, ""ma_windows"": [8, 24, 96], ""mtf_intervals"": [""4h"", ""1d""], ""ret_windows"": [1, 2, 4, 8, 24], ""rsi_period"": 14, ""target_threshold"": 0.004, ""vol_windows"": [12, 48]}","{""colsample_bytree"": 0.7, ""gamma"": 0.2, ""learning_rate"": 0.07, ""max_depth"": 5, ""min_child_weight"": 1, ""n_estimators"": 250, ""subsample"": 1.0}",4,4507,0.742622587086754,0.012441603398656794,1.03003066167558e+24,2510.2653940139658,0.11089965184276795,55.52981187320991
stage2,4351,57,0.58,74929,27,"{""atr_period"": 7, ""horizon_h"": 6, ""ma_windows"": [8, 24, 96], ""mtf_intervals"": [""4h"", ""1d""], ""ret_windows"": [1, 2, 4, 8, 24], ""rsi_period"": 14, ""target_threshold"": 0.004, ""vol_windows"": [12, 48]}","{""colsample_bytree"": 0.7, ""gamma"": 0.2, ""learning_rate"": 0.07, ""max_depth"": 5, ""min_child_weight"": 1, ""n_estimators"": 250, ""subsample"": 1.0}",4,3958,0.7748863062152602,0.013482431147681242,7.069378870147175e+22,2510.2653940139658,0.07736229910097503,52.90173201222805
stage2,4351,57,0.6,74929,27,"{""atr_period"": 7, ""horizon_h"": 6, ""ma_windows"": [8, 24, 96], ""mtf_intervals"": [""4h"", ""1d""], ""ret_windows"": [1, 2, 4, 8, 24], ""rsi_period"": 14, ""target_threshold"": 0.004, ""vol_windows"": [12, 48]}","{""colsample_bytree"": 0.7, ""gamma"": 0.2, ""learning_rate"": 0.07, ""max_depth"": 5, ""min_child_weight"": 1, ""n_estimators"": 250, ""subsample"": 1.0}",4,3665,0.7879945429740791,0.014009073818352844,9.590221635979064e+21,2510.2653940139658,0.07736229910097492,50.918818028034124
stage2,4351,57,0.62,74929,27,"{""atr_period"": 7, ""horizon_h"": 6, ""ma_windows"": [8, 24, 96], ""mtf_intervals"": [""4h"", ""1d""], ""ret_windows"": [1, 2, 4, 8, 24], ""rsi_period"": 14, ""target_threshold"": 0.004, ""vol_windows"": [12, 48]}","{""colsample_bytree"": 0.7, ""gamma"": 0.2, ""learning_rate"": 0.07, ""max_depth"": 5, ""min_child_weight"": 1, ""n_estimators"": 250, ""subsample"": 1.0}",4,3351,0.8039391226499553,0.014646637595647856,1.0183126161568601e+21,2510.2653940139658,0.07422883788216605,48.69564389236805
stage2,4351,57,0.65,74929,27,"{""atr_period"": 7, ""horizon_h"": 6, ""ma_windows"": [8, 24, 96], ""mtf_intervals"": [""4h"", ""1d""], ""ret_windows"": [1, 2, 4, 8, 24], ""rsi_period"": 14, ""target_threshold"": 0.004, ""vol_windows"": [12, 48]}","{""colsample_bytree"": 0.7, ""gamma"": 0.2, ""learning_rate"": 0.07, ""max_depth"": 5, ""min_child_weight"": 1, ""n_estimators"": 250, ""subsample"": 1.0}",4,2884,0.8276699029126213,0.01567477421367211,2.206569532633036e+19,2510.2653940139658,0.07422883788216617,44.89097552585299
stage2,4351,61,0.52,74929,27,"{""atr_period"": 7, ""horizon_h"": 6, ""ma_windows"": [8, 24, 96], ""mtf_intervals"": [""4h"", ""1d""], ""ret_windows"": [1, 2, 4, 8, 24], ""rsi_period"": 14, ""target_threshold"": 0.004, ""vol_windows"": [12, 48]}","{""colsample_bytree"": 1.0, ""gamma"": 0.2, ""learning_rate"": 0.07, ""max_depth"": 5, ""min_child_weight"": 1, ""n_estimators"": 250, ""subsample"": 1.0}",4,5125,0.7201951219512195,0.011577454430727677,2.569377813153953e+25,2510.2653940139658,0.12472793074441957,58.71470286603384
stage2,4351,61,0.55,74929,27,"{""atr_period"": 7, ""horizon_h"": 6, ""ma_windows"": [8, 24, 96], ""mtf_intervals"": [""4h"", ""1d""], ""ret_windows"": [1, 2, 4, 8, 24], ""rsi_period"": 14, ""target_threshold"": 0.004, ""vol_windows"": [12, 48]}","{""colsample_bytree"": 1.0, ""gamma"": 0.2, ""learning_rate"": 0.07, ""max_depth"": 5, ""min_child_weight"": 1, ""n_estimators"": 250, ""subsample"": 1.0}",4,4528,0.7440371024734982,0.01245411555667763,1.4005521588717855e+24,2510.2653940139658,0.12081204377407095,55.833365374462716
stage2,4351,61,0.58,74929,27,"{""atr_period"": 7, ""horizon_h"": 6, ""ma_windows"": [8, 24, 96], ""mtf_intervals"": [""4h"", ""1d""], ""ret_windows"": [1, 2, 4, 8, 24], ""rsi_period"": 14, ""target_threshold"": 0.004, ""vol_windows"": [12, 48]}","{""colsample_bytree"": 1.0, ""gamma"": 0.2, ""learning_rate"": 0.07, ""max_depth"": 5, ""min_child_weight"": 1, ""n_estimators"": 250, ""subsample"": 1.0}",4,4006,0.7683474787818273,0.013369027929330207,8.481306070188568e+22,2510.2653940139658,0.12145593429891399,53.055638740834866
stage2,4351,61,0.6,74929,27,"{""atr_period"": 7, ""horizon_h"": 6, ""ma_windows"": [8, 24, 96], ""mtf_intervals"": [""4h"", ""1d""], ""ret_windows"": [1, 2, 4, 8, 24], ""rsi_period"": 14, ""target_threshold"": 0.004, ""vol_windows"": [12, 48]}","{""colsample_bytree"": 1.0, ""gamma"": 0.2, ""learning_rate"": 0.07, ""max_depth"": 5, ""min_child_weight"": 1, ""n_estimators"": 250, ""subsample"": 1.0}",4,3678,0.7849374660141382,0.014026926189372632,1.2174417262428125e+22,2510.2653940139658,0.07422883788216617,51.156674720627734
stage2,4351,61,0.62,74929,27,"{""atr_period"": 7, ""horizon_h"": 6, ""ma_windows"": [8, 24, 96], ""mtf_intervals"": [""4h"", ""1d""], ""ret_windows"": [1, 2, 4, 8, 24], ""rsi_period"": 14, ""target_threshold"": 0.004, ""vol_windows"": [12, 48]}","{""colsample_bytree"": 1.0, ""gamma"": 0.2, ""learning_rate"": 0.07, ""max_depth"": 5, ""min_child_weight"": 1, ""n_estimators"": 250, ""subsample"": 1.0}",4,3380,0.7985207100591716,0.014634987872315623,1.4872465890990437e+21,2510.2653940139658,0.07438050509704175,49.069919655007446
stage2,4351,61,0.65,74929,27,"{""atr_period"": 7, ""horizon_h"": 6, ""ma_windows"": [8, 24, 96], ""mtf_intervals"": [""4h"", ""1d""], ""ret_windows"": [1, 2, 4, 8, 24], ""rsi_period"": 14, ""target_threshold"": 0.004, ""vol_windows"": [12, 48]}","{""colsample_bytree"": 1.0, ""gamma"": 0.2, ""learning_rate"": 0.07, ""max_depth"": 5, ""min_child_weight"": 1, ""n_estimators"": 250, ""subsample"": 1.0}",4,2926,0.8192071086807929,0.01560992827811232,3.4913981239601443e+19,2510.2653940139658,0.07438050509704164,45.34247389208459
stage2,4351,38,0.52,74929,27,"{""atr_period"": 7, ""horizon_h"": 6, ""ma_windows"": [8, 24, 96], ""mtf_intervals"": [""4h"", ""1d""], ""ret_windows"": [1, 2, 4, 8, 24], ""rsi_period"": 14, ""target_threshold"": 0.004, ""vol_windows"": [12, 48]}","{""colsample_bytree"": 1.0, ""gamma"": 0.0, ""learning_rate"": 0.03, ""max_depth"": 5, ""min_child_weight"": 5, ""n_estimators"": 250, ""subsample"": 0.7}",4,4822,0.7295727913728743,0.012027403712003575,6.864044553541274e+24,2510.2653940139658,0.14489499514350945,57.3957690501448
stage2,4351,38,0.55,74929,27,"{""atr_period"": 7, ""horizon_h"": 6, ""ma_windows"": [8, 24, 96], ""mtf_intervals"": [""4h"", ""1d""], ""ret_windows"": [1, 2, 4, 8, 24], ""rsi_period"": 14, ""target_threshold"": 0.004, ""vol_windows"": [12, 48]}","{""colsample_bytree"": 1.0, ""gamma"": 0.0, ""learning_rate"": 0.03, ""max_depth"": 5, ""min_child_weight"": 5, ""n_estimators"": 250, ""subsample"": 0.7}",4,4218,0.7577050734945472,0.012997142574741874,2.9724803981997494e+23,2510.2653940139658,0.09220607331092212,54.3128920567803
stage2,4351,38,0.58,74929,27,"{""atr_period"": 7, ""horizon_h"": 6, ""ma_windows"": [8, 24, 96], ""mtf_intervals"": [""4h"", ""1d""], ""ret_windows"": [1, 2, 4, 8, 24], ""rsi_period"": 14, ""target_threshold"": 0.004, ""vol_windows"": [12, 48]}","{""colsample_bytree"": 1.0, ""gamma"": 0.0, ""learning_rate"": 0.03, ""max_depth"": 5, ""min_child_weight"": 5, ""n_estimators"": 250, ""subsample"": 0.7}",4,3684,0.7817589576547231,0.013966866800225798,1.0648383790240766e+22,2510.2653940139658,0.07438050509704186,51.019646924706336
stage2,4351,38,0.6,74929,27,"{""atr_period"": 7, ""horizon_h"": 6, ""ma_windows"": [8, 24, 96], ""mtf_intervals"": [""4h"", ""1d""], ""ret_windows"": [1, 2, 4, 8, 24], ""rsi_period"": 14, ""target_threshold"": 0.004, ""vol_windows"": [12, 48]}","{""colsample_bytree"": 1.0, ""gamma"": 0.0, ""learning_rate"": 0.03, ""max_depth"": 5, ""min_child_weight"": 5, ""n_estimators"": 250, ""subsample"": 0.7}",4,3351,0.7985675917636527,0.014675935269410195,1.121478315490724e+21,2510.2653940139658,0.07438050509704197,48.788005995410295
stage2,4351,38,0.62,74929,27,"{""atr_period"": 7, ""horizon_h"": 6, ""ma_windows"": [8, 24, 96], ""mtf_intervals"": [""4h"", ""1d""], ""ret_windows"": [1, 2, 4, 8, 24], ""rsi_period"": 14, ""target_threshold"": 0.004, ""vol_windows"": [12, 48]}","{""colsample_bytree"": 1.0, ""gamma"": 0.0, ""learning_rate"": 0.03, ""max_depth"": 5, ""min_child_weight"": 5, ""n_estimators"": 250, ""subsample"": 0.7}",4,3024,0.8151455026455027,0.015416908223870873,8.903932116659811e+19,2510.2653940139658,0.07438050509704175,46.27387117227479
stage2,4351,38,0.65,74929,27,"{""atr_period"": 7, ""horizon_h"": 6, ""ma_windows"": [8, 24, 96], ""mtf_intervals"": [""4h"", ""1d""], ""ret_windows"": [1, 2, 4, 8, 24], ""rsi_period"": 14, ""target_threshold"": 0.004, ""vol_windows"": [12, 48]}","{""colsample_bytree"": 1.0, ""gamma"": 0.0, ""learning_rate"": 0.03, ""max_depth"": 5, ""min_child_weight"": 5, ""n_estimators"": 250, ""subsample"": 0.7}",4,2588,0.8353941267387944,0.01644570948671869,1.609779595092897e+18,2510.2653940139658,0.07438050509704186,42.28531967079631
stage2,4351,36,0.52,74929,27,"{""atr_period"": 7, ""horizon_h"": 6, ""ma_windows"": [8, 24, 96], ""mtf_intervals"": [""4h"", ""1d""], ""ret_windows"": [1, 2, 4, 8, 24], ""rsi_period"": 14, ""target_threshold"": 0.004, ""vol_windows"": [12, 48]}","{""colsample_bytree"": 1.0, ""gamma"": 0.0, ""learning_rate"": 0.03, ""max_depth"": 5, ""min_child_weight"": 1, ""n_estimators"": 250, ""subsample"": 0.7}",4,4838,0.7317073170731707,0.012066992420032634,1.0022818345541935e+25,2510.2653940139658,0.14489499514350934,57.77636085542148
stage2,4351,36,0.55,74929,27,"{""atr_period"": 7, ""horizon_h"": 6, ""ma_windows"": [8, 24, 96], ""mtf_intervals"": [""4h"", ""1d""], ""ret_windows"": [1, 2, 4, 8, 24], ""rsi_period"": 14, ""target_threshold"": 0.004, ""vol_windows"": [12, 48]}","{""colsample_bytree"": 1.0, ""gamma"": 0.0, ""learning_rate"": 0.03, ""max_depth"": 5, ""min_child_weight"": 1, ""n_estimators"": 250, ""subsample"": 0.7}",4,4210,0.7593824228028504,0.013028916419971412,3.0734279666933095e+23,2510.2653940139658,0.07513307193929752,54.35642141268751
stage2,4351,36,0.58,74929,27,"{""atr_period"": 7, ""horizon_h"": 6, ""ma_windows"": [8, 24, 96], ""mtf_intervals"": [""4h"", ""1d""], ""ret_windows"": [1, 2, 4, 8, 24], ""rsi_period"": 14, ""target_threshold"": 0.004, ""vol_windows"": [12, 48]}","{""colsample_bytree"": 1.0, ""gamma"": 0.0, ""learning_rate"": 0.03, ""max_depth"": 5, ""min_child_weight"": 1, ""n_estimators"": 250, ""subsample"": 0.7}",4,3696,0.7792207792207793,0.013926487805289512,1.0824032426423975e+22,2510.2653940139658,0.07438050509704175,51.03365411279873
stage2,4351,36,0.6,74929,27,"{""atr_period"": 7, ""horizon_h"": 6, ""ma_windows"": [8, 24, 96], ""mtf_intervals"": [""4h"", ""1d""], ""ret_windows"": [1, 2, 4, 8, 24], ""rsi_period"": 14, ""target_threshold"": 0.004, ""vol_windows"": [12, 48]}","{""colsample_bytree"": 1.0, ""gamma"": 0.0, ""learning_rate"": 0.03, ""max_depth"": 5, ""min_child_weight"": 1, ""n_estimators"": 250, ""subsample"": 0.7}",4,3357,0.7935656836461126,0.01458924049534423,9.155876651462611e+20,2510.2653940139658,0.07438050509704175,48.580474008331166
stage2,4351,36,0.62,74929,27,"{""atr_period"": 7, ""horizon_h"": 6, ""ma_windows"": [8, 24, 96], ""mtf_intervals"": [""4h"", ""1d""], ""ret_windows"": [1, 2, 4, 8, 24], ""rsi_period"": 14, ""target_threshold"": 0.004, ""vol_windows"": [12, 48]}","{""colsample_bytree"": 1.0, ""gamma"": 0.0, ""learning_rate"": 0.03, ""max_depth"": 5, ""min_child_weight"": 1, ""n_estimators"": 250, ""subsample"": 0.7}",4,3039,0.8107930240210596,0.015326142049794416,8.520943032556324e+19,2510.2653940139658,0.07422883788216617,46.225772922849465
stage2,4351,36,0.65,74929,27,"{""atr_period"": 7, ""horizon_h"": 6, ""ma_windows"": [8, 24, 96], ""mtf_intervals"": [""4h"", ""1d""], ""ret_windows"": [1, 2, 4, 8, 24], ""rsi_period"": 14, ""target_threshold"": 0.004, ""vol_windows"": [12, 48]}","{""colsample_bytree"": 1.0, ""gamma"": 0.0, ""learning_rate"": 0.03, ""max_depth"": 5, ""min_child_weight"": 1, ""n_estimators"": 250, ""subsample"": 0.7}",4,2604,0.836405529953917,0.016393708857500182,1.828972495207063e+18,2510.2653940139658,0.07422883788216605,42.413445680911465
stage2,4351,32,0.52,74929,27,"{""atr_period"": 7, ""horizon_h"": 6, ""ma_windows"": [8, 24, 96], ""mtf_intervals"": [""4h"", ""1d""], ""ret_windows"": [1, 2, 4, 8, 24], ""rsi_period"": 14, ""target_threshold"": 0.004, ""vol_windows"": [12, 48]}","{""colsample_bytree"": 0.7, ""gamma"": 0.0, ""learning_rate"": 0.03, ""max_depth"": 5, ""min_child_weight"": 1, ""n_estimators"": 250, ""subsample"": 0.7}",4,4776,0.7313651591289783,0.012092965297729973,5.423388663205513e+24,2510.2653940139658,0.1008818191289984,57.18415800667751
stage2,4351,32,0.55,74929,27,"{""atr_period"": 7, ""horizon_h"": 6, ""ma_windows"": [8, 24, 96], ""mtf_intervals"": [""4h"", ""1d""], ""ret_windows"": [1, 2, 4, 8, 24], ""rsi_period"": 14, ""target_threshold"": 0.004, ""vol_windows"": [12, 48]}","{""colsample_bytree"": 0.7, ""gamma"": 0.0, ""learning_rate"": 0.03, ""max_depth"": 5, ""min_child_weight"": 1, ""n_estimators"": 250, ""subsample"": 0.7}",4,4163,0.7578669228921451,0.013054620132109562,1.8616576201802936e+23,2510.2653940139658,0.0960292972467397,53.84364027410342
stage2,4351,32,0.58,74929,27,"{""atr_period"": 7, ""horizon_h"": 6, ""ma_windows"": [8, 24, 96], ""mtf_intervals"": [""4h"", ""1d""], ""ret_windows"": [1, 2, 4, 8, 24], ""rsi_period"": 14, ""target_threshold"": 0.004, ""vol_windows"": [12, 48]}","{""colsample_bytree"": 0.7, ""gamma"": 0.0, ""learning_rate"": 0.03, ""max_depth"": 5, ""min_child_weight"": 1, ""n_estimators"": 250, ""subsample"": 0.7}",4,3631,0.7799504268796474,0.013954789780559739,4.898172841460167e+21,2510.2653940139658,0.07470976891539172,50.24139297424354
stage2,4351,32,0.6,74929,27,"{""atr_period"": 7, ""horizon_h"": 6, ""ma_windows"": [8, 24, 96], ""mtf_intervals"": [""4h"", ""1d""], ""ret_windows"": [1, 2, 4, 8, 24], ""rsi_period"": 14, ""target_threshold"": 0.004, ""vol_windows"": [12, 48]}","{""colsample_bytree"": 0.7, ""gamma"": 0.0, ""learning_rate"": 0.03, ""max_depth"": 5, ""min_child_weight"": 1, ""n_estimators"": 250, ""subsample"": 0.7}",4,3286,0.7933657942787584,0.014653837017170018,4.0572392065736e+20,2510.2653940139658,0.07438050509704197,47.766937682821755
stage2,4351,32,0.62,74929,27,"{""atr_period"": 7, ""horizon_h"": 6, ""ma_windows"": [8, 24, 96], ""mtf_intervals"": [""4h"", ""1d""], ""ret_windows"": [1, 2, 4, 8, 24], ""rsi_period"": 14, ""target_threshold"": 0.004, ""vol_windows"": [12, 48]}","{""colsample_bytree"": 0.7, ""gamma"": 0.0, ""learning_rate"": 0.03, ""max_depth"": 5, ""min_child_weight"": 1, ""n_estimators"": 250, ""subsample"": 0.7}",4,2973,0.8126471577531114,0.015309763115922958,3.0070760586296066e+19,2510.2653940139658,0.07438050509704186,45.185490543012264
stage2,4351,32,0.65,74929,27,"{""atr_period"": 7, ""horizon_h"": 6, ""ma_windows"": [8, 24, 96], ""mtf_intervals"": [""4h"", ""1d""], ""ret_windows"": [1, 2, 4, 8, 24], ""rsi_period"": 14, ""target_threshold"": 0.004, ""vol_windows"": [12, 48]}","{""colsample_bytree"": 0.7, ""gamma"": 0.0, ""learning_rate"": 0.03, ""max_depth"": 5, ""min_child_weight"": 1, ""n_estimators"": 250, ""subsample"": 0.7}",4,2510,0.8370517928286852,0.01644706900962131,4.5676741599460595e+17,2510.2653940139658,0.07422883788216617,41.027054287097094
stage2,4351,42,0.52,74929,27,"{""atr_period"": 7, ""horizon_h"": 6, ""ma_windows"": [8, 24, 96], ""mtf_intervals"": [""4h"", ""1d""], ""ret_windows"": [1, 2, 4, 8, 24], ""rsi_period"": 14, ""target_threshold"": 0.004, ""vol_windows"": [12, 48]}","{""colsample_bytree"": 0.7, ""gamma"": 0.0, ""learning_rate"": 0.03, ""max_depth"": 5, ""min_child_weight"": 5, ""n_estimators"": 250, ""subsample"": 1.0}",4,4767,0.7327459618208517,0.0121331357992376,5.873964831382716e+24,2510.2653940139658,0.12982661290125297,57.250920626848846
stage2,4351,42,0.55,74929,27,"{""atr_period"": 7, ""horizon_h"": 6, ""ma_windows"": [8, 24, 96], ""mtf_intervals"": [""4h"", ""1d""], ""ret_windows"": [1, 2, 4, 8, 24], ""rsi_period"": 14, ""target_threshold"": 0.004, ""vol_windows"": [12, 48]}","{""colsample_bytree"": 0.7, ""gamma"": 0.0, ""learning_rate"": 0.03, ""max_depth"": 5, ""min_child_weight"": 5, ""n_estimators"": 250, ""subsample"": 1.0}",4,4158,0.7609427609427609,0.013071671403478261,1.8707254077588705e+23,2510.2653940139658,0.10246331362828776,53.84787933626411
stage2,4351,42,0.58,74929,27,"{""atr_period"": 7, ""horizon_h"": 6, ""ma_windows"": [8, 24, 96], ""mtf_intervals"": [""4h"", ""1d""], ""ret_windows"": [1, 2, 4, 8, 24], ""rsi_period"": 14, ""target_threshold"": 0.004, ""vol_windows"": [12, 48]}","{""colsample_bytree"": 0.7, ""gamma"": 0.0, ""learning_rate"": 0.03, ""max_depth"": 5, ""min_child_weight"": 5, ""n_estimators"": 250, ""subsample"": 1.0}",4,3607,0.7840310507346826,0.013987787732587721,3.9555466155032235e+21,2510.2653940139658,0.07555929230209901,50.030753249565976
stage2,4351,42,0.6,74929,27,"{""atr_period"": 7, ""horizon_h"": 6, ""ma_windows"": [8, 24, 96], ""mtf_intervals"": [""4h"", ""1d""], ""ret_windows"": [1, 2, 4, 8, 24], ""rsi_period"": 14, ""target_threshold"": 0.004, ""vol_windows"": [12, 48]}","{""colsample_bytree"": 0.7, ""gamma"": 0.0, ""learning_rate"": 0.03, ""max_depth"": 5, ""min_child_weight"": 5, ""n_estimators"": 250, ""subsample"": 1.0}",4,3272,0.7979828850855746,0.014685894702279574,3.667988614770142e+20,2510.2653940139658,0.07555929230209901,47.66943912987197
stage2,4351,42,0.62,74929,27,"{""atr_period"": 7, ""horizon_h"": 6, ""ma_windows"": [8, 24, 96], ""mtf_intervals"": [""4h"", ""1d""], ""ret_windows"": [1, 2, 4, 8, 24], ""rsi_period"": 14, ""target_threshold"": 0.004, ""vol_windows"": [12, 48]}","{""colsample_bytree"": 0.7, ""gamma"": 0.0, ""learning_rate"": 0.03, ""max_depth"": 5, ""min_child_weight"": 5, ""n_estimators"": 250, ""subsample"": 1.0}",4,2942,0.8127124405166554,0.015416248554480795,2.5502373513855156e+19,2510.2653940139658,0.07438050509704186,45.02161288900099
stage2,4351,42,0.65,74929,27,"{""atr_period"": 7, ""horizon_h"": 6, ""ma_windows"": [8, 24, 96], ""mtf_intervals"": [""4h"", ""1d""], ""ret_windows"": [1, 2, 4, 8, 24], ""rsi_period"": 14, ""target_threshold"": 0.004, ""vol_windows"": [12, 48]}","{""colsample_bytree"": 0.7, ""gamma"": 0.0, ""learning_rate"": 0.03, ""max_depth"": 5, ""min_child_weight"": 5, ""n_estimators"": 250, ""subsample"": 1.0}",4,2501,0.8360655737704918,0.016571359333094293,5.3580413123829536e+17,2510.2653940139658,0.07438050509704175,41.18677814353525
stage2,4351,44,0.52,74929,27,"{""atr_period"": 7, ""horizon_h"": 6, ""ma_windows"": [8, 24, 96], ""mtf_intervals"": [""4h"", ""1d""], ""ret_windows"": [1, 2, 4, 8, 24], ""rsi_period"": 14, ""target_threshold"": 0.004, ""vol_windows"": [12, 48]}","{""colsample_bytree"": 1.0, ""gamma"": 0.0, ""learning_rate"": 0.03, ""max_depth"": 5, ""min_child_weight"": 1, ""n_estimators"": 250, ""subsample"": 1.0}",4,4780,0.7313807531380753,0.012054608300192695,4.732095521132208e+24,2510.2653940139658,0.0960292972467397,57.049937184265275
stage2,4351,44,0.55,74929,27,"{""atr_period"": 7, ""horizon_h"": 6, ""ma_windows"": [8, 24, 96], ""mtf_intervals"": [""4h"", ""1d""], ""ret_windows"": [1, 2, 4, 8, 24], ""rsi_period"": 14, ""target_threshold"": 0.004, ""vol_windows"": [12, 48]}","{""colsample_bytree"": 1.0, ""gamma"": 0.0, ""learning_rate"": 0.03, ""max_depth"": 5, ""min_child_weight"": 1, ""n_estimators"": 250, ""subsample"": 1.0}",4,4196,0.7597712106768351,0.013003769207756382,2.3068704396121314e+23,2510.2653940139658,0.07513307193929752,54.069629543028874
stage2,4351,44,0.58,74929,27,"{""atr_period"": 7, ""horizon_h"": 6, ""ma_windows"": [8, 24, 96], ""mtf_intervals"": [""4h"", ""1d""], ""ret_windows"": [1, 2, 4, 8, 24], ""rsi_period"": 14, ""target_threshold"": 0.004, ""vol_windows"": [12, 48]}","{""colsample_bytree"": 1.0, ""gamma"": 0.0, ""learning_rate"": 0.03, ""max_depth"": 5, ""min_child_weight"": 1, ""n_estimators"": 250, ""subsample"": 1.0}",4,3637,0.7811383007973605,0.013938551653236705,5.033523862348084e+21,2510.2653940139658,0.07555929230209912,50.26904666847067
stage2,4351,44,0.6,74929,27,"{""atr_period"": 7, ""horizon_h"": 6, ""ma_windows"": [8, 24, 96], ""mtf_intervals"": [""4h"", ""1d""], ""ret_windows"": [1, 2, 4, 8, 24], ""rsi_period"": 14, ""target_threshold"": 0.004, ""vol_windows"": [12, 48]}","{""colsample_bytree"": 1.0, ""gamma"": 0.0, ""learning_rate"": 0.03, ""max_depth"": 5, ""min_child_weight"": 1, ""n_estimators"": 250, ""subsample"": 1.0}",4,3293,0.7941087154570301,0.014551035291483156,3.218613026811265e+20,2510.2653940139658,0.07438050509704186,47.53515739177723
stage2,4351,44,0.62,74929,27,"{""atr_period"": 7, ""horizon_h"": 6, ""ma_windows"": [8, 24, 96], ""mtf_intervals"": [""4h"", ""1d""], ""ret_windows"": [1, 2, 4, 8, 24], ""rsi_period"": 14, ""target_threshold"": 0.004, ""vol_windows"": [12, 48]}","{""colsample_bytree"": 1.0, ""gamma"": 0.0, ""learning_rate"": 0.03, ""max_depth"": 5, ""min_child_weight"": 1, ""n_estimators"": 250, ""subsample"": 1.0}",4,2971,0.8105015146415349,0.01531032478971299,2.9046995524962316e+19,2510.2653940139658,0.07422883788216617,45.14921611866214
stage2,4351,44,0.65,74929,27,"{""atr_period"": 7, ""horizon_h"": 6, ""ma_windows"": [8, 24, 96], ""mtf_intervals"": [""4h"", ""1d""], ""ret_windows"": [1, 2, 4, 8, 24], ""rsi_period"": 14, ""target_threshold"": 0.004, ""vol_windows"": [12, 48]}","{""colsample_bytree"": 1.0, ""gamma"": 0.0, ""learning_rate"": 0.03, ""max_depth"": 5, ""min_child_weight"": 1, ""n_estimators"": 250, ""subsample"": 1.0}",4,2518,0.8391580619539317,0.016564324422075043,6.924781525537375e+17,2510.2653940139658,0.07422883788216617,41.44577970981431
stage2,4351,23,0.52,74929,27,"{""atr_period"": 7, ""horizon_h"": 6, ""ma_windows"": [8, 24, 96], ""mtf_intervals"": [""4h"", ""1d""], ""ret_windows"": [1, 2, 4, 8, 24], ""rsi_period"": 14, ""target_threshold"": 0.004, ""vol_windows"": [12, 48]}","{""colsample_bytree"": 1.0, ""gamma"": 0.2, ""learning_rate"": 0.07, ""max_depth"": 3, ""min_child_weight"": 5, ""n_estimators"": 250, ""subsample"": 0.7}",4,4633,0.7301964170084179,0.012138484548493563,1.1952494924520216e+24,2510.2653940139658,0.10246331362828776,55.670430528924115
stage2,4351,23,0.55,74929,27,"{""atr_period"": 7, ""horizon_h"": 6, ""ma_windows"": [8, 24, 96], ""mtf_intervals"": [""4h"", ""1d""], ""ret_windows"": [1, 2, 4, 8, 24], ""rsi_period"": 14, ""target_threshold"": 0.004, ""vol_windows"": [12, 48]}","{""colsample_bytree"": 1.0, ""gamma"": 0.2, ""learning_rate"": 0.07, ""max_depth"": 3, ""min_child_weight"": 5, ""n_estimators"": 250, ""subsample"": 0.7}",4,4015,0.7564134495641345,0.013192695365561852,4.736361534231713e+22,2510.2653940139658,0.09220607331092212,52.476710563921955
stage2,4351,23,0.58,74929,27,"{""atr_period"": 7, ""horizon_h"": 6, ""ma_windows"": [8, 24, 96], ""mtf_intervals"": [""4h"", ""1d""], ""ret_windows"": [1, 2, 4, 8, 24], ""rsi_period"": 14, ""target_threshold"": 0.004, ""vol_windows"": [12, 48]}","{""colsample_bytree"": 1.0, ""gamma"": 0.2, ""learning_rate"": 0.07, ""max_depth"": 3, ""min_child_weight"": 5, ""n_estimators"": 250, ""subsample"": 0.7}",4,3447,0.7800986364955034,0.01415778128184172,7.677786709665405e+20,2510.2653940139658,0.07438050509704186,48.39018408356307
stage2,4351,23,0.6,74929,27,"{""atr_period"": 7, ""horizon_h"": 6, ""ma_windows"": [8, 24, 96], ""mtf_intervals"": [""4h"", ""1d""], ""ret_windows"": [1, 2, 4, 8, 24], ""rsi_period"": 14, ""target_threshold"": 0.004, ""vol_windows"": [12, 48]}","{""colsample_bytree"": 1.0, ""gamma"": 0.2, ""learning_rate"": 0.07, ""max_depth"": 3, ""min_child_weight"": 5, ""n_estimators"": 250, ""subsample"": 0.7}",4,3117,0.7908245107475136,0.014710087716289495,4.160436497473394e+19,2510.2653940139658,0.0711046803628046,45.48952473307974
stage2,4351,23,0.62,74929,27,"{""atr_period"": 7, ""horizon_h"": 6, ""ma_windows"": [8, 24, 96], ""mtf_intervals"": [""4h"", ""1d""], ""ret_windows"": [1, 2, 4, 8, 24], ""rsi_period"": 14, ""target_threshold"": 0.004, ""vol_windows"": [12, 48]}","{""colsample_bytree"": 1.0, ""gamma"": 0.2, ""learning_rate"": 0.07, ""max_depth"": 3, ""min_child_weight"": 5, ""n_estimators"": 250, ""subsample"": 0.7}",4,2782,0.8087706685837527,0.01550018967085645,2.8044332179216527e+18,2510.2653940139658,0.0711046803628046,42.81319884315578
stage2,4351,23,0.65,74929,27,"{""atr_period"": 7, ""horizon_h"": 6, ""ma_windows"": [8, 24, 96], ""mtf_intervals"": [""4h"", ""1d""], ""ret_windows"": [1, 2, 4, 8, 24], ""rsi_period"": 14, ""target_threshold"": 0.004, ""vol_windows"": [12, 48]}","{""colsample_bytree"": 1.0, ""gamma"": 0.2, ""learning_rate"": 0.07, ""max_depth"": 3, ""min_child_weight"": 5, ""n_estimators"": 250, ""subsample"": 0.7}",4,2383,0.8233319345362988,0.016425505657063643,5.473508412943062e+16,2510.2653940139658,0.0711046803628046,38.89579854320188
stage2,5539,51,0.52,74014,27,"{""atr_period"": 7, ""horizon_h"": 6, ""ma_windows"": [6, 18, 72], ""mtf_intervals"": [""4h"", ""1d""], ""ret_windows"": [1, 2, 4, 8, 24], ""rsi_period"": 7, ""target_threshold"": 0.004, ""vol_windows"": [24, 48]}","{""colsample_bytree"": 0.7, ""gamma"": 0.2, ""learning_rate"": 0.07, ""max_depth"": 5, ""min_child_weight"": 5, ""n_estimators"": 250, ""subsample"": 0.7}",4,4909,0.7266245671216134,0.011657423941953148,3.2200601632922345e+24,352.6384297310968,0.1650217126032697,56.623490464422396
stage2,5539,51,0.55,74014,27,"{""atr_period"": 7, ""horizon_h"": 6, ""ma_windows"": [6, 18, 72], ""mtf_intervals"": [""4h"", ""1d""], ""ret_windows"": [1, 2, 4, 8, 24], ""rsi_period"": 7, ""target_threshold"": 0.004, ""vol_windows"": [24, 48]}","{""colsample_bytree"": 0.7, ""gamma"": 0.2, ""learning_rate"": 0.07, ""max_depth"": 5, ""min_child_weight"": 5, ""n_estimators"": 250, ""subsample"": 0.7}",4,4391,0.7465269870189023,0.012431681460277916,2.383659216719981e+23,352.6384297310968,0.09220607331092201,54.07866593648356
stage2,5539,51,0.58,74014,27,"{""atr_period"": 7, ""horizon_h"": 6, ""ma_windows"": [6, 18, 72], ""mtf_intervals"": [""4h"", ""1d""], ""ret_windows"": [1, 2, 4, 8, 24], ""rsi_period"": 7, ""target_threshold"": 0.004, ""vol_windows"": [24, 48]}","{""colsample_bytree"": 0.7, ""gamma"": 0.2, ""learning_rate"": 0.07, ""max_depth"": 5, ""min_child_weight"": 5, ""n_estimators"": 250, ""subsample"": 0.7}",4,3884,0.768280123583934,0.013266651055540984,1.1536796287471482e+22,352.6384297310968,0.09220607331092212,51.074482827997834
stage2,5539,51,0.6,74014,27,"{""atr_period"": 7, ""horizon_h"": 6, ""ma_windows"": [6, 18, 72], ""mtf_intervals"": [""4h"", ""1d""], ""ret_windows"": [1, 2, 4, 8, 24], ""rsi_period"": 7, ""target_threshold"": 0.004, ""vol_windows"": [24, 48]}","{""colsample_bytree"": 0.7, ""gamma"": 0.2, ""learning_rate"": 0.07, ""max_depth"": 5, ""min_child_weight"": 5, ""n_estimators"": 250, ""subsample"": 0.7}",4,3577,0.7824993010902991,0.01379915381321074,1.3552235151244324e+21,352.6384297310968,0.09220607331092212,48.948542984136765
stage2,5539,51,0.62,74014,27,"{""atr_period"": 7, ""horizon_h"": 6, ""ma_windows"": [6, 18, 72], ""mtf_intervals"": [""4h"", ""1d""], ""ret_windows"": [1, 2, 4, 8, 24], ""rsi_period"": 7, ""target_threshold"": 0.004, ""vol_windows"": [24, 48]}","{""colsample_bytree"": 0.7, ""gamma"": 0.2, ""learning_rate"": 0.07, ""max_depth"": 5, ""min_child_weight"": 5, ""n_estimators"": 250, ""subsample"": 0.7}",4,3326,0.7919422730006013,0.014221387376791786,1.7653645627162876e+20,352.6384297310968,0.07513307193929752,46.92981746149665
stage2,5539,51,0.65,74014,27,"{""atr_period"": 7, ""horizon_h"": 6, ""ma_windows"": [6, 18, 72], ""mtf_intervals"": [""4h"", ""1d""], ""ret_windows"": [1, 2, 4, 8, 24], ""rsi_period"": 7, ""target_threshold"": 0.004, ""vol_windows"": [24, 48]}","{""colsample_bytree"": 0.7, ""gamma"": 0.2, ""learning_rate"": 0.07, ""max_depth"": 5, ""min_child_weight"": 5, ""n_estimators"": 250, ""subsample"": 0.7}",4,2841,0.8180218233016543,0.015236240462742325,3.34221821728378e+18,352.6384297310968,0.07092643614738747,42.99401056162098
stage2,5539,58,0.52,74014,27,"{""atr_period"": 7, ""horizon_h"": 6, ""ma_windows"": [6, 18, 72], ""mtf_intervals"": [""4h"", ""1d""], ""ret_windows"": [1, 2, 4, 8, 24], ""rsi_period"": 7, ""target_threshold"": 0.004, ""vol_windows"": [24, 48]}","{""colsample_bytree"": 0.7, ""gamma"": 0.0, ""learning_rate"": 0.07, ""max_depth"": 5, ""min_child_weight"": 5, ""n_estimators"": 250, ""subsample"": 1.0}",4,4963,0.7217408825307274,0.011550603850674045,3.515815770382076e+24,352.6384297310968,0.14888265385233457,56.71467002270878
stage2,5539,58,0.55,74014,27,"{""atr_period"": 7, ""horizon_h"": 6, ""ma_windows"": [6, 18, 72], ""mtf_intervals"": [""4h"", ""1d""], ""ret_windows"": [1, 2, 4, 8, 24], ""rsi_period"": 7, ""target_threshold"": 0.004, ""vol_windows"": [24, 48]}","{""colsample_bytree"": 0.7, ""gamma"": 0.0, ""learning_rate"": 0.07, ""max_depth"": 5, ""min_child_weight"": 5, ""n_estimators"": 250, ""subsample"": 1.0}",4,4377,0.744345442083619,0.012404733405896531,1.7703951961591164e+23,352.6384297310968,0.0928565845061764,53.778945863853856
stage2,5539,58,0.58,74014,27,"{""atr_period"": 7, ""horizon_h"": 6, ""ma_windows"": [6, 18, 72], ""mtf_intervals"": [""4h"", ""1d""], ""ret_windows"": [1, 2, 4, 8, 24], ""rsi_period"": 7, ""target_threshold"": 0.004, ""vol_windows"": [24, 48]}","{""colsample_bytree"": 0.7, ""gamma"": 0.0, ""learning_rate"": 0.07, ""max_depth"": 5, ""min_child_weight"": 5, ""n_estimators"": 250, ""subsample"": 1.0}",4,3885,0.7619047619047619,0.013128554975451436,6.848170243564272e+21,352.6384297310968,0.09220607331092212,50.54671766441091
stage2,5539,58,0.6,74014,27,"{""atr_period"": 7, ""horizon_h"": 6, ""ma_windows"": [6, 18, 72], ""mtf_intervals"": [""4h"", ""1d""], ""ret_windows"": [1, 2, 4, 8, 24], ""rsi_period"": 7, ""target_threshold"": 0.004, ""vol_windows"": [24, 48]}","{""colsample_bytree"": 0.7, ""gamma"": 0.0, ""learning_rate"": 0.07, ""max_depth"": 5, ""min_child_weight"": 5, ""n_estimators"": 250, ""subsample"": 1.0}",4,3536,0.7794117647058824,0.013801394039490995,7.758524651573179e+20,352.6384297310968,0.09220607331092201,48.38833158120575
stage2,5539,58,0.62,74014,27,"{""atr_period"": 7, ""horizon_h"": 6, ""ma_windows"": [6, 18, 72], ""mtf_intervals"": [""4h"", ""1d""], ""ret_windows"": [1, 2, 4, 8, 24], ""rsi_period"": 7, ""target_threshold"": 0.004, ""vol_windows"": [24, 48]}","{""colsample_bytree"": 0.7, ""gamma"": 0.0, ""learning_rate"": 0.07, ""max_depth"": 5, ""min_child_weight"": 5, ""n_estimators"": 250, ""subsample"": 1.0}",4,3255,0.795084485407066,0.0144369693494909,1.2995308166193812e+20,352.6384297310968,0.07092643614738758,46.62980527395972
stage2,5539,58,0.65,74014,27,"{""atr_period"": 7, ""horizon_h"": 6, ""ma_windows"": [6, 18, 72], ""mtf_intervals"": [""4h"", ""1d""], ""ret_windows"": [1, 2, 4, 8, 24], ""rsi_period"": 7, ""target_threshold"": 0.004, ""vol_windows"": [24, 48]}","{""colsample_bytree"": 0.7, ""gamma"": 0.0, ""learning_rate"": 0.07, ""max_depth"": 5, ""min_child_weight"": 5, ""n_estimators"": 250, ""subsample"": 1.0}",4,2851,0.8169063486495967,0.01528102562401256,4.394407008420563e+18,352.6384297310968,0.07092643614738758,43.267174337628575
stage2,5539,50,0.52,74014,27,"{""atr_period"": 7, ""horizon_h"": 6, ""ma_windows"": [6, 18, 72], ""mtf_intervals"": [""4h"", ""1d""], ""ret_windows"": [1, 2, 4, 8, 24], ""rsi_period"": 7, ""target_threshold"": 0.004, ""vol_windows"": [24, 48]}","{""colsample_bytree"": 0.7, ""gamma"": 0.0, ""learning_rate"": 0.07, ""max_depth"": 5, ""min_child_weight"": 5, ""n_estimators"": 250, ""subsample"": 0.7}",4,4911,0.7253105273874975,0.01164679627312014,3.131958419958485e+24,352.6384297310968,0.14888265385233468,56.602682199190994
stage2,5539,50,0.55,74014,27,"{""atr_period"": 7, ""horizon_h"": 6, ""ma_windows"": [6, 18, 72], ""mtf_intervals"": [""4h"", ""1d""], ""ret_windows"": [1, 2, 4, 8, 24], ""rsi_period"": 7, ""target_threshold"": 0.004, ""vol_windows"": [24, 48]}","{""colsample_bytree"": 0.7, ""gamma"": 0.0, ""learning_rate"": 0.07, ""max_depth"": 5, ""min_child_weight"": 5, ""n_estimators"": 250, ""subsample"": 0.7}",4,4362,0.7482806052269602,0.012512127917907616,2.3679751006123504e+23,352.6384297310968,0.10349062153486255,54.068468537642815
stage2,5539,50,0.58,74014,27,"{""atr_period"": 7, ""horizon_h"": 6, ""ma_windows"": [6, 18, 72], ""mtf_intervals"": [""4h"", ""1d""], ""ret_windows"": [1, 2, 4, 8, 24], ""rsi_period"": 7, ""target_threshold"": 0.004, ""vol_windows"": [24, 48]}","{""colsample_bytree"": 0.7, ""gamma"": 0.0, ""learning_rate"": 0.07, ""max_depth"": 5, ""min_child_weight"": 5, ""n_estimators"": 250, ""subsample"": 0.7}",4,3866,0.7708225556130367,0.013325787825356258,1.147044863281473e+22,352.6384297310968,0.09220607331092201,51.071222307273686
stage2,5539,50,0.6,74014,27,"{""atr_period"": 7, ""horizon_h"": 6, ""ma_windows"": [6, 18, 72], ""mtf_intervals"": [""4h"", ""1d""], ""ret_windows"": [1, 2, 4, 8, 24], ""rsi_period"": 7, ""target_threshold"": 0.004, ""vol_windows"": [24, 48]}","{""colsample_bytree"": 0.7, ""gamma"": 0.0, ""learning_rate"": 0.07, ""max_depth"": 5, ""min_child_weight"": 5, ""n_estimators"": 250, ""subsample"": 0.7}",4,3583,0.7864917666759699,0.01383963338792456,1.6996612736022607e+21,352.6384297310968,0.09220607331092201,49.17852337705055
stage2,5539,50,0.62,74014,27,"{""atr_period"": 7, ""horizon_h"": 6, ""ma_windows"": [6, 18, 72], ""mtf_intervals"": [""4h"", ""1d""], ""ret_windows"": [1, 2, 4, 8, 24], ""rsi_period"": 7, ""target_threshold"": 0.004, ""vol_windows"": [24, 48]}","{""colsample_bytree"": 0.7, ""gamma"": 0.0, ""learning_rate"": 0.07, ""max_depth"": 5, ""min_child_weight"": 5, ""n_estimators"": 250, ""subsample"": 0.7}",4,3307,0.7989114000604778,0.014349544843627458,2.0657375937861042e+20,352.6384297310968,0.07513307193929764,47.09354815361926
stage2,5539,50,0.65,74014,27,"{""atr_period"": 7, ""horizon_h"": 6, ""ma_windows"": [6, 18, 72], ""mtf_intervals"": [""4h"", ""1d""], ""ret_windows"": [1, 2, 4, 8, 24], ""rsi_period"": 7, ""target_threshold"": 0.004, ""vol_windows"": [24, 48]}","{""colsample_bytree"": 0.7, ""gamma"": 0.0, ""learning_rate"": 0.07, ""max_depth"": 5, ""min_child_weight"": 5, ""n_estimators"": 250, ""subsample"": 0.7}",4,2860,0.8199300699300699,0.015292932499065279,5.234689125672493e+18,352.6384297310968,0.07092643614738758,43.44466343048922
stage2,5539,48,0.52,74014,27,"{""atr_period"": 7, ""horizon_h"": 6, ""ma_windows"": [6, 18, 72], ""mtf_intervals"": [""4h"", ""1d""], ""ret_windows"": [1, 2, 4, 8, 24], ""rsi_period"": 7, ""target_threshold"": 0.004, ""vol_windows"": [24, 48]}","{""colsample_bytree"": 0.7, ""gamma"": 0.0, ""learning_rate"": 0.07, ""max_depth"": 5, ""min_child_weight"": 1, ""n_estimators"": 250, ""subsample"": 0.7}",4,4919,0.7277902012604188,0.011621024588340969,3.0241098652610635e+24,352.6384297310968,0.18328193964211215,56.55221840851328
stage2,5539,48,0.55,74014,27,"{""atr_period"": 7, ""horizon_h"": 6, ""ma_windows"": [6, 18, 72], ""mtf_intervals"": [""4h"", ""1d""], ""ret_windows"": [1, 2, 4, 8, 24], ""rsi_period"": 7, ""target_threshold"": 0.004, ""vol_windows"": [24, 48]}","{""colsample_bytree"": 0.7, ""gamma"": 0.0, ""learning_rate"": 0.07, ""max_depth"": 5, ""min_child_weight"": 1, ""n_estimators"": 250, ""subsample"": 0.7}",4,4402,0.7462517037710131,0.012402696906667357,2.4076006686071527e+23,352.6384297310968,0.10380203989452441,54.082409735584285
stage2,5539,48,0.58,74014,27,"{""atr_period"": 7, ""horizon_h"": 6, ""ma_windows"": [6, 18, 72], ""mtf_intervals"": [""4h"", ""1d""], ""ret_windows"": [1, 2, 4, 8, 24], ""rsi_period"": 7, ""target_threshold"": 0.004, ""vol_windows"": [24, 48]}","{""colsample_bytree"": 0.7, ""gamma"": 0.0, ""learning_rate"": 0.07, ""max_depth"": 5, ""min_child_weight"": 1, ""n_estimators"": 250, ""subsample"": 0.7}",4,3902,0.7642234751409533,0.01317006551591625,1.0083764072877518e+22,352.6384297310968,0.09220607331092201,50.93584983332727
stage2,5539,48,0.6,74014,27,"{""atr_period"": 7, ""horizon_h"": 6, ""ma_windows"": [6, 18, 72], ""mtf_intervals"": [""4h"", ""1d""], ""ret_windows"": [1, 2, 4, 8, 24], ""rsi_period"": 7, ""target_threshold"": 0.004, ""vol_windows"": [24, 48]}","{""colsample_bytree"": 0.7, ""gamma"": 0.0, ""learning_rate"": 0.07, ""max_depth"": 5, ""min_child_weight"": 1, ""n_estimators"": 250, ""subsample"": 0.7}",4,3606,0.7753743760399334,0.013595297316675995,9.719313490009434e+20,352.6384297310968,0.09220607331092212,48.60877568996899
stage2,5539,48,0.62,74014,27,"{""atr_period"": 7, ""horizon_h"": 6, ""ma_windows"": [6, 18, 72], ""mtf_intervals"": [""4h"", ""1d""], ""ret_windows"": [1, 2, 4, 8, 24], ""rsi_period"": 7, ""target_threshold"": 0.004, ""vol_windows"": [24, 48]}","{""colsample_bytree"": 0.7, ""gamma"": 0.0, ""learning_rate"": 0.07, ""max_depth"": 5, ""min_child_weight"": 1, ""n_estimators"": 250, ""subsample"": 0.7}",4,3334,0.7918416316736653,0.01411926140275963,1.4139273935566802e+20,352.6384297310968,0.09220607331092201,46.69839743767988
stage2,5539,48,0.65,74014,27,"{""atr_period"": 7, ""horizon_h"": 6, ""ma_windows"": [6, 18, 72], ""mtf_intervals"": [""4h"", ""1d""], ""ret_windows"": [1, 2, 4, 8, 24], ""rsi_period"": 7, ""target_threshold"": 0.004, ""vol_windows"": [24, 48]}","{""colsample_bytree"": 0.7, ""gamma"": 0.0, ""learning_rate"": 0.07, ""max_depth"": 5, ""min_child_weight"": 1, ""n_estimators"": 250, ""subsample"": 0.7}",4,2892,0.8198478561549101,0.015137831739508792,5.446650606983132e+18,352.6384297310968,0.09220607331092201,43.47241042830245
stage2,5539,57,0.52,74014,27,"{""atr_period"": 7, ""horizon_h"": 6, ""ma_windows"": [6, 18, 72], ""mtf_intervals"": [""4h"", ""1d""], ""ret_windows"": [1, 2, 4, 8, 24], ""rsi_period"": 7, ""target_threshold"": 0.004, ""vol_windows"": [24, 48]}","{""colsample_bytree"": 0.7, ""gamma"": 0.2, ""learning_rate"": 0.07, ""max_depth"": 5, ""min_child_weight"": 1, ""n_estimators"": 250, ""subsample"": 1.0}",4,4951,0.7253080185821046,0.011582695971928859,3.61469581008816e+24,352.6384297310968,0.11129695417982444,56.76430944289155
stage2,5539,57,0.55,74014,27,"{""atr_period"": 7, ""horizon_h"": 6, ""ma_windows"": [6, 18, 72], ""mtf_intervals"": [""4h"", ""1d""], ""ret_windows"": [1, 2, 4, 8, 24], ""rsi_period"": 7, ""target_threshold"": 0.004, ""vol_windows"": [24, 48]}","{""colsample_bytree"": 0.7, ""gamma"": 0.2, ""learning_rate"": 0.07, ""max_depth"": 5, ""min_child_weight"": 1, ""n_estimators"": 250, ""subsample"": 1.0}",4,4397,0.7455083011143961,0.012374812430474355,1.996664300738403e+23,352.6384297310968,0.09735338350097478,53.897663525967396
stage2,5539,57,0.58,74014,27,"{""atr_period"": 7, ""horizon_h"": 6, ""ma_windows"": [6, 18, 72], ""mtf_intervals"": [""4h"", ""1d""], ""ret_windows"": [1, 2, 4, 8, 24], ""rsi_period"": 7, ""target_threshold"": 0.004, ""vol_windows"": [24, 48]}","{""colsample_bytree"": 0.7, ""gamma"": 0.2, ""learning_rate"": 0.07, ""max_depth"": 5, ""min_child_weight"": 1, ""n_estimators"": 250, ""subsample"": 1.0}",4,3867,0.764934057408844,0.013200851165891389,7.17845913893809e+21,352.6384297310968,0.08689383132304063,50.59947884789219
stage2,5539,57,0.6,74014,27,"{""atr_period"": 7, ""horizon_h"": 6, ""ma_windows"": [6, 18, 72], ""mtf_intervals"": [""4h"", ""1d""], ""ret_windows"": [1, 2, 4, 8, 24], ""rsi_period"": 7, ""target_threshold"": 0.004, ""vol_windows"": [24, 48]}","{""colsample_bytree"": 0.7, ""gamma"": 0.2, ""learning_rate"": 0.07, ""max_depth"": 5, ""min_child_weight"": 1, ""n_estimators"": 250, ""subsample"": 1.0}",4,3535,0.7790664780763791,0.013804598224439085,7.794918612859511e+20,352.6384297310968,0.07092643614738747,48.40340067157737
stage2,5539,57,0.62,74014,27,"{""atr_period"": 7, ""horizon_h"": 6, ""ma_windows"": [6, 18, 72], ""mtf_intervals"": [""4h"", ""1d""], ""ret_windows"": [1, 2, 4, 8, 24], ""rsi_period"": 7, ""target_threshold"": 0.004, ""vol_windows"": [24, 48]}","{""colsample_bytree"": 0.7, ""gamma"": 0.2, ""learning_rate"": 0.07, ""max_depth"": 5, ""min_child_weight"": 1, ""n_estimators"": 250, ""subsample"": 1.0}",4,3242,0.7914867365823566,0.014304837992276307,7.0929441005925425e+19,352.6384297310968,0.07092643614738758,46.020382143280266
stage2,5539,57,0.65,74014,27,"{""atr_period"": 7, ""horizon_h"": 6, ""ma_windows"": [6, 18, 72], ""mtf_intervals"": [""4h"", ""1d""], ""ret_windows"": [1, 2, 4, 8, 24], ""rsi_period"": 7, ""target_threshold"": 0.004, ""vol_windows"": [24, 48]}","{""colsample_bytree"": 0.7, ""gamma"": 0.2, ""learning_rate"": 0.07, ""max_depth"": 5, ""min_child_weight"": 1, ""n_estimators"": 250, ""subsample"": 1.0}",4,2836,0.8141748942172073,0.015215489266190952,2.9268981067303736e+18,352.6384297310968,0.07092643614738758,42.85807548092312
stage2,5539,61,0.52,74014,27,"{""atr_period"": 7, ""horizon_h"": 6, ""ma_windows"": [6, 18, 72], ""mtf_intervals"": [""4h"", ""1d""], ""ret_windows"": [1, 2, 4, 8, 24], ""rsi_period"": 7, ""target_threshold"": 0.004, ""vol_windows"": [24, 48]}","{""colsample_bytree"": 1.0, ""gamma"": 0.2, ""learning_rate"": 0.07, ""max_depth"": 5, ""min_child_weight"": 1, ""n_estimators"": 250, ""subsample"": 1.0}",4,4909,0.7235689549806478,0.011660251617211936,3.254186708879649e+24,352.6384297310968,0.1256789786432767,56.65128230487508
stage2,5539,61,0.55,74014,27,"{""atr_period"": 7, ""horizon_h"": 6, ""ma_windows"": [6, 18, 72], ""mtf_intervals"": [""4h"", ""1d""], ""ret_windows"": [1, 2, 4, 8, 24], ""rsi_period"": 7, ""target_threshold"": 0.004, ""vol_windows"": [24, 48]}","{""colsample_bytree"": 1.0, ""gamma"": 0.2, ""learning_rate"": 0.07, ""max_depth"": 5, ""min_child_weight"": 1, ""n_estimators"": 250, ""subsample"": 1.0}",4,4430,0.7419864559819414,0.012358689209917883,2.77194635576915e+23,352.6384297310968,0.1256789786432767,54.20862605697107
stage2,5539,61,0.58,74014,27,"{""atr_period"": 7, ""horizon_h"": 6, ""ma_windows"": [6, 18, 72], ""mtf_intervals"": [""4h"", ""1d""], ""ret_windows"": [1, 2, 4, 8, 24], ""rsi_period"": 7, ""target_threshold"": 0.004, ""vol_windows"": [24, 48]}","{""colsample_bytree"": 1.0, ""gamma"": 0.2, ""learning_rate"": 0.07, ""max_depth"": 5, ""min_child_weight"": 1, ""n_estimators"": 250, ""subsample"": 1.0}",4,3871,0.7646602944975458,0.013275446673205571,1.0059016233664207e+22,352.6384297310968,0.07884120533897354,50.941267529184785
stage2,5539,61,0.6,74014,27,"{""atr_period"": 7, ""horizon_h"": 6, ""ma_windows"": [6, 18, 72], ""mtf_intervals"": [""4h"", ""1d""], ""ret_windows"": [1, 2, 4, 8, 24], ""rsi_period"": 7, ""target_threshold"": 0.004, ""vol_windows"": [24, 48]}","{""colsample_bytree"": 1.0, ""gamma"": 0.2, ""learning_rate"": 0.07, ""max_depth"": 5, ""min_child_weight"": 1, ""n_estimators"": 250, ""subsample"": 1.0}",4,3538,0.7826455624646693,0.013884140578074309,1.0677003462003212e+21,352.6384297310968,0.07884120533897354,48.717563051252554
stage2,5539,61,0.62,74014,27,"{""atr_period"": 7, ""horizon_h"": 6, ""ma_windows"": [6, 18, 72], ""mtf_intervals"": [""4h"", ""1d""], ""ret_windows"": [1, 2, 4, 8, 24], ""rsi_period"": 7, ""target_threshold"": 0.004, ""vol_windows"": [24, 48]}","{""colsample_bytree"": 1.0, ""gamma"": 0.2, ""learning_rate"": 0.07, ""max_depth"": 5, ""min_child_weight"": 1, ""n_estimators"": 250, ""subsample"": 1.0}",4,3250,0.7990769230769231,0.014468174955887123,1.3396415993641715e+20,352.6384297310968,0.07884120533897343,46.659690310347166
stage2,5539,61,0.65,74014,27,"{""atr_period"": 7, ""horizon_h"": 6, ""ma_windows"": [6, 18, 72], ""mtf_intervals"": [""4h"", ""1d""], ""ret_windows"": [1, 2, 4, 8, 24], ""rsi_period"": 7, ""target_threshold"": 0.004, ""vol_windows"": [24, 48]}","{""colsample_bytree"": 1.0, ""gamma"": 0.2, ""learning_rate"": 0.07, ""max_depth"": 5, ""min_child_weight"": 1, ""n_estimators"": 250, ""subsample"": 1.0}",4,2848,0.8160112359550562,0.01535868408328055,5.225666756004065e+18,352.6384297310968,0.0709264361473877,43.440329315763584
stage2,5539,38,0.52,74014,27,"{""atr_period"": 7, ""horizon_h"": 6, ""ma_windows"": [6, 18, 72], ""mtf_intervals"": [""4h"", ""1d""], ""ret_windows"": [1, 2, 4, 8, 24], ""rsi_period"": 7, ""target_threshold"": 0.004, ""vol_windows"": [24, 48]}","{""colsample_bytree"": 1.0, ""gamma"": 0.0, ""learning_rate"": 0.03, ""max_depth"": 5, ""min_child_weight"": 5, ""n_estimators"": 250, ""subsample"": 0.7}",4,4635,0.7344120819848975,0.012001410528132314,6.621345447404014e+23,352.6384297310968,0.1774658999194807,55.04456372780392
stage2,5539,38,0.55,74014,27,"{""atr_period"": 7, ""horizon_h"": 6, ""ma_windows"": [6, 18, 72], ""mtf_intervals"": [""4h"", ""1d""], ""ret_windows"": [1, 2, 4, 8, 24], ""rsi_period"": 7, ""target_threshold"": 0.004, ""vol_windows"": [24, 48]}","{""colsample_bytree"": 1.0, ""gamma"": 0.0, ""learning_rate"": 0.03, ""max_depth"": 5, ""min_child_weight"": 5, ""n_estimators"": 250, ""subsample"": 0.7}",4,4073,0.7557083231033637,0.012897082711686535,3.1053291824853826e+22,352.6384297310968,0.09602929724673992,52.04972044409136
stage2,5539,38,0.58,74014,27,"{""atr_period"": 7, ""horizon_h"": 6, ""ma_windows"": [6, 18, 72], ""mtf_intervals"": [""4h"", ""1d""], ""ret_windows"": [1, 2, 4, 8, 24], ""rsi_period"": 7, ""target_threshold"": 0.004, ""vol_windows"": [24, 48]}","{""colsample_bytree"": 1.0, ""gamma"": 0.0, ""learning_rate"": 0.03, ""max_depth"": 5, ""min_child_weight"": 5, ""n_estimators"": 250, ""subsample"": 0.7}",4,3555,0.780028129395218,0.013856249703462404,1.2238334787347578e+21,352.6384297310968,0.07884120533897354,48.85172697939895
stage2,5539,38,0.6,74014,27,"{""atr_period"": 7, ""horizon_h"": 6, ""ma_windows"": [6, 18, 72], ""mtf_intervals"": [""4h"", ""1d""], ""ret_windows"": [1, 2, 4, 8, 24], ""rsi_period"": 7, ""target_threshold"": 0.004, ""vol_windows"": [24, 48]}","{""colsample_bytree"": 1.0, ""gamma"": 0.0, ""learning_rate"": 0.03, ""max_depth"": 5, ""min_child_weight"": 5, ""n_estimators"": 250, ""subsample"": 0.7}",4,3214,0.7934038581207219,0.014552679474227065,1.0443131481245857e+20,352.6384297310968,0.07092643614738758,46.41074255889287
stage2,5539,38,0.62,74014,27,"{""atr_period"": 7, ""horizon_h"": 6, ""ma_windows"": [6, 18, 72], ""mtf_intervals"": [""4h"", ""1d""], ""ret_windows"": [1, 2, 4, 8, 24], ""rsi_period"": 7, ""target_threshold"": 0.004, ""vol_windows"": [24, 48]}","{""colsample_bytree"": 1.0, ""gamma"": 0.0, ""learning_rate"": 0.03, ""max_depth"": 5, ""min_child_weight"": 5, ""n_estimators"": 250, ""subsample"": 0.7}",4,2923,0.8087581252138214,0.015179690989889647,9.738121727969477e+18,352.6384297310968,0.07092643614738747,44.05556074189662
stage2,5539,38,0.65,74014,27,"{""atr_period"": 7, ""horizon_h"": 6, ""ma_windows"": [6, 18, 72], ""mtf_intervals"": [""4h"", ""1d""], ""ret_windows"": [1, 2, 4, 8, 24], ""rsi_period"": 7, ""target_threshold"": 0.004, ""vol_windows"": [24, 48]}","{""colsample_bytree"": 1.0, ""gamma"": 0.0, ""learning_rate"": 0.03, ""max_depth"": 5, ""min_child_weight"": 5, ""n_estimators"": 250, ""subsample"": 0.7}",4,2505,0.829940119760479,0.01612025981089123,1.88973148363937e+17,352.6384297310968,0.07092643614738747,40.13783228395046
stage2,5539,36,0.52,74014,27,"{""atr_period"": 7, ""horizon_h"": 6, ""ma_windows"": [6, 18, 72], ""mtf_intervals"": [""4h"", ""1d""], ""ret_windows"": [1, 2, 4, 8, 24], ""rsi_period"": 7, ""target_threshold"": 0.004, ""vol_windows"": [24, 48]}","{""colsample_bytree"": 1.0, ""gamma"": 0.0, ""learning_rate"": 0.03, ""max_depth"": 5, ""min_child_weight"": 1, ""n_estimators"": 250, ""subsample"": 0.7}",4,4625,0.736,0.01207041803403304,8.086668079138697e+23,352.6384297310968,0.10950172033033989,55.2802864124847
stage2,5539,36,0.55,74014,27,"{""atr_period"": 7, ""horizon_h"": 6, ""ma_windows"": [6, 18, 72], ""mtf_intervals"": [""4h"", ""1d""], ""ret_windows"": [1, 2, 4, 8, 24], ""rsi_period"": 7, ""target_threshold"": 0.004, ""vol_windows"": [24, 48]}","{""colsample_bytree"": 1.0, ""gamma"": 0.0, ""learning_rate"": 0.03, ""max_depth"": 5, ""min_child_weight"": 1, ""n_estimators"": 250, ""subsample"": 0.7}",4,4041,0.7587230883444692,0.01302033157879118,3.3841343127571126e+22,352.6384297310968,0.09220607331092212,52.141008264006835
stage2,5539,36,0.58,74014,27,"{""atr_period"": 7, ""horizon_h"": 6, ""ma_windows"": [6, 18, 72], ""mtf_intervals"": [""4h"", ""1d""], ""ret_windows"": [1, 2, 4, 8, 24], ""rsi_period"": 7, ""target_threshold"": 0.004, ""vol_windows"": [24, 48]}","{""colsample_bytree"": 1.0, ""gamma"": 0.0, ""learning_rate"": 0.03, ""max_depth"": 5, ""min_child_weight"": 1, ""n_estimators"": 250, ""subsample"": 0.7}",4,3558,0.7818999437886454,0.013846641078284273,1.2373386862630574e+21,352.6384297310968,0.07092643614738758,48.868079670887376
stage2,5539,36,0.6,74014,27,"{""atr_period"": 7, ""horizon_h"": 6, ""ma_windows"": [6, 18, 72], ""mtf_intervals"": [""4h"", ""1d""], ""ret_windows"": [1, 2, 4, 8, 24], ""rsi_period"": 7, ""target_threshold"": 0.004, ""vol_windows"": [24, 48]}","{""colsample_bytree"": 1.0, ""gamma"": 0.0, ""learning_rate"": 0.03, ""max_depth"": 5, ""min_child_weight"": 1, ""n_estimators"": 250, ""subsample"": 0.7}",4,3224,0.7946650124069479,0.014499494588318352,1.0200547413438058e+20,352.6384297310968,0.07092643614738758,46.38782290227955
stage2,5539,36,0.62,74014,27,"{""atr_period"": 7, ""horizon_h"": 6, ""ma_windows"": [6, 18, 72], ""mtf_intervals"": [""4h"", ""1d""], ""ret_windows"": [1, 2, 4, 8, 24], ""rsi_period"": 7, ""target_threshold"": 0.004, ""vol_windows"": [24, 48]}","{""colsample_bytree"": 1.0, ""gamma"": 0.0, ""learning_rate"": 0.03, ""max_depth"": 5, ""min_child_weight"": 1, ""n_estimators"": 250, ""subsample"": 0.7}",4,2941,0.8078884733083985,0.015129033111929863,1.1008268193120104e+19,352.6384297310968,0.07092643614738758,44.17705814372933
stage2,5539,36,0.65,74014,27,"{""atr_period"": 7, ""horizon_h"": 6, ""ma_windows"": [6, 18, 72], ""mtf_intervals"": [""4h"", ""1d""], ""ret_windows"": [1, 2, 4, 8, 24], ""rsi_period"": 7, ""target_threshold"": 0.004, ""vol_windows"": [24, 48]}","{""colsample_bytree"": 1.0, ""gamma"": 0.0, ""learning_rate"": 0.03, ""max_depth"": 5, ""min_child_weight"": 1, ""n_estimators"": 250, ""subsample"": 0.7}",4,2518,0.8335980937251787,0.016174157760804254,2.6496696032522762e+17,352.6384297310968,0.07092643614738736,40.47919005409883
stage2,5539,32,0.52,74014,27,"{""atr_period"": 7, ""horizon_h"": 6, ""ma_windows"": [6, 18, 72], ""mtf_intervals"": [""4h"", ""1d""], ""ret_windows"": [1, 2, 4, 8, 24], ""rsi_period"": 7, ""target_threshold"": 0.004, ""vol_windows"": [24, 48]}","{""colsample_bytree"": 0.7, ""gamma"": 0.0, ""learning_rate"": 0.03, ""max_depth"": 5, ""min_child_weight"": 1, ""n_estimators"": 250, ""subsample"": 0.7}",4,4563,0.7394258163488933,0.012167374082626437,6.005040592578173e+23,352.6384297310968,0.10088181912899863,54.990495090344304
stage2,5539,32,0.55,74014,27,"{""atr_period"": 7, ""horizon_h"": 6, ""ma_windows"": [6, 18, 72], ""mtf_intervals"": [""4h"", ""1d""], ""ret_windows"": [1, 2, 4, 8, 24], ""rsi_period"": 7, ""target_threshold"": 0.004, ""vol_windows"": [24, 48]}","{""colsample_bytree"": 0.7, ""gamma"": 0.0, ""learning_rate"": 0.03, ""max_depth"": 5, ""min_child_weight"": 1, ""n_estimators"": 250, ""subsample"": 0.7}",4,4010,0.7618453865336658,0.01306386143779713,2.7015747240667956e+22,352.6384297310968,0.07884120533897354,51.92527347806179
stage2,5539,32,0.58,74014,27,"{""atr_period"": 7, ""horizon_h"": 6, ""ma_windows"": [6, 18, 72], ""mtf_intervals"": [""4h"", ""1d""], ""ret_windows"": [1, 2, 4, 8, 24], ""rsi_period"": 7, ""target_threshold"": 0.004, ""vol_windows"": [24, 48]}","{""colsample_bytree"": 0.7, ""gamma"": 0.0, ""learning_rate"": 0.03, ""max_depth"": 5, ""min_child_weight"": 1, ""n_estimators"": 250, ""subsample"": 0.7}",4,3530,0.7804532577903682,0.013978004374151615,1.3264318443273994e+21,352.6384297310968,0.07884120533897343,48.93354550462929
stage2,5539,32,0.6,74014,27,"{""atr_period"": 7, ""horizon_h"": 6, ""ma_windows"": [6, 18, 72], ""mtf_intervals"": [""4h"", ""1d""], ""ret_windows"": [1, 2, 4, 8, 24], ""rsi_period"": 7, ""target_threshold"": 0.004, ""vol_windows"": [24, 48]}","{""colsample_bytree"": 0.7, ""gamma"": 0.0, ""learning_rate"": 0.03, ""max_depth"": 5, ""min_child_weight"": 1, ""n_estimators"": 250, ""subsample"": 0.7}",4,3206,0.7966313162819713,0.014575144281264846,9.994516462151449e+19,352.6384297310968,0.0709264361473877,46.36959634489714
stage2,5539,32,0.62,74014,27,"{""atr_period"": 7, ""horizon_h"": 6, ""ma_windows"": [6, 18, 72], ""mtf_intervals"": [""4h"", ""1d""], ""ret_windows"": [1, 2, 4, 8, 24], ""rsi_period"": 7, ""target_threshold"": 0.004, ""vol_windows"": [24, 48]}","{""colsample_bytree"": 0.7, ""gamma"": 0.0, ""learning_rate"": 0.03, ""max_depth"": 5, ""min_child_weight"": 1, ""n_estimators"": 250, ""subsample"": 0.7}",4,2900,0.8113793103448276,0.015225065639710756,7.822898297050604e+18,352.6384297310968,0.07092643614738758,43.83902754132627
stage2,5539,32,0.65,74014,27,"{""atr_period"": 7, ""horizon_h"": 6, ""ma_windows"": [6, 18, 72], ""mtf_intervals"": [""4h"", ""1d""], ""ret_windows"": [1, 2, 4, 8, 24], ""rsi_period"": 7, ""target_threshold"": 0.004, ""vol_windows"": [24, 48]}","{""colsample_bytree"": 0.7, ""gamma"": 0.0, ""learning_rate"": 0.03, ""max_depth"": 5, ""min_child_weight"": 1, ""n_estimators"": 250, ""subsample"": 0.7}",4,2454,0.8341483292583537,0.016274423425997154,1.2113195946372669e+17,352.6384297310968,0.0650782298642072,39.700631856226465
stage2,5539,42,0.52,74014,27,"{""atr_period"": 7, ""horizon_h"": 6, ""ma_windows"": [6, 18, 72], ""mtf_intervals"": [""4h"", ""1d""], ""ret_windows"": [1, 2, 4, 8, 24], ""rsi_period"": 7, ""target_threshold"": 0.004, ""vol_windows"": [24, 48]}","{""colsample_bytree"": 0.7, ""gamma"": 0.0, ""learning_rate"": 0.03, ""max_depth"": 5, ""min_child_weight"": 5, ""n_estimators"": 250, ""subsample"": 1.0}",4,4583,0.7331442286711761,0.012078065825074457,5.0691878359704166e+23,352.6384297310968,0.09220607331092212,54.8196746263725
stage2,5539,42,0.55,74014,27,"{""atr_period"": 7, ""horizon_h"": 6, ""ma_windows"": [6, 18, 72], ""mtf_intervals"": [""4h"", ""1d""], ""ret_windows"": [1, 2, 4, 8, 24], ""rsi_period"": 7, ""target_threshold"": 0.004, ""vol_windows"": [24, 48]}","{""colsample_bytree"": 0.7, ""gamma"": 0.0, ""learning_rate"": 0.03, ""max_depth"": 5, ""min_child_weight"": 5, ""n_estimators"": 250, ""subsample"": 1.0}",4,3997,0.7540655491618714,0.012971116265085255,1.5768912441817866e+22,352.6384297310968,0.0922060733109219,51.37324572052637
stage2,5539,42,0.58,74014,27,"{""atr_period"": 7, ""horizon_h"": 6, ""ma_windows"": [6, 18, 72], ""mtf_intervals"": [""4h"", ""1d""], ""ret_windows"": [1, 2, 4, 8, 24], ""rsi_period"": 7, ""target_threshold"": 0.004, ""vol_windows"": [24, 48]}","{""colsample_bytree"": 0.7, ""gamma"": 0.0, ""learning_rate"": 0.03, ""max_depth"": 5, ""min_child_weight"": 5, ""n_estimators"": 250, ""subsample"": 1.0}",4,3487,0.7794665901921423,0.013938044602104932,6.373107435660143e+20,352.6384297310968,0.09220607331092179,48.192763626327405
stage2,5539,42,0.6,74014,27,"{""atr_period"": 7, ""horizon_h"": 6, ""ma_windows"": [6, 18, 72], ""mtf_intervals"": [""4h"", ""1d""], ""ret_windows"": [1, 2, 4, 8, 24], ""rsi_period"": 7, ""target_threshold"": 0.004, ""vol_windows"": [24, 48]}","{""colsample_bytree"": 0.7, ""gamma"": 0.0, ""learning_rate"": 0.03, ""max_depth"": 5, ""min_child_weight"": 5, ""n_estimators"": 250, ""subsample"": 1.0}",4,3136,0.795280612244898,0.014658137962162197,4.707557487192443e+19,352.6384297310968,0.0650782298642073,45.61923643875316
stage2,5539,42,0.62,74014,27,"{""atr_period"": 7, ""horizon_h"": 6, ""ma_windows"": [6, 18, 72], ""mtf_intervals"": [""4h"", ""1d""], ""ret_windows"": [1, 2, 4, 8, 24], ""rsi_period"": 7, ""target_threshold"": 0.004, ""vol_windows"": [24, 48]}","{""colsample_bytree"": 0.7, ""gamma"": 0.0, ""learning_rate"": 0.03, ""max_depth"": 5, ""min_child_weight"": 5, ""n_estimators"": 250, ""subsample"": 1.0}",4,2840,0.8123239436619718,0.015321537429838392,4.152511695902038e+18,352.6384297310968,0.0650782298642072,43.210137392423256
stage2,5539,42,0.65,74014,27,"{""atr_period"": 7, ""horizon_h"": 6, ""ma_windows"": [6, 18, 72], ""mtf_intervals"": [""4h"", ""1d""], ""ret_windows"": [1, 2, 4, 8, 24], ""rsi_period"": 7, ""target_threshold"": 0.004, ""vol_windows"": [24, 48]}","{""colsample_bytree"": 0.7, ""gamma"": 0.0, ""learning_rate"": 0.03, ""max_depth"": 5, ""min_child_weight"": 5, ""n_estimators"": 250, ""subsample"": 1.0}",4,2420,0.8301652892561984,0.016224938011400368,6.236691124154689e+16,352.6384297310968,0.06507822986420742,39.03320388164307
stage2,5539,44,0.52,74014,27,"{""atr_period"": 7, ""horizon_h"": 6, ""ma_windows"": [6, 18, 72], ""mtf_intervals"": [""4h"", ""1d""], ""ret_windows"": [1, 2, 4, 8, 24], ""rsi_period"": 7, ""target_threshold"": 0.004, ""vol_windows"": [24, 48]}","{""colsample_bytree"": 1.0, ""gamma"": 0.0, ""learning_rate"": 0.03, ""max_depth"": 5, ""min_child_weight"": 1, ""n_estimators"": 250, ""subsample"": 1.0}",4,4616,0.7348353552859619,0.0120764380466501,7.505925507313942e+23,352.6384297310968,0.11428192213892674,55.20248874264053
stage2,5539,44,0.55,74014,27,"{""atr_period"": 7, ""horizon_h"": 6, ""ma_windows"": [6, 18, 72], ""mtf_intervals"": [""4h"", ""1d""], ""ret_windows"": [1, 2, 4, 8, 24], ""rsi_period"": 7, ""target_threshold"": 0.004, ""vol_windows"": [24, 48]}","{""colsample_bytree"": 1.0, ""gamma"": 0.0, ""learning_rate"": 0.03, ""max_depth"": 5, ""min_child_weight"": 1, ""n_estimators"": 250, ""subsample"": 1.0}",4,4003,0.7619285535848114,0.013085156878667726,2.6846791421122272e+22,352.6384297310968,0.07884120533897354,51.9192367617724
stage2,5539,44,0.58,74014,27,"{""atr_period"": 7, ""horizon_h"": 6, ""ma_windows"": [6, 18, 72], ""mtf_intervals"": [""4h"", ""1d""], ""ret_windows"": [1, 2, 4, 8, 24], ""rsi_period"": 7, ""target_threshold"": 0.004, ""vol_windows"": [24, 48]}","{""colsample_bytree"": 1.0, ""gamma"": 0.0, ""learning_rate"": 0.03, ""max_depth"": 5, ""min_child_weight"": 1, ""n_estimators"": 250, ""subsample"": 1.0}",4,3471,0.7821953327571305,0.013948039134416822,5.28885941885641e+20,352.6384297310968,0.07884120533897343,48.015224448313134
stage2,5539,44,0.6,74014,27,"{""atr_period"": 7, ""horizon_h"": 6, ""ma_windows"": [6, 18, 72], ""mtf_intervals"": [""4h"", ""1d""], ""ret_windows"": [1, 2, 4, 8, 24], ""rsi_period"": 7, ""target_threshold"": 0.004, ""vol_windows"": [24, 48]}","{""colsample_bytree"": 1.0, ""gamma"": 0.0, ""learning_rate"": 0.03, ""max_depth"": 5, ""min_child_weight"": 1, ""n_estimators"": 250, ""subsample"": 1.0}",4,3175,0.7990551181102362,0.014627818739758677,7.54209482346333e+19,352.6384297310968,0.07884120533897354,46.08646278010197
stage2,5539,44,0.62,74014,27,"{""atr_period"": 7, ""horizon_h"": 6, ""ma_windows"": [6, 18, 72], ""mtf_intervals"": [""4h"", ""1d""], ""ret_windows"": [1, 2, 4, 8, 24], ""rsi_period"": 7, ""target_threshold"": 0.004, ""vol_windows"": [24, 48]}","{""colsample_bytree"": 1.0, ""gamma"": 0.0, ""learning_rate"": 0.03, ""max_depth"": 5, ""min_child_weight"": 1, ""n_estimators"": 250, ""subsample"": 1.0}",4,2879,0.812434873219868,0.015281186277689205,6.704126362367609e+18,352.6384297310968,0.07092643614738747,43.68598905642053
stage2,5539,44,0.65,74014,27,"{""atr_period"": 7, ""horizon_h"": 6, ""ma_windows"": [6, 18, 72], ""mtf_intervals"": [""4h"", ""1d""], ""ret_windows"": [1, 2, 4, 8, 24], ""rsi_period"": 7, ""target_threshold"": 0.004, ""vol_windows"": [24, 48]}","{""colsample_bytree"": 1.0, ""gamma"": 0.0, ""learning_rate"": 0.03, ""max_depth"": 5, ""min_child_weight"": 1, ""n_estimators"": 250, ""subsample"": 1.0}",4,2446,0.8352412101390024,0.016299971484978703,1.1372138586904664e+17,352.6384297310968,0.06507822986420708,39.63858149335637
stage2,5539,23,0.52,74014,27,"{""atr_period"": 7, ""horizon_h"": 6, ""ma_windows"": [6, 18, 72], ""mtf_intervals"": [""4h"", ""1d""], ""ret_windows"": [1, 2, 4, 8, 24], ""rsi_period"": 7, ""target_threshold"": 0.004, ""vol_windows"": [24, 48]}","{""colsample_bytree"": 1.0, ""gamma"": 0.2, ""learning_rate"": 0.07, ""max_depth"": 3, ""min_child_weight"": 5, ""n_estimators"": 250, ""subsample"": 0.7}",4,4388,0.7340474020054695,0.01219678573709203,8.212949962376534e+22,352.6384297310968,0.09995250479429374,52.99742017322209
stage2,5539,23,0.55,74014,27,"{""atr_period"": 7, ""horizon_h"": 6, ""ma_windows"": [6, 18, 72], ""mtf_intervals"": [""4h"", ""1d""], ""ret_windows"": [1, 2, 4, 8, 24], ""rsi_period"": 7, ""target_threshold"": 0.004, ""vol_windows"": [24, 48]}","{""colsample_bytree"": 1.0, ""gamma"": 0.2, ""learning_rate"": 0.07, ""max_depth"": 3, ""min_child_weight"": 5, ""n_estimators"": 250, ""subsample"": 0.7}",4,3816,0.7552410901467506,0.013076336477505817,2.280536485307849e+21,352.6384297310968,0.09995250479429363,49.4375249802764
stage2,5539,23,0.58,74014,27,"{""atr_period"": 7, ""horizon_h"": 6, ""ma_windows"": [6, 18, 72], ""mtf_intervals"": [""4h"", ""1d""], ""ret_windows"": [1, 2, 4, 8, 24], ""rsi_period"": 7, ""target_threshold"": 0.004, ""vol_windows"": [24, 48]}","{""colsample_bytree"": 1.0, ""gamma"": 0.2, ""learning_rate"": 0.07, ""max_depth"": 3, ""min_child_weight"": 5, ""n_estimators"": 250, ""subsample"": 0.7}",4,3258,0.7817679558011049,0.014157868599869927,5.4917114430253744e+19,352.6384297310968,0.09370265218681662,45.74418269943045
stage2,5539,23,0.6,74014,27,"{""atr_period"": 7, ""horizon_h"": 6, ""ma_windows"": [6, 18, 72], ""mtf_intervals"": [""4h"", ""1d""], ""ret_windows"": [1, 2, 4, 8, 24], ""rsi_period"": 7, ""target_threshold"": 0.004, ""vol_windows"": [24, 48]}","{""colsample_bytree"": 1.0, ""gamma"": 0.2, ""learning_rate"": 0.07, ""max_depth"": 3, ""min_child_weight"": 5, ""n_estimators"": 250, ""subsample"": 0.7}",4,2955,0.7915397631133672,0.014685889209070754,3.7072591098268237e+18,352.6384297310968,0.07092643614738747,43.072080199152786
stage2,5539,23,0.62,74014,27,"{""atr_period"": 7, ""horizon_h"": 6, ""ma_windows"": [6, 18, 72], ""mtf_intervals"": [""4h"", ""1d""], ""ret_windows"": [1, 2, 4, 8, 24], ""rsi_period"": 7, ""target_threshold"": 0.004, ""vol_windows"": [24, 48]}","{""colsample_bytree"": 1.0, ""gamma"": 0.2, ""learning_rate"": 0.07, ""max_depth"": 3, ""min_child_weight"": 5, ""n_estimators"": 250, ""subsample"": 0.7}",4,2639,0.8063660477453581,0.0153598640502087,2.1927947916993686e+17,352.6384297310968,0.07092643614738747,40.26163200424395
stage2,5539,23,0.65,74014,27,"{""atr_period"": 7, ""horizon_h"": 6, ""ma_windows"": [6, 18, 72], ""mtf_intervals"": [""4h"", ""1d""], ""ret_windows"": [1, 2, 4, 8, 24], ""rsi_period"": 7, ""target_threshold"": 0.004, ""vol_windows"": [24, 48]}","{""colsample_bytree"": 1.0, ""gamma"": 0.2, ""learning_rate"": 0.07, ""max_depth"": 3, ""min_child_weight"": 5, ""n_estimators"": 250, ""subsample"": 0.7}",4,2239,0.825368468066101,0.01639201386614727,4970045252337924.0,352.6384297310968,0.07092643614738747,36.49817300738431
stage2,4315,51,0.52,74014,27,"{""atr_period"": 21, ""horizon_h"": 6, ""ma_windows"": [8, 24, 96], ""mtf_intervals"": [""4h"", ""1d""], ""ret_windows"": [1, 2, 4, 8, 24], ""rsi_period"": 7, ""target_threshold"": 0.004, ""vol_windows"": [12, 48]}","{""colsample_bytree"": 0.7, ""gamma"": 0.2, ""learning_rate"": 0.07, ""max_depth"": 5, ""min_child_weight"": 5, ""n_estimators"": 250, ""subsample"": 0.7}",4,4905,0.7280326197757391,0.011737168438145916,4.5435829061645507e+24,352.6384297310968,0.09339286943286762,57.00538512765571
stage2,4315,51,0.55,74014,27,"{""atr_period"": 21, ""horizon_h"": 6, ""ma_windows"": [8, 24, 96], ""mtf_intervals"": [""4h"", ""1d""], ""ret_windows"": [1, 2, 4, 8, 24], ""rsi_period"": 7, ""target_threshold"": 0.004, ""vol_windows"": [12, 48]}","{""colsample_bytree"": 0.7, ""gamma"": 0.2, ""learning_rate"": 0.07, ""max_depth"": 5, ""min_child_weight"": 5, ""n_estimators"": 250, ""subsample"": 0.7}",4,4388,0.7488605287146763,0.012465325038718078,2.653896125830719e+23,352.6384297310968,0.09220607331092212,54.188193921910745
stage2,4315,51,0.58,74014,27,"{""atr_period"": 21, ""horizon_h"": 6, ""ma_windows"": [8, 24, 96], ""mtf_intervals"": [""4h"", ""1d""], ""ret_windows"": [1, 2, 4, 8, 24], ""rsi_period"": 7, ""target_threshold"": 0.004, ""vol_windows"": [12, 48]}","{""colsample_bytree"": 0.7, ""gamma"": 0.2, ""learning_rate"": 0.07, ""max_depth"": 5, ""min_child_weight"": 5, ""n_estimators"": 250, ""subsample"": 0.7}",4,3922,0.7695053544110148,0.013273057067518936,1.9507622523920856e+22,352.6384297310968,0.09220607331092201,51.60077794413979
stage2,4315,51,0.6,74014,27,"{""atr_period"": 21, ""horizon_h"": 6, ""ma_windows"": [8, 24, 96], ""mtf_intervals"": [""4h"", ""1d""], ""ret_windows"": [1, 2, 4, 8, 24], ""rsi_period"": 7, ""target_threshold"": 0.004, ""vol_windows"": [12, 48]}","{""colsample_bytree"": 0.7, ""gamma"": 0.2, ""learning_rate"": 0.07, ""max_depth"": 5, ""min_child_weight"": 5, ""n_estimators"": 250, ""subsample"": 0.7}",4,3624,0.7811810154525386,0.013778873838759937,2.3878638411639465e+21,352.6384297310968,0.08208294766924096,49.518820458079176
stage2,4315,51,0.62,74014,27,"{""atr_period"": 21, ""horizon_h"": 6, ""ma_windows"": [8, 24, 96], ""mtf_intervals"": [""4h"", ""1d""], ""ret_windows"": [1, 2, 4, 8, 24], ""rsi_period"": 7, ""target_threshold"": 0.004, ""vol_windows"": [12, 48]}","{""colsample_bytree"": 0.7, ""gamma"": 0.2, ""learning_rate"": 0.07, ""max_depth"": 5, ""min_child_weight"": 5, ""n_estimators"": 250, ""subsample"": 0.7}",4,3314,0.7972238986119493,0.014424608127891154,2.906310506937921e+20,352.6384297310968,0.08475004719349633,47.429387229925204
stage2,4315,51,0.65,74014,27,"{""atr_period"": 21, ""horizon_h"": 6, ""ma_windows"": [8, 24, 96], ""mtf_intervals"": [""4h"", ""1d""], ""ret_windows"": [1, 2, 4, 8, 24], ""rsi_period"": 7, ""target_threshold"": 0.004, ""vol_windows"": [12, 48]}","{""colsample_bytree"": 0.7, ""gamma"": 0.2, ""learning_rate"": 0.07, ""max_depth"": 5, ""min_child_weight"": 5, ""n_estimators"": 250, ""subsample"": 0.7}",4,2852,0.8218793828892006,0.015471019919259407,7.622207825951263e+18,352.6384297310968,0.07884120533897365,43.81944880555901
stage2,4315,58,0.52,74014,27,"{""atr_period"": 21, ""horizon_h"": 6, ""ma_windows"": [8, 24, 96], ""mtf_intervals"": [""4h"", ""1d""], ""ret_windows"": [1, 2, 4, 8, 24], ""rsi_period"": 7, ""target_threshold"": 0.004, ""vol_windows"": [12, 48]}","{""colsample_bytree"": 0.7, ""gamma"": 0.0, ""learning_rate"": 0.07, ""max_depth"": 5, ""min_child_weight"": 5, ""n_estimators"": 250, ""subsample"": 1.0}",4,4929,0.7293568675187665,0.01166708697278609,4.306252398304064e+24,352.6384297310968,0.1664903889092748,56.91568723991507
stage2,4315,58,0.55,74014,27,"{""atr_period"": 21, ""horizon_h"": 6, ""ma_windows"": [8, 24, 96], ""mtf_intervals"": [""4h"", ""1d""], ""ret_windows"": [1, 2, 4, 8, 24], ""rsi_period"": 7, ""target_threshold"": 0.004, ""vol_windows"": [12, 48]}","{""colsample_bytree"": 0.7, ""gamma"": 0.0, ""learning_rate"": 0.07, ""max_depth"": 5, ""min_child_weight"": 5, ""n_estimators"": 250, ""subsample"": 1.0}",4,4411,0.7499433235094083,0.012411803623686152,2.8033599176624714e+23,352.6384297310968,0.12000410582423149,54.229522842133576
stage2,4315,58,0.58,74014,27,"{""atr_period"": 21, ""horizon_h"": 6, ""ma_windows"": [8, 24, 96], ""mtf_intervals"": [""4h"", ""1d""], ""ret_windows"": [1, 2, 4, 8, 24], ""rsi_period"": 7, ""target_threshold"": 0.004, ""vol_windows"": [12, 48]}","{""colsample_bytree"": 0.7, ""gamma"": 0.0, ""learning_rate"": 0.07, ""max_depth"": 5, ""min_child_weight"": 5, ""n_estimators"": 250, ""subsample"": 1.0}",4,3879,0.7749419953596288,0.013413723655374545,1.904395871441864e+22,352.6384297310968,0.10590710498058986,51.575346709340366
stage2,4315,58,0.6,74014,27,"{""atr_period"": 21, ""horizon_h"": 6, ""ma_windows"": [8, 24, 96], ""mtf_intervals"": [""4h"", ""1d""], ""ret_windows"": [1, 2, 4, 8, 24], ""rsi_period"": 7, ""target_threshold"": 0.004, ""vol_windows"": [12, 48]}","{""colsample_bytree"": 0.7, ""gamma"": 0.0, ""learning_rate"": 0.07, ""max_depth"": 5, ""min_child_weight"": 5, ""n_estimators"": 250, ""subsample"": 1.0}",4,3549,0.7872640180332489,0.013995880710464526,1.8400361195007972e+21,352.6384297310968,0.07884120533897354,49.266429811907486
stage2,4315,58,0.62,74014,27,"{""atr_period"": 21, ""horizon_h"": 6, ""ma_windows"": [8, 24, 96], ""mtf_intervals"": [""4h"", ""1d""], ""ret_windows"": [1, 2, 4, 8, 24], ""rsi_period"": 7, ""target_threshold"": 0.004, ""vol_windows"": [12, 48]}","{""colsample_bytree"": 0.7, ""gamma"": 0.0, ""learning_rate"": 0.07, ""max_depth"": 5, ""min_child_weight"": 5, ""n_estimators"": 250, ""subsample"": 1.0}",4,3259,0.7971770481742866,0.014535984656088102,1.890078560900373e+20,352.6384297310968,0.07884120533897354,47.0029291678212
stage2,4315,58,0.65,74014,27,"{""atr_period"": 21, ""horizon_h"": 6, ""ma_windows"": [8, 24, 96], ""mtf_intervals"": [""4h"", ""1d""], ""ret_windows"": [1, 2, 4, 8, 24], ""rsi_period"": 7, ""target_threshold"": 0.004, ""vol_windows"": [12, 48]}","{""colsample_bytree"": 0.7, ""gamma"": 0.0, ""learning_rate"": 0.07, ""max_depth"": 5, ""min_child_weight"": 5, ""n_estimators"": 250, ""subsample"": 1.0}",4,2856,0.8165266106442577,0.01538527541249121,6.335461373185615e+18,352.6384297310968,0.07630496788191499,43.63084532212053
stage2,4315,50,0.52,74014,27,"{""atr_period"": 21, ""horizon_h"": 6, ""ma_windows"": [8, 24, 96], ""mtf_intervals"": [""4h"", ""1d""], ""ret_windows"": [1, 2, 4, 8, 24], ""rsi_period"": 7, ""target_threshold"": 0.004, ""vol_windows"": [12, 48]}","{""colsample_bytree"": 0.7, ""gamma"": 0.0, ""learning_rate"": 0.07, ""max_depth"": 5, ""min_child_weight"": 5, ""n_estimators"": 250, ""subsample"": 0.7}",4,4946,0.7248281439547108,0.011602008014678821,3.7672746046936283e+24,352.6384297310968,0.13159174020414333,56.795276764539096
stage2,4315,50,0.55,74014,27,"{""atr_period"": 21, ""horizon_h"": 6, ""ma_windows"": [8, 24, 96], ""mtf_intervals"": [""4h"", ""1d""], ""ret_windows"": [1, 2, 4, 8, 24], ""rsi_period"": 7, ""target_threshold"": 0.004, ""vol_windows"": [12, 48]}","{""colsample_bytree"": 0.7, ""gamma"": 0.0, ""learning_rate"": 0.07, ""max_depth"": 5, ""min_child_weight"": 5, ""n_estimators"": 250, ""subsample"": 0.7}",4,4393,0.7475529251081265,0.012445519443149753,2.5769419980847766e+23,352.6384297310968,0.09220607331092212,54.15756402172218
stage2,4315,50,0.58,74014,27,"{""atr_period"": 21, ""horizon_h"": 6, ""ma_windows"": [8, 24, 96], ""mtf_intervals"": [""4h"", ""1d""], ""ret_windows"": [1, 2, 4, 8, 24], ""rsi_period"": 7, ""target_threshold"": 0.004, ""vol_windows"": [12, 48]}","{""colsample_bytree"": 0.7, ""gamma"": 0.0, ""learning_rate"": 0.07, ""max_depth"": 5, ""min_child_weight"": 5, ""n_estimators"": 250, ""subsample"": 0.7}",4,3927,0.7667430608607079,0.013214940468583536,1.6564456603014952e+22,352.6384297310968,0.09220607331092201,51.4345571199475
stage2,4315,50,0.6,74014,27,"{""atr_period"": 21, ""horizon_h"": 6, ""ma_windows"": [8, 24, 96], ""mtf_intervals"": [""4h"", ""1d""], ""ret_windows"": [1, 2, 4, 8, 24], ""rsi_period"": 7, ""target_threshold"": 0.004, ""vol_windows"": [12, 48]}","{""colsample_bytree"": 0.7, ""gamma"": 0.0, ""learning_rate"": 0.07, ""max_depth"": 5, ""min_child_weight"": 5, ""n_estimators"": 250, ""subsample"": 0.7}",4,3620,0.782596685082873,0.013824669903348536,2.6607117752922837e+21,352.6384297310968,0.08208294766924085,49.62851385802898
stage2,4315,50,0.62,74014,27,"{""atr_period"": 21, ""horizon_h"": 6, ""ma_windows"": [8, 24, 96], ""mtf_intervals"": [""4h"", ""1d""], ""ret_windows"": [1, 2, 4, 8, 24], ""rsi_period"": 7, ""target_threshold"": 0.004, ""vol_windows"": [12, 48]}","{""colsample_bytree"": 0.7, ""gamma"": 0.0, ""learning_rate"": 0.07, ""max_depth"": 5, ""min_child_weight"": 5, ""n_estimators"": 250, ""subsample"": 0.7}",4,3331,0.7973581507054939,0.014381621664591261,3.208879919285734e+20,352.6384297310968,0.08475004719349621,47.52818827161335
stage2,4315,50,0.65,74014,27,"{""atr_period"": 21, ""horizon_h"": 6, ""ma_windows"": [8, 24, 96], ""mtf_intervals"": [""4h"", ""1d""], ""ret_windows"": [1, 2, 4, 8, 24], ""rsi_period"": 7, ""target_threshold"": 0.004, ""vol_windows"": [12, 48]}","{""colsample_bytree"": 0.7, ""gamma"": 0.0, ""learning_rate"": 0.07, ""max_depth"": 5, ""min_child_weight"": 5, ""n_estimators"": 250, ""subsample"": 0.7}",4,2868,0.8221757322175732,0.015416902603715171,8.326700779459225e+18,352.6384297310968,0.07884120533897332,43.9076541906606
stage2,4315,48,0.52,74014,27,"{""atr_period"": 21, ""horizon_h"": 6, ""ma_windows"": [8, 24, 96], ""mtf_intervals"": [""4h"", ""1d""], ""ret_windows"": [1, 2, 4, 8, 24], ""rsi_period"": 7, ""target_threshold"": 0.004, ""vol_windows"": [12, 48]}","{""colsample_bytree"": 0.7, ""gamma"": 0.0, ""learning_rate"": 0.07, ""max_depth"": 5, ""min_child_weight"": 1, ""n_estimators"": 250, ""subsample"": 0.7}",4,4916,0.7264035801464606,0.011628596270449812,3.034222147375037e+24,352.6384297310968,0.11428192213892674,56.589008002620545
stage2,4315,48,0.55,74014,27,"{""atr_period"": 21, ""horizon_h"": 6, ""ma_windows"": [8, 24, 96], ""mtf_intervals"": [""4h"", ""1d""], ""ret_windows"": [1, 2, 4, 8, 24], ""rsi_period"": 7, ""target_threshold"": 0.004, ""vol_windows"": [12, 48]}","{""colsample_bytree"": 0.7, ""gamma"": 0.0, ""learning_rate"": 0.07, ""max_depth"": 5, ""min_child_weight"": 1, ""n_estimators"": 250, ""subsample"": 0.7}",4,4392,0.7484061930783242,0.012449392907949306,2.5890870228850325e+23,352.6384297310968,0.10246331362828776,54.157850892527
stage2,4315,48,0.58,74014,27,"{""atr_period"": 21, ""horizon_h"": 6, ""ma_windows"": [8, 24, 96], ""mtf_intervals"": [""4h"", ""1d""], ""ret_windows"": [1, 2, 4, 8, 24], ""rsi_period"": 7, ""target_threshold"": 0.004, ""vol_windows"": [12, 48]}","{""colsample_bytree"": 0.7, ""gamma"": 0.0, ""learning_rate"": 0.07, ""max_depth"": 5, ""min_child_weight"": 1, ""n_estimators"": 250, ""subsample"": 0.7}",4,3907,0.7688763757358588,0.013276426298680847,1.616432739850284e+22,352.6384297310968,0.0922060733109219,51.41230322900352
stage2,4315,48,0.6,74014,27,"{""atr_period"": 21, ""horizon_h"": 6, ""ma_windows"": [8, 24, 96], ""mtf_intervals"": [""4h"", ""1d""], ""ret_windows"": [1, 2, 4, 8, 24], ""rsi_period"": 7, ""target_threshold"": 0.004, ""vol_windows"": [12, 48]}","{""colsample_bytree"": 0.7, ""gamma"": 0.0, ""learning_rate"": 0.07, ""max_depth"": 5, ""min_child_weight"": 1, ""n_estimators"": 250, ""subsample"": 0.7}",4,3614,0.7836192584394023,0.01380478913298964,2.279125304384921e+21,352.6384297310968,0.09220607331092212,49.469309366965575
stage2,4315,48,0.62,74014,27,"{""atr_period"": 21, ""horizon_h"": 6, ""ma_windows"": [8, 24, 96], ""mtf_intervals"": [""4h"", ""1d""], ""ret_windows"": [1, 2, 4, 8, 24], ""rsi_period"": 7, ""target_threshold"": 0.004, ""vol_windows"": [12, 48]}","{""colsample_bytree"": 0.7, ""gamma"": 0.0, ""learning_rate"": 0.07, ""max_depth"": 5, ""min_child_weight"": 1, ""n_estimators"": 250, ""subsample"": 0.7}",4,3304,0.7981234866828087,0.014445387624942525,2.6816130689059353e+20,352.6384297310968,0.07884120533897354,47.35276165239882
stage2,4315,48,0.65,74014,27,"{""atr_period"": 21, ""horizon_h"": 6, ""ma_windows"": [8, 24, 96], ""mtf_intervals"": [""4h"", ""1d""], ""ret_windows"": [1, 2, 4, 8, 24], ""rsi_period"": 7, ""target_threshold"": 0.004, ""vol_windows"": [12, 48]}","{""colsample_bytree"": 0.7, ""gamma"": 0.0, ""learning_rate"": 0.07, ""max_depth"": 5, ""min_child_weight"": 1, ""n_estimators"": 250, ""subsample"": 0.7}",4,2874,0.8197633959638135,0.015441828209355656,9.802447320198486e+18,352.6384297310968,0.07884120533897365,44.069088494720134
stage2,4315,57,0.52,74014,27,"{""atr_period"": 21, ""horizon_h"": 6, ""ma_windows"": [8, 24, 96], ""mtf_intervals"": [""4h"", ""1d""], ""ret_windows"": [1, 2, 4, 8, 24], ""rsi_period"": 7, ""target_threshold"": 0.004, ""vol_windows"": [12, 48]}","{""colsample_bytree"": 0.7, ""gamma"": 0.2, ""learning_rate"": 0.07, ""max_depth"": 5, ""min_child_weight"": 1, ""n_estimators"": 250, ""subsample"": 1.0}",4,4903,0.7275137670813787,0.011680985135282387,3.3937027414499886e+24,352.6384297310968,0.1664903889092748,56.6761775115817
stage2,4315,57,0.55,74014,27,"{""atr_period"": 21, ""horizon_h"": 6, ""ma_windows"": [8, 24, 96], ""mtf_intervals"": [""4h"", ""1d""], ""ret_windows"": [1, 2, 4, 8, 24], ""rsi_period"": 7, ""target_threshold"": 0.004, ""vol_windows"": [12, 48]}","{""colsample_bytree"": 0.7, ""gamma"": 0.2, ""learning_rate"": 0.07, ""max_depth"": 5, ""min_child_weight"": 1, ""n_estimators"": 250, ""subsample"": 1.0}",4,4398,0.7498863119599818,0.012435314029891233,2.6439025919940808e+23,352.6384297310968,0.1044971044270383,54.17885622861542
stage2,4315,57,0.58,74014,27,"{""atr_period"": 21, ""horizon_h"": 6, ""ma_windows"": [8, 24, 96], ""mtf_intervals"": [""4h"", ""1d""], ""ret_windows"": [1, 2, 4, 8, 24], ""rsi_period"": 7, ""target_threshold"": 0.004, ""vol_windows"": [12, 48]}","{""colsample_bytree"": 0.7, ""gamma"": 0.2, ""learning_rate"": 0.07, ""max_depth"": 5, ""min_child_weight"": 1, ""n_estimators"": 250, ""subsample"": 1.0}",4,3887,0.7705171083097504,0.013290672391121418,1.3206847527883085e+22,352.6384297310968,0.08208294766924096,51.21671999201642
stage2,4315,57,0.6,74014,27,"{""atr_period"": 21, ""horizon_h"": 6, ""ma_windows"": [8, 24, 96], ""mtf_intervals"": [""4h"", ""1d""], ""ret_windows"": [1, 2, 4, 8, 24], ""rsi_period"": 7, ""target_threshold"": 0.004, ""vol_windows"": [12, 48]}","{""colsample_bytree"": 0.7, ""gamma"": 0.2, ""learning_rate"": 0.07, ""max_depth"": 5, ""min_child_weight"": 1, ""n_estimators"": 250, ""subsample"": 1.0}",4,3559,0.7839280696824951,0.01390784641264194,1.5499679095215814e+21,352.6384297310968,0.08208294766924096,49.08988493326984
stage2,4315,57,0.62,74014,27,"{""atr_period"": 21, ""horizon_h"": 6, ""ma_windows"": [8, 24, 96], ""mtf_intervals"": [""4h"", ""1d""], ""ret_windows"": [1, 2, 4, 8, 24], ""rsi_period"": 7, ""target_threshold"": 0.004, ""vol_windows"": [12, 48]}","{""colsample_bytree"": 0.7, ""gamma"": 0.2, ""learning_rate"": 0.07, ""max_depth"": 5, ""min_child_weight"": 1, ""n_estimators"": 250, ""subsample"": 1.0}",4,3275,0.8006106870229007,0.014467042130167295,1.9080706360462636e+20,352.6384297310968,0.08208294766924096,47.0129778660354
stage2,4315,57,0.65,74014,27,"{""atr_period"": 21, ""horizon_h"": 6, ""ma_windows"": [8, 24, 96], ""mtf_intervals"": [""4h"", ""1d""], ""ret_windows"": [1, 2, 4, 8, 24], ""rsi_period"": 7, ""target_threshold"": 0.004, ""vol_windows"": [12, 48]}","{""colsample_bytree"": 0.7, ""gamma"": 0.2, ""learning_rate"": 0.07, ""max_depth"": 5, ""min_child_weight"": 1, ""n_estimators"": 250, ""subsample"": 1.0}",4,2864,0.8173882681564246,0.015282205642906135,5.365230749516946e+18,352.6384297310968,0.0763049678819151,43.4644868349396
stage2,4315,61,0.52,74014,27,"{""atr_period"": 21, ""horizon_h"": 6, ""ma_windows"": [8, 24, 96], ""mtf_intervals"": [""4h"", ""1d""], ""ret_windows"": [1, 2, 4, 8, 24], ""rsi_period"": 7, ""target_threshold"": 0.004, ""vol_windows"": [12, 48]}","{""colsample_bytree"": 1.0, ""gamma"": 0.2, ""learning_rate"": 0.07, ""max_depth"": 5, ""min_child_weight"": 1, ""n_estimators"": 250, ""subsample"": 1.0}",4,4927,0.7296529328191598,0.011734743957097536,5.794243336949547e+24,352.6384297310968,0.1546276490588373,57.219193601797826
stage2,4315,61,0.55,74014,27,"{""atr_period"": 21, ""horizon_h"": 6, ""ma_windows"": [8, 24, 96], ""mtf_intervals"": [""4h"", ""1d""], ""ret_windows"": [1, 2, 4, 8, 24], ""rsi_period"": 7, ""target_threshold"": 0.004, ""vol_windows"": [12, 48]}","{""colsample_bytree"": 1.0, ""gamma"": 0.2, ""learning_rate"": 0.07, ""max_depth"": 5, ""min_child_weight"": 1, ""n_estimators"": 250, ""subsample"": 1.0}",4,4388,0.7522789425706472,0.01255608368670796,3.9208592472251205e+23,352.6384297310968,0.15462764905883697,54.55072596338701
stage2,4315,61,0.58,74014,27,"{""atr_period"": 21, ""horizon_h"": 6, ""ma_windows"": [8, 24, 96], ""mtf_intervals"": [""4h"", ""1d""], ""ret_windows"": [1, 2, 4, 8, 24], ""rsi_period"": 7, ""target_threshold"": 0.004, ""vol_windows"": [12, 48]}","{""colsample_bytree"": 1.0, ""gamma"": 0.2, ""learning_rate"": 0.07, ""max_depth"": 5, ""min_child_weight"": 1, ""n_estimators"": 250, ""subsample"": 1.0}",4,3896,0.7705338809034907,0.013335964916447184,1.7629733771647652e+22,352.6384297310968,0.11111542322872547,51.49143096073991
stage2,4315,61,0.6,74014,27,"{""atr_period"": 21, ""horizon_h"": 6, ""ma_windows"": [8, 24, 96], ""mtf_intervals"": [""4h"", ""1d""], ""ret_windows"": [1, 2, 4, 8, 24], ""rsi_period"": 7, ""target_threshold"": 0.004, ""vol_windows"": [12, 48]}","{""colsample_bytree"": 1.0, ""gamma"": 0.2, ""learning_rate"": 0.07, ""max_depth"": 5, ""min_child_weight"": 1, ""n_estimators"": 250, ""subsample"": 1.0}",4,3592,0.785913140311804,0.013897377696454874,2.358104484877394e+21,352.6384297310968,0.07884120533897343,49.5126339959647
stage2,4315,61,0.62,74014,27,"{""atr_period"": 21, ""horizon_h"": 6, ""ma_windows"": [8, 24, 96], ""mtf_intervals"": [""4h"", ""1d""], ""ret_windows"": [1, 2, 4, 8, 24], ""rsi_period"": 7, ""target_threshold"": 0.004, ""vol_windows"": [12, 48]}","{""colsample_bytree"": 1.0, ""gamma"": 0.2, ""learning_rate"": 0.07, ""max_depth"": 5, ""min_child_weight"": 1, ""n_estimators"": 250, ""subsample"": 1.0}",4,3301,0.7991517721902454,0.014462128378111184,2.727985256451174e+20,352.6384297310968,0.07884120533897354,47.37086303742842
stage2,4315,61,0.65,74014,27,"{""atr_period"": 21, ""horizon_h"": 6, ""ma_windows"": [8, 24, 96], ""mtf_intervals"": [""4h"", ""1d""], ""ret_windows"": [1, 2, 4, 8, 24], ""rsi_period"": 7, ""target_threshold"": 0.004, ""vol_windows"": [12, 48]}","{""colsample_bytree"": 1.0, ""gamma"": 0.2, ""learning_rate"": 0.07, ""max_depth"": 5, ""min_child_weight"": 1, ""n_estimators"": 250, ""subsample"": 1.0}",4,2894,0.8223911541119557,0.015427339140448049,1.2748396133319598e+19,352.6384297310968,0.07884120533897365,44.33384817786313
stage2,4315,38,0.52,74014,27,"{""atr_period"": 21, ""horizon_h"": 6, ""ma_windows"": [8, 24, 96], ""mtf_intervals"": [""4h"", ""1d""], ""ret_windows"": [1, 2, 4, 8, 24], ""rsi_period"": 7, ""target_threshold"": 0.004, ""vol_windows"": [12, 48]}","{""colsample_bytree"": 1.0, ""gamma"": 0.0, ""learning_rate"": 0.03, ""max_depth"": 5, ""min_child_weight"": 5, ""n_estimators"": 250, ""subsample"": 0.7}",4,4612,0.7356895056374675,0.012099159660472597,7.901753410756829e+23,352.6384297310968,0.10246331362828764,55.260655049416926
stage2,4315,38,0.55,74014,27,"{""atr_period"": 21, ""horizon_h"": 6, ""ma_windows"": [8, 24, 96], ""mtf_intervals"": [""4h"", ""1d""], ""ret_windows"": [1, 2, 4, 8, 24], ""rsi_period"": 7, ""target_threshold"": 0.004, ""vol_windows"": [12, 48]}","{""colsample_bytree"": 1.0, ""gamma"": 0.0, ""learning_rate"": 0.03, ""max_depth"": 5, ""min_child_weight"": 5, ""n_estimators"": 250, ""subsample"": 0.7}",4,4065,0.7584255842558426,0.01294919915086123,3.4489765366133737e+22,352.6384297310968,0.09761932703852738,52.15647397393936
stage2,4315,38,0.58,74014,27,"{""atr_period"": 21, ""horizon_h"": 6, ""ma_windows"": [8, 24, 96], ""mtf_intervals"": [""4h"", ""1d""], ""ret_windows"": [1, 2, 4, 8, 24], ""rsi_period"": 7, ""target_threshold"": 0.004, ""vol_windows"": [12, 48]}","{""colsample_bytree"": 1.0, ""gamma"": 0.0, ""learning_rate"": 0.03, ""max_depth"": 5, ""min_child_weight"": 5, ""n_estimators"": 250, ""subsample"": 0.7}",4,3562,0.7843907916900618,0.013964544913241705,1.9667472077927188e+21,352.6384297310968,0.09220607331092201,49.32379392339743
stage2,4315,38,0.6,74014,27,"{""atr_period"": 21, ""horizon_h"": 6, ""ma_windows"": [8, 24, 96], ""mtf_intervals"": [""4h"", ""1d""], ""ret_windows"": [1, 2, 4, 8, 24], ""rsi_period"": 7, ""target_threshold"": 0.004, ""vol_windows"": [12, 48]}","{""colsample_bytree"": 1.0, ""gamma"": 0.0, ""learning_rate"": 0.03, ""max_depth"": 5, ""min_child_weight"": 5, ""n_estimators"": 250, ""subsample"": 0.7}",4,3266,0.795774647887324,0.014498038922038832,1.8469014271512376e+20,352.6384297310968,0.09220607331092201,46.971712183539
stage2,4315,38,0.62,74014,27,"{""atr_period"": 21, ""horizon_h"": 6, ""ma_windows"": [8, 24, 96], ""mtf_intervals"": [""4h"", ""1d""], ""ret_windows"": [1, 2, 4, 8, 24], ""rsi_period"": 7, ""target_threshold"": 0.004, ""vol_windows"": [12, 48]}","{""colsample_bytree"": 1.0, ""gamma"": 0.0, ""learning_rate"": 0.03, ""max_depth"": 5, ""min_child_weight"": 5, ""n_estimators"": 250, ""subsample"": 0.7}",4,2960,0.808445945945946,0.015146828666813753,1.532547732749421e+19,352.6384297310968,0.09220607331092201,44.49787665164753
stage2,4315,38,0.65,74014,27,"{""atr_period"": 21, ""horizon_h"": 6, ""ma_windows"": [8, 24, 96], ""mtf_intervals"": [""4h"", ""1d""], ""ret_windows"": [1, 2, 4, 8, 24], ""rsi_period"": 7, ""target_threshold"": 0.004, ""vol_windows"": [12, 48]}","{""colsample_bytree"": 1.0, ""gamma"": 0.0, ""learning_rate"": 0.03, ""max_depth"": 5, ""min_child_weight"": 5, ""n_estimators"": 250, ""subsample"": 0.7}",4,2495,0.8404809619238477,0.016459873308770006,3.682018734277944e+17,352.6384297310968,0.086491815202144,40.80822560017604
stage2,4315,36,0.52,74014,27,"{""atr_period"": 21, ""horizon_h"": 6, ""ma_windows"": [8, 24, 96], ""mtf_intervals"": [""4h"", ""1d""], ""ret_windows"": [1, 2, 4, 8, 24], ""rsi_period"": 7, ""target_threshold"": 0.004, ""vol_windows"": [12, 48]}","{""colsample_bytree"": 1.0, ""gamma"": 0.0, ""learning_rate"": 0.03, ""max_depth"": 5, ""min_child_weight"": 1, ""n_estimators"": 250, ""subsample"": 0.7}",4,4611,0.7399696378225982,0.012104821333648702,8.01472713436426e+23,352.6384297310968,0.1709646750941829,55.24406982335395
stage2,4315,36,0.55,74014,27,"{""atr_period"": 21, ""horizon_h"": 6, ""ma_windows"": [8, 24, 96], ""mtf_intervals"": [""4h"", ""1d""], ""ret_windows"": [1, 2, 4, 8, 24], ""rsi_period"": 7, ""target_threshold"": 0.004, ""vol_windows"": [12, 48]}","{""colsample_bytree"": 1.0, ""gamma"": 0.0, ""learning_rate"": 0.03, ""max_depth"": 5, ""min_child_weight"": 1, ""n_estimators"": 250, ""subsample"": 0.7}",4,4090,0.7579462102689487,0.012920831252527628,4.250730787504922e+22,352.6384297310968,0.0976193270385276,52.3648769187409
stage2,4315,36,0.58,74014,27,"{""atr_period"": 21, ""horizon_h"": 6, ""ma_windows"": [8, 24, 96], ""mtf_intervals"": [""4h"", ""1d""], ""ret_windows"": [1, 2, 4, 8, 24], ""rsi_period"": 7, ""target_threshold"": 0.004, ""vol_windows"": [12, 48]}","{""colsample_bytree"": 1.0, ""gamma"": 0.0, ""learning_rate"": 0.03, ""max_depth"": 5, ""min_child_weight"": 1, ""n_estimators"": 250, ""subsample"": 0.7}",4,3582,0.781965382467895,0.013883593470978537,1.9471600120988495e+21,352.6384297310968,0.09220607331092179,49.311196876898194
stage2,4315,36,0.6,74014,27,"{""atr_period"": 21, ""horizon_h"": 6, ""ma_windows"": [8, 24, 96], ""mtf_intervals"": [""4h"", ""1d""], ""ret_windows"": [1, 2, 4, 8, 24], ""rsi_period"": 7, ""target_threshold"": 0.004, ""vol_windows"": [12, 48]}","{""colsample_bytree"": 1.0, ""gamma"": 0.0, ""learning_rate"": 0.03, ""max_depth"": 5, ""min_child_weight"": 1, ""n_estimators"": 250, ""subsample"": 0.7}",4,3286,0.7976262933657943,0.014536699805895704,2.790921190674753e+20,352.6384297310968,0.09220607331092179,47.386365173571555
stage2,4315,36,0.62,74014,27,"{""atr_period"": 21, ""horizon_h"": 6, ""ma_windows"": [8, 24, 96], ""mtf_intervals"": [""4h"", ""1d""], ""ret_windows"": [1, 2, 4, 8, 24], ""rsi_period"": 7, ""target_threshold"": 0.004, ""vol_windows"": [12, 48]}","{""colsample_bytree"": 1.0, ""gamma"": 0.0, ""learning_rate"": 0.03, ""max_depth"": 5, ""min_child_weight"": 1, ""n_estimators"": 250, ""subsample"": 0.7}",4,2966,0.8125421443020904,0.015143694329396292,1.6667411473447963e+19,352.6384297310968,0.09220607331092201,44.58506731148262
stage2,4315,36,0.65,74014,27,"{""atr_period"": 21, ""horizon_h"": 6, ""ma_windows"": [8, 24, 96], ""mtf_intervals"": [""4h"", ""1d""], ""ret_windows"": [1, 2, 4, 8, 24], ""rsi_period"": 7, ""target_threshold"": 0.004, ""vol_windows"": [12, 48]}","{""colsample_bytree"": 1.0, ""gamma"": 0.0, ""learning_rate"": 0.03, ""max_depth"": 5, ""min_child_weight"": 1, ""n_estimators"": 250, ""subsample"": 0.7}",4,2502,0.8389288569144684,0.01634379846084747,3.10661460531745e+17,352.6384297310968,0.09220607331092179,40.63327059940562
stage2,4315,32,0.52,74014,27,"{""atr_period"": 21, ""horizon_h"": 6, ""ma_windows"": [8, 24, 96], ""mtf_intervals"": [""4h"", ""1d""], ""ret_windows"": [1, 2, 4, 8, 24], ""rsi_period"": 7, ""target_threshold"": 0.004, ""vol_windows"": [12, 48]}","{""colsample_bytree"": 0.7, ""gamma"": 0.0, ""learning_rate"": 0.03, ""max_depth"": 5, ""min_child_weight"": 1, ""n_estimators"": 250, ""subsample"": 0.7}",4,4558,0.7395787626151821,0.012196848541525683,6.418805190732938e+23,352.6384297310968,0.11272125248683584,55.05156630406325
stage2,4315,32,0.55,74014,27,"{""atr_period"": 21, ""horizon_h"": 6, ""ma_windows"": [8, 24, 96], ""mtf_intervals"": [""4h"", ""1d""], ""ret_windows"": [1, 2, 4, 8, 24], ""rsi_period"": 7, ""target_threshold"": 0.004, ""vol_windows"": [12, 48]}","{""colsample_bytree"": 0.7, ""gamma"": 0.0, ""learning_rate"": 0.03, ""max_depth"": 5, ""min_child_weight"": 1, ""n_estimators"": 250, ""subsample"": 0.7}",4,3997,0.7668251188391293,0.013148610897620549,3.1770436219051864e+22,352.6384297310968,0.08208294766924085,52.09043064001335
stage2,4315,32,0.58,74014,27,"{""atr_period"": 21, ""horizon_h"": 6, ""ma_windows"": [8, 24, 96], ""mtf_intervals"": [""4h"", ""1d""], ""ret_windows"": [1, 2, 4, 8, 24], ""rsi_period"": 7, ""target_threshold"": 0.004, ""vol_windows"": [12, 48]}","{""colsample_bytree"": 0.7, ""gamma"": 0.0, ""learning_rate"": 0.03, ""max_depth"": 5, ""min_child_weight"": 1, ""n_estimators"": 250, ""subsample"": 0.7}",4,3501,0.7872036560982576,0.013992224718880899,9.338716045732209e+20,352.6384297310968,0.07884120533897343,48.58815075429517
stage2,4315,32,0.6,74014,27,"{""atr_period"": 21, ""horizon_h"": 6, ""ma_windows"": [8, 24, 96], ""mtf_intervals"": [""4h"", ""1d""], ""ret_windows"": [1, 2, 4, 8, 24], ""rsi_period"": 7, ""target_threshold"": 0.004, ""vol_windows"": [12, 48]}","{""colsample_bytree"": 0.7, ""gamma"": 0.0, ""learning_rate"": 0.03, ""max_depth"": 5, ""min_child_weight"": 1, ""n_estimators"": 250, ""subsample"": 0.7}",4,3193,0.8045725023488882,0.01465833403054932,1.078509598459844e+20,352.6384297310968,0.0763049678819151,46.450054136694625
stage2,4315,32,0.62,74014,27,"{""atr_period"": 21, ""horizon_h"": 6, ""ma_windows"": [8, 24, 96], ""mtf_intervals"": [""4h"", ""1d""], ""ret_windows"": [1, 2, 4, 8, 24], ""rsi_period"": 7, ""target_threshold"": 0.004, ""vol_windows"": [12, 48]}","{""colsample_bytree"": 0.7, ""gamma"": 0.0, ""learning_rate"": 0.03, ""max_depth"": 5, ""min_child_weight"": 1, ""n_estimators"": 250, ""subsample"": 0.7}",4,2889,0.816545517480097,0.015286213737480521,7.89717039989282e+18,352.6384297310968,0.0763049678819151,43.85040983191922
stage2,4315,32,0.65,74014,27,"{""atr_period"": 21, ""horizon_h"": 6, ""ma_windows"": [8, 24, 96], ""mtf_intervals"": [""4h"", ""1d""], ""ret_windows"": [1, 2, 4, 8, 24], ""rsi_period"": 7, ""target_threshold"": 0.004, ""vol_windows"": [12, 48]}","{""colsample_bytree"": 0.7, ""gamma"": 0.0, ""learning_rate"": 0.03, ""max_depth"": 5, ""min_child_weight"": 1, ""n_estimators"": 250, ""subsample"": 0.7}",4,2446,0.839329517579722,0.016407294032808415,1.469035263316426e+17,352.6384297310968,0.07422883788216594,39.894160030168116
stage2,4315,42,0.52,74014,27,"{""atr_period"": 21, ""horizon_h"": 6, ""ma_windows"": [8, 24, 96], ""mtf_intervals"": [""4h"", ""1d""], ""ret_windows"": [1, 2, 4, 8, 24], ""rsi_period"": 7, ""target_threshold"": 0.004, ""vol_windows"": [12, 48]}","{""colsample_bytree"": 0.7, ""gamma"": 0.0, ""learning_rate"": 0.03, ""max_depth"": 5, ""min_child_weight"": 5, ""n_estimators"": 250, ""subsample"": 1.0}",4,4553,0.7355589721063035,0.012094676757935682,3.8199903509416504e+23,352.6384297310968,0.10246331362828764,54.533677970481214
stage2,4315,42,0.55,74014,27,"{""atr_period"": 21, ""horizon_h"": 6, ""ma_windows"": [8, 24, 96], ""mtf_intervals"": [""4h"", ""1d""], ""ret_windows"": [1, 2, 4, 8, 24], ""rsi_period"": 7, ""target_threshold"": 0.004, ""vol_windows"": [12, 48]}","{""colsample_bytree"": 0.7, ""gamma"": 0.0, ""learning_rate"": 0.03, ""max_depth"": 5, ""min_child_weight"": 5, ""n_estimators"": 250, ""subsample"": 1.0}",4,4002,0.7571214392803598,0.01299003067768083,1.8107996435880627e+22,352.6384297310968,0.0976193270385276,51.51144831894945
stage2,4315,42,0.58,74014,27,"{""atr_period"": 21, ""horizon_h"": 6, ""ma_windows"": [8, 24, 96], ""mtf_intervals"": [""4h"", ""1d""], ""ret_windows"": [1, 2, 4, 8, 24], ""rsi_period"": 7, ""target_threshold"": 0.004, ""vol_windows"": [12, 48]}","{""colsample_bytree"": 0.7, ""gamma"": 0.0, ""learning_rate"": 0.03, ""max_depth"": 5, ""min_child_weight"": 5, ""n_estimators"": 250, ""subsample"": 1.0}",4,3520,0.7818181818181819,0.013896909121704954,8.692526254614938e+20,352.6384297310968,0.08208294766924085,48.509753809745405
stage2,4315,42,0.6,74014,27,"{""atr_period"": 21, ""horizon_h"": 6, ""ma_windows"": [8, 24, 96], ""mtf_intervals"": [""4h"", ""1d""], ""ret_windows"": [1, 2, 4, 8, 24], ""rsi_period"": 7, ""target_threshold"": 0.004, ""vol_windows"": [12, 48]}","{""colsample_bytree"": 0.7, ""gamma"": 0.0, ""learning_rate"": 0.03, ""max_depth"": 5, ""min_child_weight"": 5, ""n_estimators"": 250, ""subsample"": 1.0}",4,3192,0.7973057644110275,0.014563625992053738,7.86889193516789e+19,352.6384297310968,0.07884120533897365,46.12696704015959
stage2,4315,42,0.62,74014,27,"{""atr_period"": 21, ""horizon_h"": 6, ""ma_windows"": [8, 24, 96], ""mtf_intervals"": [""4h"", ""1d""], ""ret_windows"": [1, 2, 4, 8, 24], ""rsi_period"": 7, ""target_threshold"": 0.004, ""vol_windows"": [12, 48]}","{""colsample_bytree"": 0.7, ""gamma"": 0.0, ""learning_rate"": 0.03, ""max_depth"": 5, ""min_child_weight"": 5, ""n_estimators"": 250, ""subsample"": 1.0}",4,2873,0.8144796380090498,0.015241163013658778,5.460076767834274e+18,352.6384297310968,0.07422883788216594,43.480393119169136
stage2,4315,42,0.65,74014,27,"{""atr_period"": 21, ""horizon_h"": 6, ""ma_windows"": [8, 24, 96], ""mtf_intervals"": [""4h"", ""1d""], ""ret_windows"": [1, 2, 4, 8, 24], ""rsi_period"": 7, ""target_threshold"": 0.004, ""vol_windows"": [12, 48]}","{""colsample_bytree"": 0.7, ""gamma"": 0.0, ""learning_rate"": 0.03, ""max_depth"": 5, ""min_child_weight"": 5, ""n_estimators"": 250, ""subsample"": 1.0}",4,2422,0.8369116432700248,0.016349595368497328,8.669676816412152e+16,352.6384297310968,0.07438050509704175,39.36432882694086
stage2,4315,44,0.52,74014,27,"{""atr_period"": 21, ""horizon_h"": 6, ""ma_windows"": [8, 24, 96], ""mtf_intervals"": [""4h"", ""1d""], ""ret_windows"": [1, 2, 4, 8, 24], ""rsi_period"": 7, ""target_threshold"": 0.004, ""vol_windows"": [12, 48]}","{""colsample_bytree"": 1.0, ""gamma"": 0.0, ""learning_rate"": 0.03, ""max_depth"": 5, ""min_child_weight"": 1, ""n_estimators"": 250, ""subsample"": 1.0}",4,4624,0.7389705882352942,0.012103868839291114,9.307722564438826e+23,352.6384297310968,0.1298266129012533,55.413395692569736
stage2,4315,44,0.55,74014,27,"{""atr_period"": 21, ""horizon_h"": 6, ""ma_windows"": [8, 24, 96], ""mtf_intervals"": [""4h"", ""1d""], ""ret_windows"": [1, 2, 4, 8, 24], ""rsi_period"": 7, ""target_threshold"": 0.004, ""vol_windows"": [12, 48]}","{""colsample_bytree"": 1.0, ""gamma"": 0.0, ""learning_rate"": 0.03, ""max_depth"": 5, ""min_child_weight"": 1, ""n_estimators"": 250, ""subsample"": 1.0}",4,4062,0.7639094042343673,0.012984646956010015,3.8309793755072265e+22,352.6384297310968,0.12513030546126191,52.25243207429855
stage2,4315,44,0.58,74014,27,"{""atr_period"": 21, ""horizon_h"": 6, ""ma_windows"": [8, 24, 96], ""mtf_intervals"": [""4h"", ""1d""], ""ret_windows"": [1, 2, 4, 8, 24], ""rsi_period"": 7, ""target_threshold"": 0.004, ""vol_windows"": [12, 48]}","{""colsample_bytree"": 1.0, ""gamma"": 0.0, ""learning_rate"": 0.03, ""max_depth"": 5, ""min_child_weight"": 1, ""n_estimators"": 250, ""subsample"": 1.0}",4,3544,0.784706546275395,0.01388974446356265,1.1837116203283637e+21,352.6384297310968,0.09220607331092201,48.81572205183177
stage2,4315,44,0.6,74014,27,"{""atr_period"": 21, ""horizon_h"": 6, ""ma_windows"": [8, 24, 96], ""mtf_intervals"": [""4h"", ""1d""], ""ret_windows"": [1, 2, 4, 8, 24], ""rsi_period"": 7, ""target_threshold"": 0.004, ""vol_windows"": [12, 48]}","{""colsample_bytree"": 1.0, ""gamma"": 0.0, ""learning_rate"": 0.03, ""max_depth"": 5, ""min_child_weight"": 1, ""n_estimators"": 250, ""subsample"": 1.0}",4,3187,0.8010668340131786,0.014533824645475557,6.6945211338395296e+19,352.6384297310968,0.08208294766924107,45.9664888080728
stage2,4315,44,0.62,74014,27,"{""atr_period"": 21, ""horizon_h"": 6, ""ma_windows"": [8, 24, 96], ""mtf_intervals"": [""4h"", ""1d""], ""ret_windows"": [1, 2, 4, 8, 24], ""rsi_period"": 7, ""target_threshold"": 0.004, ""vol_windows"": [12, 48]}","{""colsample_bytree"": 1.0, ""gamma"": 0.0, ""learning_rate"": 0.03, ""max_depth"": 5, ""min_child_weight"": 1, ""n_estimators"": 250, ""subsample"": 1.0}",4,2899,0.8168333908244222,0.01520938058463543,7.390205831150582e+18,352.6384297310968,0.07899211691902863,43.78233296000124
stage2,4315,44,0.65,74014,27,"{""atr_period"": 21, ""horizon_h"": 6, ""ma_windows"": [8, 24, 96], ""mtf_intervals"": [""4h"", ""1d""], ""ret_windows"": [1, 2, 4, 8, 24], ""rsi_period"": 7, ""target_threshold"": 0.004, ""vol_windows"": [12, 48]}","{""colsample_bytree"": 1.0, ""gamma"": 0.0, ""learning_rate"": 0.03, ""max_depth"": 5, ""min_child_weight"": 1, ""n_estimators"": 250, ""subsample"": 1.0}",4,2434,0.8348397699260477,0.016400718338511543,1.1872027392773722e+17,352.6384297310968,0.07422883788216605,39.67750962537774
stage2,4315,23,0.52,74014,27,"{""atr_period"": 21, ""horizon_h"": 6, ""ma_windows"": [8, 24, 96], ""mtf_intervals"": [""4h"", ""1d""], ""ret_windows"": [1, 2, 4, 8, 24], ""rsi_period"": 7, ""target_threshold"": 0.004, ""vol_windows"": [12, 48]}","{""colsample_bytree"": 1.0, ""gamma"": 0.2, ""learning_rate"": 0.07, ""max_depth"": 3, ""min_child_weight"": 5, ""n_estimators"": 250, ""subsample"": 0.7}",4,4382,0.7357371063441351,0.012269303114297444,1.043495677223765e+23,352.6384297310968,0.12513030546126214,53.226212401074385
stage2,4315,23,0.55,74014,27,"{""atr_period"": 21, ""horizon_h"": 6, ""ma_windows"": [8, 24, 96], ""mtf_intervals"": [""4h"", ""1d""], ""ret_windows"": [1, 2, 4, 8, 24], ""rsi_period"": 7, ""target_threshold"": 0.004, ""vol_windows"": [12, 48]}","{""colsample_bytree"": 1.0, ""gamma"": 0.2, ""learning_rate"": 0.07, ""max_depth"": 3, ""min_child_weight"": 5, ""n_estimators"": 250, ""subsample"": 0.7}",4,3829,0.7573779054583443,0.013121129601309869,3.1925930368742274e+21,352.6384297310968,0.12513030546126214,49.76342661214693
stage2,4315,23,0.58,74014,27,"{""atr_period"": 21, ""horizon_h"": 6, ""ma_windows"": [8, 24, 96], ""mtf_intervals"": [""4h"", ""1d""], ""ret_windows"": [1, 2, 4, 8, 24], ""rsi_period"": 7, ""target_threshold"": 0.004, ""vol_windows"": [12, 48]}","{""colsample_bytree"": 1.0, ""gamma"": 0.2, ""learning_rate"": 0.07, ""max_depth"": 3, ""min_child_weight"": 5, ""n_estimators"": 250, ""subsample"": 0.7}",4,3312,0.7780797101449275,0.014066903618147084,8.653318319211004e+19,352.6384297310968,0.09689659684505347,46.19361033362367
stage2,4315,23,0.6,74014,27,"{""atr_period"": 21, ""horizon_h"": 6, ""ma_windows"": [8, 24, 96], ""mtf_intervals"": [""4h"", ""1d""], ""ret_windows"": [1, 2, 4, 8, 24], ""rsi_period"": 7, ""target_threshold"": 0.004, ""vol_windows"": [12, 48]}","{""colsample_bytree"": 1.0, ""gamma"": 0.2, ""learning_rate"": 0.07, ""max_depth"": 3, ""min_child_weight"": 5, ""n_estimators"": 250, ""subsample"": 0.7}",4,3004,0.7919440745672437,0.01476020830893531,9.341438266358223e+18,352.6384297310968,0.09220607331092212,43.98652579372227
stage2,4315,23,0.62,74014,27,"{""atr_period"": 21, ""horizon_h"": 6, ""ma_windows"": [8, 24, 96], ""mtf_intervals"": [""4h"", ""1d""], ""ret_windows"": [1, 2, 4, 8, 24], ""rsi_period"": 7, ""target_threshold"": 0.004, ""vol_windows"": [12, 48]}","{""colsample_bytree"": 1.0, ""gamma"": 0.2, ""learning_rate"": 0.07, ""max_depth"": 3, ""min_child_weight"": 5, ""n_estimators"": 250, ""subsample"": 0.7}",4,2695,0.8066790352504638,0.015473848414915167,6.87422807099197e+17,352.6384297310968,0.0922060733109219,41.39475691642872
stage2,4315,23,0.65,74014,27,"{""atr_period"": 21, ""horizon_h"": 6, ""ma_windows"": [8, 24, 96], ""mtf_intervals"": [""4h"", ""1d""], ""ret_windows"": [1, 2, 4, 8, 24], ""rsi_period"": 7, ""target_threshold"": 0.004, ""vol_windows"": [12, 48]}","{""colsample_bytree"": 1.0, ""gamma"": 0.2, ""learning_rate"": 0.07, ""max_depth"": 3, ""min_child_weight"": 5, ""n_estimators"": 250, ""subsample"": 0.7}",4,2292,0.8280977312390925,0.01646496635653878,1.372332607412705e+16,352.6384297310968,0.07438050509704186,37.51488107635116
stage2,8238,51,0.52,74933,24,"{""atr_period"": 7, ""horizon_h"": 6, ""ma_windows"": [8, 24, 96], ""mtf_intervals"": [""1d""], ""ret_windows"": [1, 6, 12, 24, 48], ""rsi_period"": 14, ""target_threshold"": 0.004, ""vol_windows"": [24, 48]}","{""colsample_bytree"": 0.7, ""gamma"": 0.2, ""learning_rate"": 0.07, ""max_depth"": 5, ""min_child_weight"": 5, ""n_estimators"": 250, ""subsample"": 0.7}",4,4893,0.6948702227672184,0.011351538027686837,5.906138627336479e+23,2374.4351995711604,0.1750315517613953,54.894642100752485
stage2,8238,51,0.55,74933,24,"{""atr_period"": 7, ""horizon_h"": 6, ""ma_windows"": [8, 24, 96], ""mtf_intervals"": [""1d""], ""ret_windows"": [1, 6, 12, 24, 48], ""rsi_period"": 14, ""target_threshold"": 0.004, ""vol_windows"": [24, 48]}","{""colsample_bytree"": 0.7, ""gamma"": 0.2, ""learning_rate"": 0.07, ""max_depth"": 5, ""min_child_weight"": 5, ""n_estimators"": 250, ""subsample"": 0.7}",4,4270,0.7105386416861826,0.012123330429935759,1.4209244046417033e+22,2374.4351995711604,0.1750315517613954,51.18608147577267
stage2,8238,51,0.58,74933,24,"{""atr_period"": 7, ""horizon_h"": 6, ""ma_windows"": [8, 24, 96], ""mtf_intervals"": [""1d""], ""ret_windows"": [1, 6, 12, 24, 48], ""rsi_period"": 14, ""target_threshold"": 0.004, ""vol_windows"": [24, 48]}","{""colsample_bytree"": 0.7, ""gamma"": 0.2, ""learning_rate"": 0.07, ""max_depth"": 5, ""min_child_weight"": 5, ""n_estimators"": 250, ""subsample"": 0.7}",4,3699,0.7315490673154906,0.0129963196077488,3.690467900183652e+20,2374.4351995711604,0.14355715004426572,47.57488634780467
stage2,8238,51,0.6,74933,24,"{""atr_period"": 7, ""horizon_h"": 6, ""ma_windows"": [8, 24, 96], ""mtf_intervals"": [""1d""], ""ret_windows"": [1, 6, 12, 24, 48], ""rsi_period"": 14, ""target_threshold"": 0.004, ""vol_windows"": [24, 48]}","{""colsample_bytree"": 0.7, ""gamma"": 0.2, ""learning_rate"": 0.07, ""max_depth"": 5, ""min_child_weight"": 5, ""n_estimators"": 250, ""subsample"": 0.7}",4,3332,0.746998799519808,0.013810613954979052,4.8286556779369505e+19,2374.4351995711604,0.11185806558297362,45.57583978672595
stage2,8238,51,0.62,74933,24,"{""atr_period"": 7, ""horizon_h"": 6, ""ma_windows"": [8, 24, 96], ""mtf_intervals"": [""1d""], ""ret_windows"": [1, 6, 12, 24, 48], ""rsi_period"": 14, ""target_threshold"": 0.004, ""vol_windows"": [24, 48]}","{""colsample_bytree"": 0.7, ""gamma"": 0.2, ""learning_rate"": 0.07, ""max_depth"": 5, ""min_child_weight"": 5, ""n_estimators"": 250, ""subsample"": 0.7}",4,2958,0.7636916835699797,0.01467543045896505,3.675524996831886e+18,2374.4351995711604,0.0650782298642073,43.044045328231014
stage2,8238,51,0.65,74933,24,"{""atr_period"": 7, ""horizon_h"": 6, ""ma_windows"": [8, 24, 96], ""mtf_intervals"": [""1d""], ""ret_windows"": [1, 6, 12, 24, 48], ""rsi_period"": 14, ""target_threshold"": 0.004, ""vol_windows"": [24, 48]}","{""colsample_bytree"": 0.7, ""gamma"": 0.2, ""learning_rate"": 0.07, ""max_depth"": 5, ""min_child_weight"": 5, ""n_estimators"": 250, ""subsample"": 0.7}",4,2506,0.7785315243415802,0.015540550649564453,4.4645885825451e+16,2374.4351995711604,0.06319147484223542,38.653092442469394
stage2,8238,58,0.52,74933,24,"{""atr_period"": 7, ""horizon_h"": 6, ""ma_windows"": [8, 24, 96], ""mtf_intervals"": [""1d""], ""ret_windows"": [1, 6, 12, 24, 48], ""rsi_period"": 14, ""target_threshold"": 0.004, ""vol_windows"": [24, 48]}","{""colsample_bytree"": 0.7, ""gamma"": 0.0, ""learning_rate"": 0.07, ""max_depth"": 5, ""min_child_weight"": 5, ""n_estimators"": 250, ""subsample"": 1.0}",4,4780,0.6914225941422594,0.011351837222385716,1.653836086899494e+23,2374.4351995711604,0.1602158048719572,53.626399500182515
stage2,8238,58,0.55,74933,24,"{""atr_period"": 7, ""horizon_h"": 6, ""ma_windows"": [8, 24, 96], ""mtf_intervals"": [""1d""], ""ret_windows"": [1, 6, 12, 24, 48], ""rsi_period"": 14, ""target_threshold"": 0.004, ""vol_windows"": [24, 48]}","{""colsample_bytree"": 0.7, ""gamma"": 0.0, ""learning_rate"": 0.07, ""max_depth"": 5, ""min_child_weight"": 5, ""n_estimators"": 250, ""subsample"": 1.0}",4,4160,0.7117788461538461,0.012290036501342682,7.450886660062386e+21,2374.4351995711604,0.13697936755233042,50.56187367811586
stage2,8238,58,0.58,74933,24,"{""atr_period"": 7, ""horizon_h"": 6, ""ma_windows"": [8, 24, 96], ""mtf_intervals"": [""1d""], ""ret_windows"": [1, 6, 12, 24, 48], ""rsi_period"": 14, ""target_threshold"": 0.004, ""vol_windows"": [24, 48]}","{""colsample_bytree"": 0.7, ""gamma"": 0.0, ""learning_rate"": 0.07, ""max_depth"": 5, ""min_child_weight"": 5, ""n_estimators"": 250, ""subsample"": 1.0}",4,3599,0.7402056126701861,0.01332420715499167,3.2628458513597537e+20,2374.4351995711604,0.131821826507468,47.46714886911324
stage2,8238,58,0.6,74933,24,"{""atr_period"": 7, ""horizon_h"": 6, ""ma_windows"": [8, 24, 96], ""mtf_intervals"": [""1d""], ""ret_windows"": [1, 6, 12, 24, 48], ""rsi_period"": 14, ""target_threshold"": 0.004, ""vol_windows"": [24, 48]}","{""colsample_bytree"": 0.7, ""gamma"": 0.0, ""learning_rate"": 0.07, ""max_depth"": 5, ""min_child_weight"": 5, ""n_estimators"": 250, ""subsample"": 1.0}",4,3224,0.755272952853598,0.013960224770284925,1.779151150596379e+19,2374.4351995711604,0.1318218265074681,44.57524238295063
stage2,8238,58,0.62,74933,24,"{""atr_period"": 7, ""horizon_h"": 6, ""ma_windows"": [8, 24, 96], ""mtf_intervals"": [""1d""], ""ret_windows"": [1, 6, 12, 24, 48], ""rsi_period"": 14, ""target_threshold"": 0.004, ""vol_windows"": [24, 48]}","{""colsample_bytree"": 0.7, ""gamma"": 0.0, ""learning_rate"": 0.07, ""max_depth"": 5, ""min_child_weight"": 5, ""n_estimators"": 250, ""subsample"": 1.0}",4,2880,0.7711805555555555,0.014786312172838172,1.625685113152262e+18,2374.4351995711604,0.11129695417982444,42.21204747365374
stage2,8238,58,0.65,74933,24,"{""atr_period"": 7, ""horizon_h"": 6, ""ma_windows"": [8, 24, 96], ""mtf_intervals"": [""1d""], ""ret_windows"": [1, 6, 12, 24, 48], ""rsi_period"": 14, ""target_threshold"": 0.004, ""vol_windows"": [24, 48]}","{""colsample_bytree"": 0.7, ""gamma"": 0.0, ""learning_rate"": 0.07, ""max_depth"": 5, ""min_child_weight"": 5, ""n_estimators"": 250, ""subsample"": 1.0}",4,2410,0.7941908713692946,0.016023688218842168,3.215795749698927e+16,2374.4351995711604,0.0709264361473877,38.337515311311286
stage2,8238,50,0.52,74933,24,"{""atr_period"": 7, ""horizon_h"": 6, ""ma_windows"": [8, 24, 96], ""mtf_intervals"": [""1d""], ""ret_windows"": [1, 6, 12, 24, 48], ""rsi_period"": 14, ""target_threshold"": 0.004, ""vol_windows"": [24, 48]}","{""colsample_bytree"": 0.7, ""gamma"": 0.0, ""learning_rate"": 0.07, ""max_depth"": 5, ""min_child_weight"": 5, ""n_estimators"": 250, ""subsample"": 0.7}",4,4896,0.6911764705882353,0.011255491699533646,3.8519855147371454e+23,2374.4351995711604,0.1750315517613954,54.46351520652557
stage2,8238,50,0.55,74933,24,"{""atr_period"": 7, ""horizon_h"": 6, ""ma_windows"": [8, 24, 96], ""mtf_intervals"": [""1d""], ""ret_windows"": [1, 6, 12, 24, 48], ""rsi_period"": 14, ""target_threshold"": 0.004, ""vol_windows"": [24, 48]}","{""colsample_bytree"": 0.7, ""gamma"": 0.0, ""learning_rate"": 0.07, ""max_depth"": 5, ""min_child_weight"": 5, ""n_estimators"": 250, ""subsample"": 0.7}",4,4246,0.7121997173810646,0.012141119586480597,1.1483666948242367e+22,2374.4351995711604,0.1750315517613954,50.974585668057095
stage2,8238,50,0.58,74933,24,"{""atr_period"": 7, ""horizon_h"": 6, ""ma_windows"": [8, 24, 96], ""mtf_intervals"": [""1d""], ""ret_windows"": [1, 6, 12, 24, 48], ""rsi_period"": 14, ""target_threshold"": 0.004, ""vol_windows"": [24, 48]}","{""colsample_bytree"": 0.7, ""gamma"": 0.0, ""learning_rate"": 0.07, ""max_depth"": 5, ""min_child_weight"": 5, ""n_estimators"": 250, ""subsample"": 0.7}",4,3675,0.7333333333333333,0.013135061941795907,4.505787796188644e+20,2374.4351995711604,0.1340952945099927,47.781764122117025
stage2,8238,50,0.6,74933,24,"{""atr_period"": 7, ""horizon_h"": 6, ""ma_windows"": [8, 24, 96], ""mtf_intervals"": [""1d""], ""ret_windows"": [1, 6, 12, 24, 48], ""rsi_period"": 14, ""target_threshold"": 0.004, ""vol_windows"": [24, 48]}","{""colsample_bytree"": 0.7, ""gamma"": 0.0, ""learning_rate"": 0.07, ""max_depth"": 5, ""min_child_weight"": 5, ""n_estimators"": 250, ""subsample"": 0.7}",4,3292,0.7478736330498177,0.013844563399570874,3.138426777327238e+19,2374.4351995711604,0.12177149869550175,45.14100807921116
stage2,8238,50,0.62,74933,24,"{""atr_period"": 7, ""horizon_h"": 6, ""ma_windows"": [8, 24, 96], ""mtf_intervals"": [""1d""], ""ret_windows"": [1, 6, 12, 24, 48], ""rsi_period"": 14, ""target_threshold"": 0.004, ""vol_windows"": [24, 48]}","{""colsample_bytree"": 0.7, ""gamma"": 0.0, ""learning_rate"": 0.07, ""max_depth"": 5, ""min_child_weight"": 5, ""n_estimators"": 250, ""subsample"": 0.7}",4,2963,0.7590280121498482,0.014513106142430766,2.4727931083815107e+18,2374.4351995711604,0.06319147484223542,42.64361152019328
stage2,8238,50,0.65,74933,24,"{""atr_period"": 7, ""horizon_h"": 6, ""ma_windows"": [8, 24, 96], ""mtf_intervals"": [""1d""], ""ret_windows"": [1, 6, 12, 24, 48], ""rsi_period"": 14, ""target_threshold"": 0.004, ""vol_windows"": [24, 48]}","{""colsample_bytree"": 0.7, ""gamma"": 0.0, ""learning_rate"": 0.07, ""max_depth"": 5, ""min_child_weight"": 5, ""n_estimators"": 250, ""subsample"": 0.7}",4,2514,0.7784407319013524,0.015554520941451192,5.247449284086544e+16,2374.4351995711604,0.06319147484223542,38.81469661142598
stage2,8238,48,0.52,74933,24,"{""atr_period"": 7, ""horizon_h"": 6, ""ma_windows"": [8, 24, 96], ""mtf_intervals"": [""1d""], ""ret_windows"": [1, 6, 12, 24, 48], ""rsi_period"": 14, ""target_threshold"": 0.004, ""vol_windows"": [24, 48]}","{""colsample_bytree"": 0.7, ""gamma"": 0.0, ""learning_rate"": 0.07, ""max_depth"": 5, ""min_child_weight"": 1, ""n_estimators"": 250, ""subsample"": 0.7}",4,4876,0.6882690730106645,0.01129565196685989,3.716989984218298e+23,2374.4351995711604,0.16329037210844877,54.43170662367623
stage2,8238,48,0.55,74933,24,"{""atr_period"": 7, ""horizon_h"": 6, ""ma_windows"": [8, 24, 96], ""mtf_intervals"": [""1d""], ""ret_windows"": [1, 6, 12, 24, 48], ""rsi_period"": 14, ""target_threshold"": 0.004, ""vol_windows"": [24, 48]}","{""colsample_bytree"": 0.7, ""gamma"": 0.0, ""learning_rate"": 0.07, ""max_depth"": 5, ""min_child_weight"": 1, ""n_estimators"": 250, ""subsample"": 0.7}",4,4212,0.7101139601139601,0.012172290319531296,8.636383938750701e+21,2374.4351995711604,0.1587746678719857,50.696353079188505
stage2,8238,48,0.58,74933,24,"{""atr_period"": 7, ""horizon_h"": 6, ""ma_windows"": [8, 24, 96], ""mtf_intervals"": [""1d""], ""ret_windows"": [1, 6, 12, 24, 48], ""rsi_period"": 14, ""target_threshold"": 0.004, ""vol_windows"": [24, 48]}","{""colsample_bytree"": 0.7, ""gamma"": 0.0, ""learning_rate"": 0.07, ""max_depth"": 5, ""min_child_weight"": 1, ""n_estimators"": 250, ""subsample"": 0.7}",4,3640,0.7324175824175824,0.013242729652035797,4.1854888599585554e+20,2374.4351995711604,0.11703171797382328,47.71668541357918
stage2,8238,48,0.6,74933,24,"{""atr_period"": 7, ""horizon_h"": 6, ""ma_windows"": [8, 24, 96], ""mtf_intervals"": [""1d""], ""ret_windows"": [1, 6, 12, 24, 48], ""rsi_period"": 14, ""target_threshold"": 0.004, ""vol_windows"": [24, 48]}","{""colsample_bytree"": 0.7, ""gamma"": 0.0, ""learning_rate"": 0.07, ""max_depth"": 5, ""min_child_weight"": 1, ""n_estimators"": 250, ""subsample"": 0.7}",4,3305,0.7452344931921331,0.013816040966499004,3.399876791899421e+19,2374.4351995711604,0.08926607297958378,45.23493884597165
stage2,8238,48,0.62,74933,24,"{""atr_period"": 7, ""horizon_h"": 6, ""ma_windows"": [8, 24, 96], ""mtf_intervals"": [""1d""], ""ret_windows"": [1, 6, 12, 24, 48], ""rsi_period"": 14, ""target_threshold"": 0.004, ""vol_windows"": [24, 48]}","{""colsample_bytree"": 0.7, ""gamma"": 0.0, ""learning_rate"": 0.07, ""max_depth"": 5, ""min_child_weight"": 1, ""n_estimators"": 250, ""subsample"": 0.7}",4,2951,0.7634700101660454,0.0145984125149749,2.653054950532781e+18,2374.4351995711604,0.08477639514312096,42.70741857211687
stage2,8238,48,0.65,74933,24,"{""atr_period"": 7, ""horizon_h"": 6, ""ma_windows"": [8, 24, 96], ""mtf_intervals"": [""1d""], ""ret_windows"": [1, 6, 12, 24, 48], ""rsi_period"": 14, ""target_threshold"": 0.004, ""vol_windows"": [24, 48]}","{""colsample_bytree"": 0.7, ""gamma"": 0.0, ""learning_rate"": 0.07, ""max_depth"": 5, ""min_child_weight"": 1, ""n_estimators"": 250, ""subsample"": 0.7}",4,2506,0.7805267358339985,0.015609629455864938,5.293517775688398e+16,2374.4351995711604,0.06154078183779288,38.82637253211741
stage2,8238,57,0.52,74933,24,"{""atr_period"": 7, ""horizon_h"": 6, ""ma_windows"": [8, 24, 96], ""mtf_intervals"": [""1d""], ""ret_windows"": [1, 6, 12, 24, 48], ""rsi_period"": 14, ""target_threshold"": 0.004, ""vol_windows"": [24, 48]}","{""colsample_bytree"": 0.7, ""gamma"": 0.2, ""learning_rate"": 0.07, ""max_depth"": 5, ""min_child_weight"": 1, ""n_estimators"": 250, ""subsample"": 1.0}",4,4834,0.6896979726934216,0.011240328499861372,1.7823042190491157e+23,2374.4351995711604,0.16329037210844866,53.697399991200896
stage2,8238,57,0.55,74933,24,"{""atr_period"": 7, ""horizon_h"": 6, ""ma_windows"": [8, 24, 96], ""mtf_intervals"": [""1d""], ""ret_windows"": [1, 6, 12, 24, 48], ""rsi_period"": 14, ""target_threshold"": 0.004, ""vol_windows"": [24, 48]}","{""colsample_bytree"": 0.7, ""gamma"": 0.2, ""learning_rate"": 0.07, ""max_depth"": 5, ""min_child_weight"": 1, ""n_estimators"": 250, ""subsample"": 1.0}",4,4229,0.7098604871127926,0.012125486066927335,8.709421360531027e+21,2374.4351995711604,0.1602158048719573,50.70347668339926
stage2,8238,57,0.58,74933,24,"{""atr_period"": 7, ""horizon_h"": 6, ""ma_windows"": [8, 24, 96], ""mtf_intervals"": [""1d""], ""ret_windows"": [1, 6, 12, 24, 48], ""rsi_period"": 14, ""target_threshold"": 0.004, ""vol_windows"": [24, 48]}","{""colsample_bytree"": 0.7, ""gamma"": 0.2, ""learning_rate"": 0.07, ""max_depth"": 5, ""min_child_weight"": 1, ""n_estimators"": 250, ""subsample"": 1.0}",4,3646,0.7397147558968733,0.013177901466823677,3.59439955534857e+20,2374.4351995711604,0.15916561452508993,47.54869102413754
stage2,8238,57,0.6,74933,24,"{""atr_period"": 7, ""horizon_h"": 6, ""ma_windows"": [8, 24, 96], ""mtf_intervals"": [""1d""], ""ret_windows"": [1, 6, 12, 24, 48], ""rsi_period"": 14, ""target_threshold"": 0.004, ""vol_windows"": [24, 48]}","{""colsample_bytree"": 0.7, ""gamma"": 0.2, ""learning_rate"": 0.07, ""max_depth"": 5, ""min_child_weight"": 1, ""n_estimators"": 250, ""subsample"": 1.0}",4,3263,0.7523751149249157,0.013928710602930132,2.765777496151151e+19,2374.4351995711604,0.089689322692876,45.03492366984908
stage2,8238,57,0.62,74933,24,"{""atr_period"": 7, ""horizon_h"": 6, ""ma_windows"": [8, 24, 96], ""mtf_intervals"": [""1d""], ""ret_windows"": [1, 6, 12, 24, 48], ""rsi_period"": 14, ""target_threshold"": 0.004, ""vol_windows"": [24, 48]}","{""colsample_bytree"": 0.7, ""gamma"": 0.2, ""learning_rate"": 0.07, ""max_depth"": 5, ""min_child_weight"": 1, ""n_estimators"": 250, ""subsample"": 1.0}",4,2914,0.772477693891558,0.014787627195165045,2.689077309333352e+18,2374.4351995711604,0.08968932269287588,42.72716831231134
stage2,8238,57,0.65,74933,24,"{""atr_period"": 7, ""horizon_h"": 6, ""ma_windows"": [8, 24, 96], ""mtf_intervals"": [""1d""], ""ret_windows"": [1, 6, 12, 24, 48], ""rsi_period"": 14, ""target_threshold"": 0.004, ""vol_windows"": [24, 48]}","{""colsample_bytree"": 0.7, ""gamma"": 0.2, ""learning_rate"": 0.07, ""max_depth"": 5, ""min_child_weight"": 1, ""n_estimators"": 250, ""subsample"": 1.0}",4,2432,0.7882401315789473,0.01585677823186214,3.056134736913869e+16,2374.4351995711604,0.07582378693474479,38.278046885192055
stage2,8238,61,0.52,74933,24,"{""atr_period"": 7, ""horizon_h"": 6, ""ma_windows"": [8, 24, 96], ""mtf_intervals"": [""1d""], ""ret_windows"": [1, 6, 12, 24, 48], ""rsi_period"": 14, ""target_threshold"": 0.004, ""vol_windows"": [24, 48]}","{""colsample_bytree"": 1.0, ""gamma"": 0.2, ""learning_rate"": 0.07, ""max_depth"": 5, ""min_child_weight"": 1, ""n_estimators"": 250, ""subsample"": 1.0}",4,4913,0.6928556889883981,0.011391708993033703,8.990891808787034e+23,2374.4351995711604,0.16329037210844877,55.31944221959489
stage2,8238,61,0.55,74933,24,"{""atr_period"": 7, ""horizon_h"": 6, ""ma_windows"": [8, 24, 96], ""mtf_intervals"": [""1d""], ""ret_windows"": [1, 6, 12, 24, 48], ""rsi_period"": 14, ""target_threshold"": 0.004, ""vol_windows"": [24, 48]}","{""colsample_bytree"": 1.0, ""gamma"": 0.2, ""learning_rate"": 0.07, ""max_depth"": 5, ""min_child_weight"": 1, ""n_estimators"": 250, ""subsample"": 1.0}",4,4225,0.7164497041420118,0.01236050357685928,2.2227766007842025e+22,2374.4351995711604,0.14355715004426572,51.655894398233464
stage2,8238,61,0.58,74933,24,"{""atr_period"": 7, ""horizon_h"": 6, ""ma_windows"": [8, 24, 96], ""mtf_intervals"": [""1d""], ""ret_windows"": [1, 6, 12, 24, 48], ""rsi_period"": 14, ""target_threshold"": 0.004, ""vol_windows"": [24, 48]}","{""colsample_bytree"": 1.0, ""gamma"": 0.2, ""learning_rate"": 0.07, ""max_depth"": 5, ""min_child_weight"": 1, ""n_estimators"": 250, ""subsample"": 1.0}",4,3634,0.7372041827187672,0.013343599473460773,5.561592263550489e+20,2374.4351995711604,0.09666931905227272,48.01576378791794
stage2,8238,61,0.6,74933,24,"{""atr_period"": 7, ""horizon_h"": 6, ""ma_windows"": [8, 24, 96], ""mtf_intervals"": [""1d""], ""ret_windows"": [1, 6, 12, 24, 48], ""rsi_period"": 14, ""target_threshold"": 0.004, ""vol_windows"": [24, 48]}","{""colsample_bytree"": 1.0, ""gamma"": 0.2, ""learning_rate"": 0.07, ""max_depth"": 5, ""min_child_weight"": 1, ""n_estimators"": 250, ""subsample"": 1.0}",4,3287,0.7566169759659264,0.013986840059713668,4.639567852350248e+19,2374.4351995711604,0.07221380759687868,45.564819390970335
stage2,8238,61,0.62,74933,24,"{""atr_period"": 7, ""horizon_h"": 6, ""ma_windows"": [8, 24, 96], ""mtf_intervals"": [""1d""], ""ret_windows"": [1, 6, 12, 24, 48], ""rsi_period"": 14, ""target_threshold"": 0.004, ""vol_windows"": [24, 48]}","{""colsample_bytree"": 1.0, ""gamma"": 0.2, ""learning_rate"": 0.07, ""max_depth"": 5, ""min_child_weight"": 1, ""n_estimators"": 250, ""subsample"": 1.0}",4,2970,0.7656565656565657,0.014523706596237295,2.819435876673819e+18,2374.4351995711604,0.07092643614738747,42.7763201823202
stage2,8238,61,0.65,74933,24,"{""atr_period"": 7, ""horizon_h"": 6, ""ma_windows"": [8, 24, 96], ""mtf_intervals"": [""1d""], ""ret_windows"": [1, 6, 12, 24, 48], ""rsi_period"": 14, ""target_threshold"": 0.004, ""vol_windows"": [24, 48]}","{""colsample_bytree"": 1.0, ""gamma"": 0.2, ""learning_rate"": 0.07, ""max_depth"": 5, ""min_child_weight"": 1, ""n_estimators"": 250, ""subsample"": 1.0}",4,2481,0.79242241031842,0.01579790656731741,5.726236381354211e+16,2374.4351995711604,0.06154078183779288,38.91597076571161
stage2,8238,38,0.52,74933,24,"{""atr_period"": 7, ""horizon_h"": 6, ""ma_windows"": [8, 24, 96], ""mtf_intervals"": [""1d""], ""ret_windows"": [1, 6, 12, 24, 48], ""rsi_period"": 14, ""target_threshold"": 0.004, ""vol_windows"": [24, 48]}","{""colsample_bytree"": 1.0, ""gamma"": 0.0, ""learning_rate"": 0.03, ""max_depth"": 5, ""min_child_weight"": 5, ""n_estimators"": 250, ""subsample"": 0.7}",4,4617,0.7000216590859866,0.011774927542294086,1.8329924396385518e+23,2374.4351995711604,0.17096467509418323,53.73414139318872
stage2,8238,38,0.55,74933,24,"{""atr_period"": 7, ""horizon_h"": 6, ""ma_windows"": [8, 24, 96], ""mtf_intervals"": [""1d""], ""ret_windows"": [1, 6, 12, 24, 48], ""rsi_period"": 14, ""target_threshold"": 0.004, ""vol_windows"": [24, 48]}","{""colsample_bytree"": 1.0, ""gamma"": 0.0, ""learning_rate"": 0.03, ""max_depth"": 5, ""min_child_weight"": 5, ""n_estimators"": 250, ""subsample"": 0.7}",4,3983,0.7205623901581723,0.01268019660956948,4.036343709935063e+21,2374.4351995711604,0.15916561452508982,49.94793489051533
stage2,8238,38,0.58,74933,24,"{""atr_period"": 7, ""horizon_h"": 6, ""ma_windows"": [8, 24, 96], ""mtf_intervals"": [""1d""], ""ret_windows"": [1, 6, 12, 24, 48], ""rsi_period"": 14, ""target_threshold"": 0.004, ""vol_windows"": [24, 48]}","{""colsample_bytree"": 1.0, ""gamma"": 0.0, ""learning_rate"": 0.03, ""max_depth"": 5, ""min_child_weight"": 5, ""n_estimators"": 250, ""subsample"": 0.7}",4,3404,0.7447121034077556,0.013743771816056861,1.0251981238237097e+20,2374.4351995711604,0.12804423823651978,46.31828548346461
stage2,8238,38,0.6,74933,24,"{""atr_period"": 7, ""horizon_h"": 6, ""ma_windows"": [8, 24, 96], ""mtf_intervals"": [""1d""], ""ret_windows"": [1, 6, 12, 24, 48], ""rsi_period"": 14, ""target_threshold"": 0.004, ""vol_windows"": [24, 48]}","{""colsample_bytree"": 1.0, ""gamma"": 0.0, ""learning_rate"": 0.03, ""max_depth"": 5, ""min_child_weight"": 5, ""n_estimators"": 250, ""subsample"": 0.7}",4,3054,0.7616240995415848,0.014502759296591755,8.762594943556475e+18,2374.4351995711604,0.08263081178940745,43.90102970951942
stage2,8238,38,0.62,74933,24,"{""atr_period"": 7, ""horizon_h"": 6, ""ma_windows"": [8, 24, 96], ""mtf_intervals"": [""1d""], ""ret_windows"": [1, 6, 12, 24, 48], ""rsi_period"": 14, ""target_threshold"": 0.004, ""vol_windows"": [24, 48]}","{""colsample_bytree"": 1.0, ""gamma"": 0.0, ""learning_rate"": 0.03, ""max_depth"": 5, ""min_child_weight"": 5, ""n_estimators"": 250, ""subsample"": 0.7}",4,2708,0.7754800590841949,0.015327608519449436,5.578952101037207e+17,2374.4351995711604,0.07092643614738747,41.170489241492426
stage2,8238,38,0.65,74933,24,"{""atr_period"": 7, ""horizon_h"": 6, ""ma_windows"": [8, 24, 96], ""mtf_intervals"": [""1d""], ""ret_windows"": [1, 6, 12, 24, 48], ""rsi_period"": 14, ""target_threshold"": 0.004, ""vol_windows"": [24, 48]}","{""colsample_bytree"": 1.0, ""gamma"": 0.0, ""learning_rate"": 0.03, ""max_depth"": 5, ""min_child_weight"": 5, ""n_estimators"": 250, ""subsample"": 0.7}",4,2209,0.7976459936622906,0.016633829566453207,5040283093483614.0,2374.4351995711604,0.07092643614738747,36.49196285814627
stage2,8238,36,0.52,74933,24,"{""atr_period"": 7, ""horizon_h"": 6, ""ma_windows"": [8, 24, 96], ""mtf_intervals"": [""1d""], ""ret_windows"": [1, 6, 12, 24, 48], ""rsi_period"": 14, ""target_threshold"": 0.004, ""vol_windows"": [24, 48]}","{""colsample_bytree"": 1.0, ""gamma"": 0.0, ""learning_rate"": 0.03, ""max_depth"": 5, ""min_child_weight"": 1, ""n_estimators"": 250, ""subsample"": 0.7}",4,4611,0.698546952938625,0.011712849521610546,1.2884158115337355e+23,2374.4351995711604,0.1750315517613955,53.37789513213
stage2,8238,36,0.55,74933,24,"{""atr_period"": 7, ""horizon_h"": 6, ""ma_windows"": [8, 24, 96], ""mtf_intervals"": [""1d""], ""ret_windows"": [1, 6, 12, 24, 48], ""rsi_period"": 14, ""target_threshold"": 0.004, ""vol_windows"": [24, 48]}","{""colsample_bytree"": 1.0, ""gamma"": 0.0, ""learning_rate"": 0.03, ""max_depth"": 5, ""min_child_weight"": 1, ""n_estimators"": 250, ""subsample"": 0.7}",4,3997,0.7200400300225169,0.01262536921677662,3.867805046906319e+21,2374.4351995711604,0.1327249036623257,49.917646653593174
stage2,8238,36,0.58,74933,24,"{""atr_period"": 7, ""horizon_h"": 6, ""ma_windows"": [8, 24, 96], ""mtf_intervals"": [""1d""], ""ret_windows"": [1, 6, 12, 24, 48], ""rsi_period"": 14, ""target_threshold"": 0.004, ""vol_windows"": [24, 48]}","{""colsample_bytree"": 1.0, ""gamma"": 0.0, ""learning_rate"": 0.03, ""max_depth"": 5, ""min_child_weight"": 1, ""n_estimators"": 250, ""subsample"": 0.7}",4,3402,0.7454438565549677,0.013745114701417316,1.0031202879723743e+20,2374.4351995711604,0.10747976030600781,46.30739341256002
stage2,8238,36,0.6,74933,24,"{""atr_period"": 7, ""horizon_h"": 6, ""ma_windows"": [8, 24, 96], ""mtf_intervals"": [""1d""], ""ret_windows"": [1, 6, 12, 24, 48], ""rsi_period"": 14, ""target_threshold"": 0.004, ""vol_windows"": [24, 48]}","{""colsample_bytree"": 1.0, ""gamma"": 0.0, ""learning_rate"": 0.03, ""max_depth"": 5, ""min_child_weight"": 1, ""n_estimators"": 250, ""subsample"": 0.7}",4,3049,0.7602492620531321,0.014436050406470802,6.683938788856089e+18,2374.4351995711604,0.08263081178940734,43.62861153372245
stage2,8238,36,0.62,74933,24,"{""atr_period"": 7, ""horizon_h"": 6, ""ma_windows"": [8, 24, 96], ""mtf_intervals"": [""1d""], ""ret_windows"": [1, 6, 12, 24, 48], ""rsi_period"": 14, ""target_threshold"": 0.004, ""vol_windows"": [24, 48]}","{""colsample_bytree"": 1.0, ""gamma"": 0.0, ""learning_rate"": 0.03, ""max_depth"": 5, ""min_child_weight"": 1, ""n_estimators"": 250, ""subsample"": 0.7}",4,2716,0.772459499263623,0.015151893883456601,3.935469133960067e+17,2374.4351995711604,0.07092643614738758,40.81769620889524
stage2,8238,36,0.65,74933,24,"{""atr_period"": 7, ""horizon_h"": 6, ""ma_windows"": [8, 24, 96], ""mtf_intervals"": [""1d""], ""ret_windows"": [1, 6, 12, 24, 48], ""rsi_period"": 14, ""target_threshold"": 0.004, ""vol_windows"": [24, 48]}","{""colsample_bytree"": 1.0, ""gamma"": 0.0, ""learning_rate"": 0.03, ""max_depth"": 5, ""min_child_weight"": 1, ""n_estimators"": 250, ""subsample"": 0.7}",4,2221,0.7973885637100405,0.016564562872101205,5276648906492667.0,2374.4351995711604,0.07092643614738758,36.5370317502068
stage2,8238,32,0.52,74933,24,"{""atr_period"": 7, ""horizon_h"": 6, ""ma_windows"": [8, 24, 96], ""mtf_intervals"": [""1d""], ""ret_windows"": [1, 6, 12, 24, 48], ""rsi_period"": 14, ""target_threshold"": 0.004, ""vol_windows"": [24, 48]}","{""colsample_bytree"": 0.7, ""gamma"": 0.0, ""learning_rate"": 0.03, ""max_depth"": 5, ""min_child_weight"": 1, ""n_estimators"": 250, ""subsample"": 0.7}",4,4497,0.7038025350233489,0.01189888430130461,7.876068310647338e+22,2374.4351995711604,0.13409529450999302,52.91188633504894
stage2,8238,32,0.55,74933,24,"{""atr_period"": 7, ""horizon_h"": 6, ""ma_windows"": [8, 24, 96], ""mtf_intervals"": [""1d""], ""ret_windows"": [1, 6, 12, 24, 48], ""rsi_period"": 14, ""target_threshold"": 0.004, ""vol_windows"": [24, 48]}","{""colsample_bytree"": 0.7, ""gamma"": 0.0, ""learning_rate"": 0.03, ""max_depth"": 5, ""min_child_weight"": 1, ""n_estimators"": 250, ""subsample"": 0.7}",4,3849,0.7292803325539101,0.012904350348913404,1.7738082452789595e+21,2374.4351995711604,0.11744206402674362,49.15535377601557
stage2,8238,32,0.58,74933,24,"{""atr_period"": 7, ""horizon_h"": 6, ""ma_windows"": [8, 24, 96], ""mtf_intervals"": [""1d""], ""ret_windows"": [1, 6, 12, 24, 48], ""rsi_period"": 14, ""target_threshold"": 0.004, ""vol_windows"": [24, 48]}","{""colsample_bytree"": 0.7, ""gamma"": 0.0, ""learning_rate"": 0.03, ""max_depth"": 5, ""min_child_weight"": 1, ""n_estimators"": 250, ""subsample"": 0.7}",4,3270,0.7522935779816514,0.014059329255463408,4.602942367659687e+19,2374.4351995711604,0.08477639514312119,45.54773380989703
stage2,8238,32,0.6,74933,24,"{""atr_period"": 7, ""horizon_h"": 6, ""ma_windows"": [8, 24, 96], ""mtf_intervals"": [""1d""], ""ret_windows"": [1, 6, 12, 24, 48], ""rsi_period"": 14, ""target_threshold"": 0.004, ""vol_windows"": [24, 48]}","{""colsample_bytree"": 0.7, ""gamma"": 0.0, ""learning_rate"": 0.03, ""max_depth"": 5, ""min_child_weight"": 1, ""n_estimators"": 250, ""subsample"": 0.7}",4,2915,0.7646655231560892,0.014817784330894687,2.941706008337687e+18,2374.4351995711604,0.08477639514312107,42.81340785749427
stage2,8238,32,0.62,74933,24,"{""atr_period"": 7, ""horizon_h"": 6, ""ma_windows"": [8, 24, 96], ""mtf_intervals"": [""1d""], ""ret_windows"": [1, 6, 12, 24, 48], ""rsi_period"": 14, ""target_threshold"": 0.004, ""vol_windows"": [24, 48]}","{""colsample_bytree"": 0.7, ""gamma"": 0.0, ""learning_rate"": 0.03, ""max_depth"": 5, ""min_child_weight"": 1, ""n_estimators"": 250, ""subsample"": 0.7}",4,2561,0.7778211636079656,0.01564800781044104,1.3482954084529518e+17,2374.4351995711604,0.0709264361473877,39.75476549041279
stage2,8238,32,0.65,74933,24,"{""atr_period"": 7, ""horizon_h"": 6, ""ma_windows"": [8, 24, 96], ""mtf_intervals"": [""1d""], ""ret_windows"": [1, 6, 12, 24, 48], ""rsi_period"": 14, ""target_threshold"": 0.004, ""vol_windows"": [24, 48]}","{""colsample_bytree"": 0.7, ""gamma"": 0.0, ""learning_rate"": 0.03, ""max_depth"": 5, ""min_child_weight"": 1, ""n_estimators"": 250, ""subsample"": 0.7}",4,2099,0.7960933777989518,0.01684694688232285,1285106133141573.5,2374.4351995711604,0.07092643614738747,35.125804762955724
stage2,8238,42,0.52,74933,24,"{""atr_period"": 7, ""horizon_h"": 6, ""ma_windows"": [8, 24, 96], ""mtf_intervals"": [""1d""], ""ret_windows"": [1, 6, 12, 24, 48], ""rsi_period"": 14, ""target_threshold"": 0.004, ""vol_windows"": [24, 48]}","{""colsample_bytree"": 0.7, ""gamma"": 0.0, ""learning_rate"": 0.03, ""max_depth"": 5, ""min_child_weight"": 5, ""n_estimators"": 250, ""subsample"": 1.0}",4,4522,0.6990269792127377,0.011767602550661352,5.868863624791647e+22,2374.4351995711604,0.16329037210844854,52.59825028836414
stage2,8238,42,0.55,74933,24,"{""atr_period"": 7, ""horizon_h"": 6, ""ma_windows"": [8, 24, 96], ""mtf_intervals"": [""1d""], ""ret_windows"": [1, 6, 12, 24, 48], ""rsi_period"": 14, ""target_threshold"": 0.004, ""vol_windows"": [24, 48]}","{""colsample_bytree"": 0.7, ""gamma"": 0.0, ""learning_rate"": 0.03, ""max_depth"": 5, ""min_child_weight"": 5, ""n_estimators"": 250, ""subsample"": 1.0}",4,3845,0.7245773732119636,0.012828488899387905,1.2645562502186795e+21,2374.4351995711604,0.12177149869550197,48.810412283589066
stage2,8238,42,0.58,74933,24,"{""atr_period"": 7, ""horizon_h"": 6, ""ma_windows"": [8, 24, 96], ""mtf_intervals"": [""1d""], ""ret_windows"": [1, 6, 12, 24, 48], ""rsi_period"": 14, ""target_threshold"": 0.004, ""vol_windows"": [24, 48]}","{""colsample_bytree"": 0.7, ""gamma"": 0.0, ""learning_rate"": 0.03, ""max_depth"": 5, ""min_child_weight"": 5, ""n_estimators"": 250, ""subsample"": 1.0}",4,3253,0.7482324008607439,0.013995986951910224,2.9606488441885917e+19,2374.4351995711604,0.11267891743735681,45.08873957290409
stage2,8238,42,0.6,74933,24,"{""atr_period"": 7, ""horizon_h"": 6, ""ma_windows"": [8, 24, 96], ""mtf_intervals"": [""1d""], ""ret_windows"": [1, 6, 12, 24, 48], ""rsi_period"": 14, ""target_threshold"": 0.004, ""vol_windows"": [24, 48]}","{""colsample_bytree"": 0.7, ""gamma"": 0.0, ""learning_rate"": 0.03, ""max_depth"": 5, ""min_child_weight"": 5, ""n_estimators"": 250, ""subsample"": 1.0}",4,2871,0.7638453500522466,0.014873944461599856,1.8121998492258107e+18,2374.4351995711604,0.08316373560654877,42.329559135430436
stage2,8238,42,0.62,74933,24,"{""atr_period"": 7, ""horizon_h"": 6, ""ma_windows"": [8, 24, 96], ""mtf_intervals"": [""1d""], ""ret_windows"": [1, 6, 12, 24, 48], ""rsi_period"": 14, ""target_threshold"": 0.004, ""vol_windows"": [24, 48]}","{""colsample_bytree"": 0.7, ""gamma"": 0.0, ""learning_rate"": 0.03, ""max_depth"": 5, ""min_child_weight"": 5, ""n_estimators"": 250, ""subsample"": 1.0}",4,2550,0.7764705882352941,0.01561852056637,1.05627451130317e+17,2374.4351995711604,0.0709264361473877,39.50935610333177
stage2,8238,42,0.65,74933,24,"{""atr_period"": 7, ""horizon_h"": 6, ""ma_windows"": [8, 24, 96], ""mtf_intervals"": [""1d""], ""ret_windows"": [1, 6, 12, 24, 48], ""rsi_period"": 14, ""target_threshold"": 0.004, ""vol_windows"": [24, 48]}","{""colsample_bytree"": 0.7, ""gamma"": 0.0, ""learning_rate"": 0.03, ""max_depth"": 5, ""min_child_weight"": 5, ""n_estimators"": 250, ""subsample"": 1.0}",4,2063,0.7998061076102763,0.01706606562129145,1097955965643410.5,2374.4351995711604,0.07092643614738747,34.97313682602879
stage2,8238,44,0.52,74933,24,"{""atr_period"": 7, ""horizon_h"": 6, ""ma_windows"": [8, 24, 96], ""mtf_intervals"": [""1d""], ""ret_windows"": [1, 6, 12, 24, 48], ""rsi_period"": 14, ""target_threshold"": 0.004, ""vol_windows"": [24, 48]}","{""colsample_bytree"": 1.0, ""gamma"": 0.0, ""learning_rate"": 0.03, ""max_depth"": 5, ""min_child_weight"": 1, ""n_estimators"": 250, ""subsample"": 1.0}",4,4546,0.7021557413110426,0.011799899719109658,8.981064766231436e+22,2374.4351995711604,0.16329037210844877,53.026469096751455
stage2,8238,44,0.55,74933,24,"{""atr_period"": 7, ""horizon_h"": 6, ""ma_windows"": [8, 24, 96], ""mtf_intervals"": [""1d""], ""ret_windows"": [1, 6, 12, 24, 48], ""rsi_period"": 14, ""target_threshold"": 0.004, ""vol_windows"": [24, 48]}","{""colsample_bytree"": 1.0, ""gamma"": 0.0, ""learning_rate"": 0.03, ""max_depth"": 5, ""min_child_weight"": 1, ""n_estimators"": 250, ""subsample"": 1.0}",4,3923,0.7196023451440224,0.01264411568507355,1.658306778514353e+21,2374.4351995711604,0.11888176452959509,49.077477941064046
stage2,8238,44,0.58,74933,24,"{""atr_period"": 7, ""horizon_h"": 6, ""ma_windows"": [8, 24, 96], ""mtf_intervals"": [""1d""], ""ret_windows"": [1, 6, 12, 24, 48], ""rsi_period"": 14, ""target_threshold"": 0.004, ""vol_windows"": [24, 48]}","{""colsample_bytree"": 1.0, ""gamma"": 0.0, ""learning_rate"": 0.03, ""max_depth"": 5, ""min_child_weight"": 1, ""n_estimators"": 250, ""subsample"": 1.0}",4,3327,0.7454162909528104,0.0137985862375124,4.306515126767426e+19,2374.4351995711604,0.08968932269287577,45.471122849986926
stage2,8238,44,0.6,74933,24,"{""atr_period"": 7, ""horizon_h"": 6, ""ma_windows"": [8, 24, 96], ""mtf_intervals"": [""1d""], ""ret_windows"": [1, 6, 12, 24, 48], ""rsi_period"": 14, ""target_threshold"": 0.004, ""vol_windows"": [24, 48]}","{""colsample_bytree"": 1.0, ""gamma"": 0.0, ""learning_rate"": 0.03, ""max_depth"": 5, ""min_child_weight"": 1, ""n_estimators"": 250, ""subsample"": 1.0}",4,2952,0.7611788617886179,0.014676400921442104,3.366537909126671e+18,2374.4351995711604,0.08263081178940734,42.945455454434445
stage2,8238,44,0.62,74933,24,"{""atr_period"": 7, ""horizon_h"": 6, ""ma_windows"": [8, 24, 96], ""mtf_intervals"": [""1d""], ""ret_windows"": [1, 6, 12, 24, 48], ""rsi_period"": 14, ""target_threshold"": 0.004, ""vol_windows"": [24, 48]}","{""colsample_bytree"": 1.0, ""gamma"": 0.0, ""learning_rate"": 0.03, ""max_depth"": 5, ""min_child_weight"": 1, ""n_estimators"": 250, ""subsample"": 1.0}",4,2625,0.7756190476190477,0.015502707133849724,2.4911556340405933e+17,2374.4351995711604,0.08263081178940745,40.359894783037426
stage2,8238,44,0.65,74933,24,"{""atr_period"": 7, ""horizon_h"": 6, ""ma_windows"": [8, 24, 96], ""mtf_intervals"": [""1d""], ""ret_windows"": [1, 6, 12, 24, 48], ""rsi_period"": 14, ""target_threshold"": 0.004, ""vol_windows"": [24, 48]}","{""colsample_bytree"": 1.0, ""gamma"": 0.0, ""learning_rate"": 0.03, ""max_depth"": 5, ""min_child_weight"": 1, ""n_estimators"": 250, ""subsample"": 1.0}",4,2161,0.7982415548357242,0.016958846653375742,4542597350341920.0,2374.4351995711604,0.0709264361473877,36.3910761459965
stage2,8238,23,0.52,74933,24,"{""atr_period"": 7, ""horizon_h"": 6, ""ma_windows"": [8, 24, 96], ""mtf_intervals"": [""1d""], ""ret_windows"": [1, 6, 12, 24, 48], ""rsi_period"": 14, ""target_threshold"": 0.004, ""vol_windows"": [24, 48]}","{""colsample_bytree"": 1.0, ""gamma"": 0.2, ""learning_rate"": 0.07, ""max_depth"": 3, ""min_child_weight"": 5, ""n_estimators"": 250, ""subsample"": 0.7}",4,4308,0.697539461467038,0.01196004861348393,1.0989917347674052e+22,2374.4351995711604,0.1454973785441026,50.93222846938686
stage2,8238,23,0.55,74933,24,"{""atr_period"": 7, ""horizon_h"": 6, ""ma_windows"": [8, 24, 96], ""mtf_intervals"": [""1d""], ""ret_windows"": [1, 6, 12, 24, 48], ""rsi_period"": 14, ""target_threshold"": 0.004, ""vol_windows"": [24, 48]}","{""colsample_bytree"": 1.0, ""gamma"": 0.2, ""learning_rate"": 0.07, ""max_depth"": 3, ""min_child_weight"": 5, ""n_estimators"": 250, ""subsample"": 0.7}",4,3667,0.7193891464412326,0.012961560521220815,2.1183288138852608e+20,2374.4351995711604,0.1412849061996263,47.010890690582485
stage2,8238,23,0.58,74933,24,"{""atr_period"": 7, ""horizon_h"": 6, ""ma_windows"": [8, 24, 96], ""mtf_intervals"": [""1d""], ""ret_windows"": [1, 6, 12, 24, 48], ""rsi_period"": 14, ""target_threshold"": 0.004, ""vol_windows"": [24, 48]}","{""colsample_bytree"": 1.0, ""gamma"": 0.2, ""learning_rate"": 0.07, ""max_depth"": 3, ""min_child_weight"": 5, ""n_estimators"": 250, ""subsample"": 0.7}",4,3077,0.7387065323366916,0.013913202188071567,2.000678262140052e+18,2374.4351995711604,0.1298266129012533,42.37737546495415
stage2,8238,23,0.6,74933,24,"{""atr_period"": 7, ""horizon_h"": 6, ""ma_windows"": [8, 24, 96], ""mtf_intervals"": [""1d""], ""ret_windows"": [1, 6, 12, 24, 48], ""rsi_period"": 14, ""target_threshold"": 0.004, ""vol_windows"": [24, 48]}","{""colsample_bytree"": 1.0, ""gamma"": 0.2, ""learning_rate"": 0.07, ""max_depth"": 3, ""min_child_weight"": 5, ""n_estimators"": 250, ""subsample"": 0.7}",4,2727,0.7517418408507518,0.014698209570781143,1.3497202164956766e+17,2374.4351995711604,0.10246331362828764,39.71159139726294
stage2,8238,23,0.62,74933,24,"{""atr_period"": 7, ""horizon_h"": 6, ""ma_windows"": [8, 24, 96], ""mtf_intervals"": [""1d""], ""ret_windows"": [1, 6, 12, 24, 48], ""rsi_period"": 14, ""target_threshold"": 0.004, ""vol_windows"": [24, 48]}","{""colsample_bytree"": 1.0, ""gamma"": 0.2, ""learning_rate"": 0.07, ""max_depth"": 3, ""min_child_weight"": 5, ""n_estimators"": 250, ""subsample"": 0.7}",4,2440,0.764344262295082,0.01554780808202139,1.6211822612735432e+16,2374.4351995711604,0.07092643614738725,37.62491181830927
stage2,8238,23,0.65,74933,24,"{""atr_period"": 7, ""horizon_h"": 6, ""ma_windows"": [8, 24, 96], ""mtf_intervals"": [""1d""], ""ret_windows"": [1, 6, 12, 24, 48], ""rsi_period"": 14, ""target_threshold"": 0.004, ""vol_windows"": [24, 48]}","{""colsample_bytree"": 1.0, ""gamma"": 0.2, ""learning_rate"": 0.07, ""max_depth"": 3, ""min_child_weight"": 5, ""n_estimators"": 250, ""subsample"": 0.7}",4,1984,0.7883064516129032,0.017078428861022413,295203824712068.06,2374.4351995711604,0.07092643614738758,33.65049653901744
stage2,3450,51,0.52,74933,24,"{""atr_period"": 21, ""horizon_h"": 6, ""ma_windows"": [8, 24, 96], ""mtf_intervals"": [""1d""], ""ret_windows"": [1, 2, 4, 8, 24], ""rsi_period"": 14, ""target_threshold"": 0.004, ""vol_windows"": [24, 72]}","{""colsample_bytree"": 0.7, ""gamma"": 0.2, ""learning_rate"": 0.07, ""max_depth"": 5, ""min_child_weight"": 5, ""n_estimators"": 250, ""subsample"": 0.7}",4,4830,0.6973084886128365,0.011440779805038428,4.474895827894769e+23,2374.4351995711604,0.18188126947447625,54.616372606229525
stage2,3450,51,0.55,74933,24,"{""atr_period"": 21, ""horizon_h"": 6, ""ma_windows"": [8, 24, 96], ""mtf_intervals"": [""1d""], ""ret_windows"": [1, 2, 4, 8, 24], ""rsi_period"": 14, ""target_threshold"": 0.004, ""vol_windows"": [24, 72]}","{""colsample_bytree"": 0.7, ""gamma"": 0.2, ""learning_rate"": 0.07, ""max_depth"": 5, ""min_child_weight"": 5, ""n_estimators"": 250, ""subsample"": 0.7}",4,4217,0.72018022290728,0.01231269062267605,1.6575341316837172e+22,2374.4351995711604,0.17096467509418323,51.35136644676271
stage2,3450,51,0.58,74933,24,"{""atr_period"": 21, ""horizon_h"": 6, ""ma_windows"": [8, 24, 96], ""mtf_intervals"": [""1d""], ""ret_windows"": [1, 2, 4, 8, 24], ""rsi_period"": 14, ""target_threshold"": 0.004, ""vol_windows"": [24, 72]}","{""colsample_bytree"": 0.7, ""gamma"": 0.2, ""learning_rate"": 0.07, ""max_depth"": 5, ""min_child_weight"": 5, ""n_estimators"": 250, ""subsample"": 0.7}",4,3707,0.7396816833018613,0.013118244289125539,6.439734601836572e+20,2374.4351995711604,0.12982661290125308,48.145967182756905
stage2,3450,51,0.6,74933,24,"{""atr_period"": 21, ""horizon_h"": 6, ""ma_windows"": [8, 24, 96], ""mtf_intervals"": [""1d""], ""ret_windows"": [1, 2, 4, 8, 24], ""rsi_period"": 14, ""target_threshold"": 0.004, ""vol_windows"": [24, 72]}","{""colsample_bytree"": 0.7, ""gamma"": 0.2, ""learning_rate"": 0.07, ""max_depth"": 5, ""min_child_weight"": 5, ""n_estimators"": 250, ""subsample"": 0.7}",4,3343,0.7505234819024827,0.013755160090221394,4.692612056437473e+19,2374.4351995711604,0.10246331362828753,45.55433454541132
stage2,3450,51,0.62,74933,24,"{""atr_period"": 21, ""horizon_h"": 6, ""ma_windows"": [8, 24, 96], ""mtf_intervals"": [""1d""], ""ret_windows"": [1, 2, 4, 8, 24], ""rsi_period"": 14, ""target_threshold"": 0.004, ""vol_windows"": [24, 72]}","{""colsample_bytree"": 0.7, ""gamma"": 0.2, ""learning_rate"": 0.07, ""max_depth"": 5, ""min_child_weight"": 5, ""n_estimators"": 250, ""subsample"": 0.7}",4,3023,0.7628183923255044,0.014352651721820533,3.628299083830525e+18,2374.4351995711604,0.10246331362828764,43.00913991122874
stage2,3450,51,0.65,74933,24,"{""atr_period"": 21, ""horizon_h"": 6, ""ma_windows"": [8, 24, 96], ""mtf_intervals"": [""1d""], ""ret_windows"": [1, 2, 4, 8, 24], ""rsi_period"": 14, ""target_threshold"": 0.004, ""vol_windows"": [24, 72]}","{""colsample_bytree"": 0.7, ""gamma"": 0.2, ""learning_rate"": 0.07, ""max_depth"": 5, ""min_child_weight"": 5, ""n_estimators"": 250, ""subsample"": 0.7}",4,2530,0.7869565217391304,0.015611669652523934,7.789801487901574e+16,2374.4351995711604,0.10246331362828776,39.197403782320585
stage2,3450,58,0.52,74933,24,"{""atr_period"": 21, ""horizon_h"": 6, ""ma_windows"": [8, 24, 96], ""mtf_intervals"": [""1d""], ""ret_windows"": [1, 2, 4, 8, 24], ""rsi_period"": 14, ""target_threshold"": 0.004, ""vol_windows"": [24, 72]}","{""colsample_bytree"": 0.7, ""gamma"": 0.0, ""learning_rate"": 0.07, ""max_depth"": 5, ""min_child_weight"": 5, ""n_estimators"": 250, ""subsample"": 1.0}",4,4753,0.6938775510204082,0.011454249613531212,1.9940000086417435e+23,2374.4351995711604,0.17226445271601687,53.81020362610313
stage2,3450,58,0.55,74933,24,"{""atr_period"": 21, ""horizon_h"": 6, ""ma_windows"": [8, 24, 96], ""mtf_intervals"": [""1d""], ""ret_windows"": [1, 2, 4, 8, 24], ""rsi_period"": 14, ""target_threshold"": 0.004, ""vol_windows"": [24, 72]}","{""colsample_bytree"": 0.7, ""gamma"": 0.0, ""learning_rate"": 0.07, ""max_depth"": 5, ""min_child_weight"": 5, ""n_estimators"": 250, ""subsample"": 1.0}",4,4165,0.7186074429771909,0.012380213843362086,1.1643494455474871e+22,2374.4351995711604,0.10387048900993201,51.031026981699085
stage2,3450,58,0.58,74933,24,"{""atr_period"": 21, ""horizon_h"": 6, ""ma_windows"": [8, 24, 96], ""mtf_intervals"": [""1d""], ""ret_windows"": [1, 2, 4, 8, 24], ""rsi_period"": 14, ""target_threshold"": 0.004, ""vol_windows"": [24, 72]}","{""colsample_bytree"": 0.7, ""gamma"": 0.0, ""learning_rate"": 0.07, ""max_depth"": 5, ""min_child_weight"": 5, ""n_estimators"": 250, ""subsample"": 1.0}",4,3631,0.7435968052877995,0.013356194424962754,5.634632676154868e+20,2374.4351995711604,0.10246331362828787,48.031129161933286
stage2,3450,58,0.6,74933,24,"{""atr_period"": 21, ""horizon_h"": 6, ""ma_windows"": [8, 24, 96], ""mtf_intervals"": [""1d""], ""ret_windows"": [1, 2, 4, 8, 24], ""rsi_period"": 14, ""target_threshold"": 0.004, ""vol_windows"": [24, 72]}","{""colsample_bytree"": 0.7, ""gamma"": 0.0, ""learning_rate"": 0.07, ""max_depth"": 5, ""min_child_weight"": 5, ""n_estimators"": 250, ""subsample"": 1.0}",4,3277,0.7555691180958194,0.014058752116603146,5.115787573415759e+19,2374.4351995711604,0.08968932269287588,45.65352877779814
stage2,3450,58,0.62,74933,24,"{""atr_period"": 21, ""horizon_h"": 6, ""ma_windows"": [8, 24, 96], ""mtf_intervals"": [""1d""], ""ret_windows"": [1, 2, 4, 8, 24], ""rsi_period"": 14, ""target_threshold"": 0.004, ""vol_windows"": [24, 72]}","{""colsample_bytree"": 0.7, ""gamma"": 0.0, ""learning_rate"": 0.07, ""max_depth"": 5, ""min_child_weight"": 5, ""n_estimators"": 250, ""subsample"": 1.0}",4,2946,0.7671418873048201,0.014775685711771635,4.1391750592431237e+18,2374.4351995711604,0.08968932269287588,43.15410251501413
stage2,3450,58,0.65,74933,24,"{""atr_period"": 21, ""horizon_h"": 6, ""ma_windows"": [8, 24, 96], ""mtf_intervals"": [""1d""], ""ret_windows"": [1, 2, 4, 8, 24], ""rsi_period"": 14, ""target_threshold"": 0.004, ""vol_windows"": [24, 72]}","{""colsample_bytree"": 0.7, ""gamma"": 0.0, ""learning_rate"": 0.07, ""max_depth"": 5, ""min_child_weight"": 5, ""n_estimators"": 250, ""subsample"": 1.0}",4,2462,0.7867587327376117,0.015856815126271358,4.879162087405021e+16,2374.4351995711604,0.089689322692876,38.73775183548029
stage2,3450,50,0.52,74933,24,"{""atr_period"": 21, ""horizon_h"": 6, ""ma_windows"": [8, 24, 96], ""mtf_intervals"": [""1d""], ""ret_windows"": [1, 2, 4, 8, 24], ""rsi_period"": 14, ""target_threshold"": 0.004, ""vol_windows"": [24, 72]}","{""colsample_bytree"": 0.7, ""gamma"": 0.0, ""learning_rate"": 0.07, ""max_depth"": 5, ""min_child_weight"": 5, ""n_estimators"": 250, ""subsample"": 0.7}",4,4828,0.6942833471416736,0.01144354477312756,4.424208691511238e+23,2374.4351995711604,0.18589459421013999,54.600576313347695
stage2,3450,50,0.55,74933,24,"{""atr_period"": 21, ""horizon_h"": 6, ""ma_windows"": [8, 24, 96], ""mtf_intervals"": [""1d""], ""ret_windows"": [1, 2, 4, 8, 24], ""rsi_period"": 14, ""target_threshold"": 0.004, ""vol_windows"": [24, 72]}","{""colsample_bytree"": 0.7, ""gamma"": 0.0, ""learning_rate"": 0.07, ""max_depth"": 5, ""min_child_weight"": 5, ""n_estimators"": 250, ""subsample"": 0.7}",4,4228,0.7183065279091769,0.012296133499895008,1.7687733389187797e+22,2374.4351995711604,0.18188126947447614,51.40923197892905
stage2,3450,50,0.58,74933,24,"{""atr_period"": 21, ""horizon_h"": 6, ""ma_windows"": [8, 24, 96], ""mtf_intervals"": [""1d""], ""ret_windows"": [1, 2, 4, 8, 24], ""rsi_period"": 14, ""target_threshold"": 0.004, ""vol_windows"": [24, 72]}","{""colsample_bytree"": 0.7, ""gamma"": 0.0, ""learning_rate"": 0.07, ""max_depth"": 5, ""min_child_weight"": 5, ""n_estimators"": 250, ""subsample"": 0.7}",4,3673,0.7383610127960795,0.013210941117877356,5.7764522853272846e+20,2374.4351995711604,0.1298266129012533,48.036954595381495
stage2,3450,50,0.6,74933,24,"{""atr_period"": 21, ""horizon_h"": 6, ""ma_windows"": [8, 24, 96], ""mtf_intervals"": [""1d""], ""ret_windows"": [1, 2, 4, 8, 24], ""rsi_period"": 14, ""target_threshold"": 0.004, ""vol_windows"": [24, 72]}","{""colsample_bytree"": 0.7, ""gamma"": 0.0, ""learning_rate"": 0.07, ""max_depth"": 5, ""min_child_weight"": 5, ""n_estimators"": 250, ""subsample"": 0.7}",4,3321,0.7518819632640771,0.013850457558346635,4.7715727067286766e+19,2374.4351995711604,0.1298266129012533,45.55918864998239
stage2,3450,50,0.62,74933,24,"{""atr_period"": 21, ""horizon_h"": 6, ""ma_windows"": [8, 24, 96], ""mtf_intervals"": [""1d""], ""ret_windows"": [1, 2, 4, 8, 24], ""rsi_period"": 14, ""target_threshold"": 0.004, ""vol_windows"": [24, 72]}","{""colsample_bytree"": 0.7, ""gamma"": 0.0, ""learning_rate"": 0.07, ""max_depth"": 5, ""min_child_weight"": 5, ""n_estimators"": 250, ""subsample"": 0.7}",4,3013,0.7613674078991038,0.014437718418836811,4.0381537577492593e+18,2374.4351995711604,0.1298266129012534,43.102001637977054
stage2,3450,50,0.65,74933,24,"{""atr_period"": 21, ""horizon_h"": 6, ""ma_windows"": [8, 24, 96], ""mtf_intervals"": [""1d""], ""ret_windows"": [1, 2, 4, 8, 24], ""rsi_period"": 14, ""target_threshold"": 0.004, ""vol_windows"": [24, 72]}","{""colsample_bytree"": 0.7, ""gamma"": 0.0, ""learning_rate"": 0.07, ""max_depth"": 5, ""min_child_weight"": 5, ""n_estimators"": 250, ""subsample"": 0.7}",4,2555,0.7808219178082192,0.015545438397157841,9.621768207904226e+16,2374.4351995711604,0.10246331362828776,39.40317892569735
stage2,3450,48,0.52,74933,24,"{""atr_period"": 21, ""horizon_h"": 6, ""ma_windows"": [8, 24, 96], ""mtf_intervals"": [""1d""], ""ret_windows"": [1, 2, 4, 8, 24], ""rsi_period"": 14, ""target_threshold"": 0.004, ""vol_windows"": [24, 72]}","{""colsample_bytree"": 0.7, ""gamma"": 0.0, ""learning_rate"": 0.07, ""max_depth"": 5, ""min_child_weight"": 1, ""n_estimators"": 250, ""subsample"": 0.7}",4,4829,0.69455373783392,0.011367540524981543,3.129750393119526e+23,2374.4351995711604,0.1813651222723276,54.25631114695882
stage2,3450,48,0.55,74933,24,"{""atr_period"": 21, ""horizon_h"": 6, ""ma_windows"": [8, 24, 96], ""mtf_intervals"": [""1d""], ""ret_windows"": [1, 2, 4, 8, 24], ""rsi_period"": 14, ""target_threshold"": 0.004, ""vol_windows"": [24, 72]}","{""colsample_bytree"": 0.7, ""gamma"": 0.0, ""learning_rate"": 0.07, ""max_depth"": 5, ""min_child_weight"": 1, ""n_estimators"": 250, ""subsample"": 0.7}",4,4233,0.716276872194661,0.012266664671089387,1.669962551258077e+22,2374.4351995711604,0.1298266129012533,51.37591475632369
stage2,3450,48,0.58,74933,24,"{""atr_period"": 21, ""horizon_h"": 6, ""ma_windows"": [8, 24, 96], ""mtf_intervals"": [""1d""], ""ret_windows"": [1, 2, 4, 8, 24], ""rsi_period"": 14, ""target_threshold"": 0.004, ""vol_windows"": [24, 72]}","{""colsample_bytree"": 0.7, ""gamma"": 0.0, ""learning_rate"": 0.07, ""max_depth"": 5, ""min_child_weight"": 1, ""n_estimators"": 250, ""subsample"": 0.7}",4,3691,0.7409916011920888,0.01313811629590339,5.639257045188785e+20,2374.4351995711604,0.1298266129012533,48.01443909200759
stage2,3450,48,0.6,74933,24,"{""atr_period"": 21, ""horizon_h"": 6, ""ma_windows"": [8, 24, 96], ""mtf_intervals"": [""1d""], ""ret_windows"": [1, 2, 4, 8, 24], ""rsi_period"": 14, ""target_threshold"": 0.004, ""vol_windows"": [24, 72]}","{""colsample_bytree"": 0.7, ""gamma"": 0.0, ""learning_rate"": 0.07, ""max_depth"": 5, ""min_child_weight"": 1, ""n_estimators"": 250, ""subsample"": 0.7}",4,3338,0.7525464349910126,0.013698374411066097,3.653418445116799e+19,2374.4351995711604,0.1298266129012534,45.29149089331899
stage2,3450,48,0.62,74933,24,"{""atr_period"": 21, ""horizon_h"": 6, ""ma_windows"": [8, 24, 96], ""mtf_intervals"": [""1d""], ""ret_windows"": [1, 2, 4, 8, 24], ""rsi_period"": 14, ""target_threshold"": 0.004, ""vol_windows"": [24, 72]}","{""colsample_bytree"": 0.7, ""gamma"": 0.0, ""learning_rate"": 0.07, ""max_depth"": 5, ""min_child_weight"": 1, ""n_estimators"": 250, ""subsample"": 0.7}",4,3023,0.7624875951042012,0.014380479537392157,3.9423371257686113e+18,2374.4351995711604,0.11744206402674351,43.08461828083968
stage2,3450,48,0.65,74933,24,"{""atr_period"": 21, ""horizon_h"": 6, ""ma_windows"": [8, 24, 96], ""mtf_intervals"": [""1d""], ""ret_windows"": [1, 2, 4, 8, 24], ""rsi_period"": 14, ""target_threshold"": 0.004, ""vol_windows"": [24, 72]}","{""colsample_bytree"": 0.7, ""gamma"": 0.0, ""learning_rate"": 0.07, ""max_depth"": 5, ""min_child_weight"": 1, ""n_estimators"": 250, ""subsample"": 0.7}",4,2535,0.7834319526627219,0.015544480978050322,7.055364964682738e+16,2374.4351995711604,0.11744206402674351,39.0875301811639
stage2,3450,57,0.52,74933,24,"{""atr_period"": 21, ""horizon_h"": 6, ""ma_windows"": [8, 24, 96], ""mtf_intervals"": [""1d""], ""ret_windows"": [1, 2, 4, 8, 24], ""rsi_period"": 14, ""target_threshold"": 0.004, ""vol_windows"": [24, 72]}","{""colsample_bytree"": 0.7, ""gamma"": 0.2, ""learning_rate"": 0.07, ""max_depth"": 5, ""min_child_weight"": 1, ""n_estimators"": 250, ""subsample"": 1.0}",4,4821,0.6903132130263431,0.011280785139696915,1.870874554342624e+23,2374.4351995711604,0.17096467509418323,53.74287765051376
stage2,3450,57,0.55,74933,24,"{""atr_period"": 21, ""horizon_h"": 6, ""ma_windows"": [8, 24, 96], ""mtf_intervals"": [""1d""], ""ret_windows"": [1, 2, 4, 8, 24], ""rsi_period"": 14, ""target_threshold"": 0.004, ""vol_windows"": [24, 72]}","{""colsample_bytree"": 0.7, ""gamma"": 0.2, ""learning_rate"": 0.07, ""max_depth"": 5, ""min_child_weight"": 1, ""n_estimators"": 250, ""subsample"": 1.0}",4,4221,0.7116796967543236,0.012173524852606643,9.666637747452834e+21,2374.4351995711604,0.1407431469456567,50.819327885297525
stage2,3450,57,0.58,74933,24,"{""atr_period"": 21, ""horizon_h"": 6, ""ma_windows"": [8, 24, 96], ""mtf_intervals"": [""1d""], ""ret_windows"": [1, 2, 4, 8, 24], ""rsi_period"": 14, ""target_threshold"": 0.004, ""vol_windows"": [24, 72]}","{""colsample_bytree"": 0.7, ""gamma"": 0.2, ""learning_rate"": 0.07, ""max_depth"": 5, ""min_child_weight"": 1, ""n_estimators"": 250, ""subsample"": 1.0}",4,3680,0.7350543478260869,0.013167998778094176,5.3899400640313636e+20,2374.4351995711604,0.1255356705419769,47.96685575810886
stage2,3450,57,0.6,74933,24,"{""atr_period"": 21, ""horizon_h"": 6, ""ma_windows"": [8, 24, 96], ""mtf_intervals"": [""1d""], ""ret_windows"": [1, 2, 4, 8, 24], ""rsi_period"": 14, ""target_threshold"": 0.004, ""vol_windows"": [24, 72]}","{""colsample_bytree"": 0.7, ""gamma"": 0.2, ""learning_rate"": 0.07, ""max_depth"": 5, ""min_child_weight"": 1, ""n_estimators"": 250, ""subsample"": 1.0}",4,3307,0.7420622921076504,0.013774072839108248,3.0460711115765613e+19,2374.4351995711604,0.12553567054197678,45.104043948103886
stage2,3450,57,0.62,74933,24,"{""atr_period"": 21, ""horizon_h"": 6, ""ma_windows"": [8, 24, 96], ""mtf_intervals"": [""1d""], ""ret_windows"": [1, 2, 4, 8, 24], ""rsi_period"": 14, ""target_threshold"": 0.004, ""vol_windows"": [24, 72]}","{""colsample_bytree"": 0.7, ""gamma"": 0.2, ""learning_rate"": 0.07, ""max_depth"": 5, ""min_child_weight"": 1, ""n_estimators"": 250, ""subsample"": 1.0}",4,2965,0.7581787521079258,0.01446088228751431,2.1722641278504481e+18,2374.4351995711604,0.1174420640267434,42.48581070236854
stage2,3450,57,0.65,74933,24,"{""atr_period"": 21, ""horizon_h"": 6, ""ma_windows"": [8, 24, 96], ""mtf_intervals"": [""1d""], ""ret_windows"": [1, 2, 4, 8, 24], ""rsi_period"": 14, ""target_threshold"": 0.004, ""vol_windows"": [24, 72]}","{""colsample_bytree"": 0.7, ""gamma"": 0.2, ""learning_rate"": 0.07, ""max_depth"": 5, ""min_child_weight"": 1, ""n_estimators"": 250, ""subsample"": 1.0}",4,2471,0.7757992715499797,0.015537049832335514,2.5756758099112156e+16,2374.4351995711604,0.089689322692876,38.08756459258953
stage2,3450,61,0.52,74933,24,"{""atr_period"": 21, ""horizon_h"": 6, ""ma_windows"": [8, 24, 96], ""mtf_intervals"": [""1d""], ""ret_windows"": [1, 2, 4, 8, 24], ""rsi_period"": 14, ""target_threshold"": 0.004, ""vol_windows"": [24, 72]}","{""colsample_bytree"": 1.0, ""gamma"": 0.2, ""learning_rate"": 0.07, ""max_depth"": 5, ""min_child_weight"": 1, ""n_estimators"": 250, ""subsample"": 1.0}",4,4893,0.6999795626405069,0.011377625965339509,6.71886896957692e+23,2374.4351995711604,0.14489499514350934,55.04293413139741
stage2,3450,61,0.55,74933,24,"{""atr_period"": 21, ""horizon_h"": 6, ""ma_windows"": [8, 24, 96], ""mtf_intervals"": [""1d""], ""ret_windows"": [1, 2, 4, 8, 24], ""rsi_period"": 14, ""target_threshold"": 0.004, ""vol_windows"": [24, 72]}","{""colsample_bytree"": 1.0, ""gamma"": 0.2, ""learning_rate"": 0.07, ""max_depth"": 5, ""min_child_weight"": 1, ""n_estimators"": 250, ""subsample"": 1.0}",4,4268,0.7162605435801312,0.012191807300078706,1.8447330704159874e+22,2374.4351995711604,0.10246331362828776,51.488517872064016
stage2,3450,61,0.58,74933,24,"{""atr_period"": 21, ""horizon_h"": 6, ""ma_windows"": [8, 24, 96], ""mtf_intervals"": [""1d""], ""ret_windows"": [1, 2, 4, 8, 24], ""rsi_period"": 14, ""target_threshold"": 0.004, ""vol_windows"": [24, 72]}","{""colsample_bytree"": 1.0, ""gamma"": 0.2, ""learning_rate"": 0.07, ""max_depth"": 5, ""min_child_weight"": 1, ""n_estimators"": 250, ""subsample"": 1.0}",4,3718,0.7323830016137708,0.0130216450489661,5.1717052015352146e+20,2374.4351995711604,0.10246331362828776,47.933752225104854
stage2,3450,61,0.6,74933,24,"{""atr_period"": 21, ""horizon_h"": 6, ""ma_windows"": [8, 24, 96], ""mtf_intervals"": [""1d""], ""ret_windows"": [1, 2, 4, 8, 24], ""rsi_period"": 14, ""target_threshold"": 0.004, ""vol_windows"": [24, 72]}","{""colsample_bytree"": 1.0, ""gamma"": 0.2, ""learning_rate"": 0.07, ""max_depth"": 5, ""min_child_weight"": 1, ""n_estimators"": 250, ""subsample"": 1.0}",4,3369,0.7503710299792223,0.013754466275724641,6.678882771326683e+19,2374.4351995711604,0.10246331362828764,45.90716838802125
stage2,3450,61,0.62,74933,24,"{""atr_period"": 21, ""horizon_h"": 6, ""ma_windows"": [8, 24, 96], ""mtf_intervals"": [""1d""], ""ret_windows"": [1, 2, 4, 8, 24], ""rsi_period"": 14, ""target_threshold"": 0.004, ""vol_windows"": [24, 72]}","{""colsample_bytree"": 1.0, ""gamma"": 0.2, ""learning_rate"": 0.07, ""max_depth"": 5, ""min_child_weight"": 1, ""n_estimators"": 250, ""subsample"": 1.0}",4,3050,0.7603278688524591,0.014418868802436641,6.464001252686225e+18,2374.4351995711604,0.10246331362828776,43.585161777593186
stage2,3450,61,0.65,74933,24,"{""atr_period"": 21, ""horizon_h"": 6, ""ma_windows"": [8, 24, 96], ""mtf_intervals"": [""1d""], ""ret_windows"": [1, 2, 4, 8, 24], ""rsi_period"": 14, ""target_threshold"": 0.004, ""vol_windows"": [24, 72]}","{""colsample_bytree"": 1.0, ""gamma"": 0.2, ""learning_rate"": 0.07, ""max_depth"": 5, ""min_child_weight"": 1, ""n_estimators"": 250, ""subsample"": 1.0}",4,2599,0.7814544055405925,0.015462227663678467,1.526340231136366e+17,2374.4351995711604,0.10246331362828776,39.86444913402149
stage2,3450,38,0.52,74933,24,"{""atr_period"": 21, ""horizon_h"": 6, ""ma_windows"": [8, 24, 96], ""mtf_intervals"": [""1d""], ""ret_windows"": [1, 2, 4, 8, 24], ""rsi_period"": 14, ""target_threshold"": 0.004, ""vol_windows"": [24, 72]}","{""colsample_bytree"": 1.0, ""gamma"": 0.0, ""learning_rate"": 0.03, ""max_depth"": 5, ""min_child_weight"": 5, ""n_estimators"": 250, ""subsample"": 0.7}",4,4578,0.7040192223678462,0.011865804660024813,1.7704530673953222e+23,2374.4351995711604,0.17096467509418334,53.703352100601215
stage2,3450,38,0.55,74933,24,"{""atr_period"": 21, ""horizon_h"": 6, ""ma_windows"": [8, 24, 96], ""mtf_intervals"": [""1d""], ""ret_windows"": [1, 2, 4, 8, 24], ""rsi_period"": 14, ""target_threshold"": 0.004, ""vol_windows"": [24, 72]}","{""colsample_bytree"": 1.0, ""gamma"": 0.0, ""learning_rate"": 0.03, ""max_depth"": 5, ""min_child_weight"": 5, ""n_estimators"": 250, ""subsample"": 0.7}",4,3948,0.729483282674772,0.012870493793292649,5.534581580472143e+21,2374.4351995711604,0.12982661290125352,50.28694019099632
stage2,3450,38,0.58,74933,24,"{""atr_period"": 21, ""horizon_h"": 6, ""ma_windows"": [8, 24, 96], ""mtf_intervals"": [""1d""], ""ret_windows"": [1, 2, 4, 8, 24], ""rsi_period"": 14, ""target_threshold"": 0.004, ""vol_windows"": [24, 72]}","{""colsample_bytree"": 1.0, ""gamma"": 0.0, ""learning_rate"": 0.03, ""max_depth"": 5, ""min_child_weight"": 5, ""n_estimators"": 250, ""subsample"": 0.7}",4,3400,0.7432352941176471,0.013628256160768702,6.619358434727365e+19,2374.4351995711604,0.1298266129012532,45.87781619708586
stage2,3450,38,0.6,74933,24,"{""atr_period"": 21, ""horizon_h"": 6, ""ma_windows"": [8, 24, 96], ""mtf_intervals"": [""1d""], ""ret_windows"": [1, 2, 4, 8, 24], ""rsi_period"": 14, ""target_threshold"": 0.004, ""vol_windows"": [24, 72]}","{""colsample_bytree"": 1.0, ""gamma"": 0.0, ""learning_rate"": 0.03, ""max_depth"": 5, ""min_child_weight"": 5, ""n_estimators"": 250, ""subsample"": 0.7}",4,3056,0.756217277486911,0.014304185435312951,4.963834524840167e+18,2374.4351995711604,0.10246331362828776,43.316885854293155
stage2,3450,38,0.62,74933,24,"{""atr_period"": 21, ""horizon_h"": 6, ""ma_windows"": [8, 24, 96], ""mtf_intervals"": [""1d""], ""ret_windows"": [1, 2, 4, 8, 24], ""rsi_period"": 14, ""target_threshold"": 0.004, ""vol_windows"": [24, 72]}","{""colsample_bytree"": 1.0, ""gamma"": 0.0, ""learning_rate"": 0.03, ""max_depth"": 5, ""min_child_weight"": 5, ""n_estimators"": 250, ""subsample"": 0.7}",4,2723,0.7715754682335659,0.01520227685975559,5.003250212812489e+17,2374.4351995711604,0.08968932269287588,41.04806825282768
stage2,3450,38,0.65,74933,24,"{""atr_period"": 21, ""horizon_h"": 6, ""ma_windows"": [8, 24, 96], ""mtf_intervals"": [""1d""], ""ret_windows"": [1, 2, 4, 8, 24], ""rsi_period"": 14, ""target_threshold"": 0.004, ""vol_windows"": [24, 72]}","{""colsample_bytree"": 1.0, ""gamma"": 0.0, ""learning_rate"": 0.03, ""max_depth"": 5, ""min_child_weight"": 5, ""n_estimators"": 250, ""subsample"": 0.7}",4,2240,0.7964285714285714,0.01658301188680392,7489383999911100.0,2374.4351995711604,0.08316373560654877,36.88048803048917
stage2,3450,36,0.52,74933,24,"{""atr_period"": 21, ""horizon_h"": 6, ""ma_windows"": [8, 24, 96], ""mtf_intervals"": [""1d""], ""ret_windows"": [1, 2, 4, 8, 24], ""rsi_period"": 14, ""target_threshold"": 0.004, ""vol_windows"": [24, 72]}","{""colsample_bytree"": 1.0, ""gamma"": 0.0, ""learning_rate"": 0.03, ""max_depth"": 5, ""min_child_weight"": 1, ""n_estimators"": 250, ""subsample"": 0.7}",4,4601,0.7059334927189741,0.011841317422322807,2.0719112573722842e+23,2374.4351995711604,0.1709646750941829,53.86192362889622
stage2,3450,36,0.55,74933,24,"{""atr_period"": 21, ""horizon_h"": 6, ""ma_windows"": [8, 24, 96], ""mtf_intervals"": [""1d""], ""ret_windows"": [1, 2, 4, 8, 24], ""rsi_period"": 14, ""target_threshold"": 0.004, ""vol_windows"": [24, 72]}","{""colsample_bytree"": 1.0, ""gamma"": 0.0, ""learning_rate"": 0.03, ""max_depth"": 5, ""min_child_weight"": 1, ""n_estimators"": 250, ""subsample"": 0.7}",4,3965,0.730390920554855,0.012855301844654284,6.461642332408039e+21,2374.4351995711604,0.1298266129012533,50.44241231413165
stage2,3450,36,0.58,74933,24,"{""atr_period"": 21, ""horizon_h"": 6, ""ma_windows"": [8, 24, 96], ""mtf_intervals"": [""1d""], ""ret_windows"": [1, 2, 4, 8, 24], ""rsi_period"": 14, ""target_threshold"": 0.004, ""vol_windows"": [24, 72]}","{""colsample_bytree"": 1.0, ""gamma"": 0.0, ""learning_rate"": 0.03, ""max_depth"": 5, ""min_child_weight"": 1, ""n_estimators"": 250, ""subsample"": 0.7}",4,3439,0.7444024425705147,0.013629089932593229,1.1225541412447438e+20,2374.4351995711604,0.1298266129012532,46.40694979915329
stage2,3450,36,0.6,74933,24,"{""atr_period"": 21, ""horizon_h"": 6, ""ma_windows"": [8, 24, 96], ""mtf_intervals"": [""1d""], ""ret_windows"": [1, 2, 4, 8, 24], ""rsi_period"": 14, ""target_threshold"": 0.004, ""vol_windows"": [24, 72]}","{""colsample_bytree"": 1.0, ""gamma"": 0.0, ""learning_rate"": 0.03, ""max_depth"": 5, ""min_child_weight"": 1, ""n_estimators"": 250, ""subsample"": 0.7}",4,3062,0.7580013063357283,0.014345809884956207,6.133253614935044e+18,2374.4351995711604,0.089689322692876,43.53657991499204
stage2,3450,36,0.62,74933,24,"{""atr_period"": 21, ""horizon_h"": 6, ""ma_windows"": [8, 24, 96], ""mtf_intervals"": [""1d""], ""ret_windows"": [1, 2, 4, 8, 24], ""rsi_period"": 14, ""target_threshold"": 0.004, ""vol_windows"": [24, 72]}","{""colsample_bytree"": 1.0, ""gamma"": 0.0, ""learning_rate"": 0.03, ""max_depth"": 5, ""min_child_weight"": 1, ""n_estimators"": 250, ""subsample"": 0.7}",4,2722,0.7670830271858927,0.015119629683856476,3.9438990404172544e+17,2374.4351995711604,0.089689322692876,40.805895216913164
stage2,3450,36,0.65,74933,24,"{""atr_period"": 21, ""horizon_h"": 6, ""ma_windows"": [8, 24, 96], ""mtf_intervals"": [""1d""], ""ret_windows"": [1, 2, 4, 8, 24], ""rsi_period"": 14, ""target_threshold"": 0.004, ""vol_windows"": [24, 72]}","{""colsample_bytree"": 1.0, ""gamma"": 0.0, ""learning_rate"": 0.03, ""max_depth"": 5, ""min_child_weight"": 1, ""n_estimators"": 250, ""subsample"": 0.7}",4,2272,0.7918133802816901,0.016445188087332762,9287141884163192.0,2374.4351995711604,0.07092643614738736,37.096956236155755
stage2,3450,32,0.52,74933,24,"{""atr_period"": 21, ""horizon_h"": 6, ""ma_windows"": [8, 24, 96], ""mtf_intervals"": [""1d""], ""ret_windows"": [1, 2, 4, 8, 24], ""rsi_period"": 14, ""target_threshold"": 0.004, ""vol_windows"": [24, 72]}","{""colsample_bytree"": 0.7, ""gamma"": 0.0, ""learning_rate"": 0.03, ""max_depth"": 5, ""min_child_weight"": 1, ""n_estimators"": 250, ""subsample"": 0.7}",4,4479,0.705068095557044,0.011879680943076171,5.879618631751475e+22,2374.4351995711604,0.17096467509418312,52.60197353357362
stage2,3450,32,0.55,74933,24,"{""atr_period"": 21, ""horizon_h"": 6, ""ma_windows"": [8, 24, 96], ""mtf_intervals"": [""1d""], ""ret_windows"": [1, 2, 4, 8, 24], ""rsi_period"": 14, ""target_threshold"": 0.004, ""vol_windows"": [24, 72]}","{""colsample_bytree"": 0.7, ""gamma"": 0.0, ""learning_rate"": 0.03, ""max_depth"": 5, ""min_child_weight"": 1, ""n_estimators"": 250, ""subsample"": 0.7}",4,3866,0.7276254526642525,0.012844256841359805,1.754297278342534e+21,2374.4351995711604,0.1298266129012533,49.13629642881764
stage2,3450,32,0.58,74933,24,"{""atr_period"": 21, ""horizon_h"": 6, ""ma_windows"": [8, 24, 96], ""mtf_intervals"": [""1d""], ""ret_windows"": [1, 2, 4, 8, 24], ""rsi_period"": 14, ""target_threshold"": 0.004, ""vol_windows"": [24, 72]}","{""colsample_bytree"": 0.7, ""gamma"": 0.0, ""learning_rate"": 0.03, ""max_depth"": 5, ""min_child_weight"": 1, ""n_estimators"": 250, ""subsample"": 0.7}",4,3245,0.7491525423728813,0.0139318001359728,2.1668832159046427e+19,2374.4351995711604,0.1298266129012534,44.76826972446371
stage2,3450,32,0.6,74933,24,"{""atr_period"": 21, ""horizon_h"": 6, ""ma_windows"": [8, 24, 96], ""mtf_intervals"": [""1d""], ""ret_windows"": [1, 2, 4, 8, 24], ""rsi_period"": 14, ""target_threshold"": 0.004, ""vol_windows"": [24, 72]}","{""colsample_bytree"": 0.7, ""gamma"": 0.0, ""learning_rate"": 0.03, ""max_depth"": 5, ""min_child_weight"": 1, ""n_estimators"": 250, ""subsample"": 0.7}",4,2912,0.7558379120879121,0.014555508133201226,1.3289637032648177e+18,2374.4351995711604,0.1298266129012534,41.987132230223125
stage2,3450,32,0.62,74933,24,"{""atr_period"": 21, ""horizon_h"": 6, ""ma_windows"": [8, 24, 96], ""mtf_intervals"": [""1d""], ""ret_windows"": [1, 2, 4, 8, 24], ""rsi_period"": 14, ""target_threshold"": 0.004, ""vol_windows"": [24, 72]}","{""colsample_bytree"": 0.7, ""gamma"": 0.0, ""learning_rate"": 0.03, ""max_depth"": 5, ""min_child_weight"": 1, ""n_estimators"": 250, ""subsample"": 0.7}",4,2579,0.7650252035672741,0.015328897982909963,7.893897362930198e+16,2374.4351995711604,0.1298266129012534,39.17718950341831
stage2,3450,32,0.65,74933,24,"{""atr_period"": 21, ""horizon_h"": 6, ""ma_windows"": [8, 24, 96], ""mtf_intervals"": [""1d""], ""ret_windows"": [1, 2, 4, 8, 24], ""rsi_period"": 14, ""target_threshold"": 0.004, ""vol_windows"": [24, 72]}","{""colsample_bytree"": 0.7, ""gamma"": 0.0, ""learning_rate"": 0.03, ""max_depth"": 5, ""min_child_weight"": 1, ""n_estimators"": 250, ""subsample"": 0.7}",4,2127,0.7912552891396333,0.01677101995796356,1739266848967162.8,2374.4351995711604,0.06319147484223542,35.42781672172977
stage2,3450,42,0.52,74933,24,"{""atr_period"": 21, ""horizon_h"": 6, ""ma_windows"": [8, 24, 96], ""mtf_intervals"": [""1d""], ""ret_windows"": [1, 2, 4, 8, 24], ""rsi_period"": 14, ""target_threshold"": 0.004, ""vol_windows"": [24, 72]}","{""colsample_bytree"": 0.7, ""gamma"": 0.0, ""learning_rate"": 0.03, ""max_depth"": 5, ""min_child_weight"": 5, ""n_estimators"": 250, ""subsample"": 1.0}",4,4438,0.7066246056782335,0.01196436509808165,5.262482167385714e+22,2374.4351995711604,0.17096467509418334,52.49300712403162
stage2,3450,42,0.55,74933,24,"{""atr_period"": 21, ""horizon_h"": 6, ""ma_windows"": [8, 24, 96], ""mtf_intervals"": [""1d""], ""ret_windows"": [1, 2, 4, 8, 24], ""rsi_period"": 14, ""target_threshold"": 0.004, ""vol_windows"": [24, 72]}","{""colsample_bytree"": 0.7, ""gamma"": 0.0, ""learning_rate"": 0.03, ""max_depth"": 5, ""min_child_weight"": 5, ""n_estimators"": 250, ""subsample"": 1.0}",4,3851,0.727603219942872,0.012876386119442378,1.6410834427593952e+21,2374.4351995711604,0.1298266129012532,49.06982397087539
stage2,3450,42,0.58,74933,24,"{""atr_period"": 21, ""horizon_h"": 6, ""ma_windows"": [8, 24, 96], ""mtf_intervals"": [""1d""], ""ret_windows"": [1, 2, 4, 8, 24], ""rsi_period"": 14, ""target_threshold"": 0.004, ""vol_windows"": [24, 72]}","{""colsample_bytree"": 0.7, ""gamma"": 0.0, ""learning_rate"": 0.03, ""max_depth"": 5, ""min_child_weight"": 5, ""n_estimators"": 250, ""subsample"": 1.0}",4,3263,0.7462457860864236,0.013895554812740256,2.4605285079014752e+19,2374.4351995711604,0.1298266129012534,44.89274069528699
stage2,3450,42,0.6,74933,24,"{""atr_period"": 21, ""horizon_h"": 6, ""ma_windows"": [8, 24, 96], ""mtf_intervals"": [""1d""], ""ret_windows"": [1, 2, 4, 8, 24], ""rsi_period"": 14, ""target_threshold"": 0.004, ""vol_windows"": [24, 72]}","{""colsample_bytree"": 0.7, ""gamma"": 0.0, ""learning_rate"": 0.03, ""max_depth"": 5, ""min_child_weight"": 5, ""n_estimators"": 250, ""subsample"": 1.0}",4,2891,0.7571774472500865,0.014636347544572142,1.2335370839612626e+18,2374.4351995711604,0.10246331362828764,41.92801847578468
stage2,3450,42,0.62,74933,24,"{""atr_period"": 21, ""horizon_h"": 6, ""ma_windows"": [8, 24, 96], ""mtf_intervals"": [""1d""], ""ret_windows"": [1, 2, 4, 8, 24], ""rsi_period"": 14, ""target_threshold"": 0.004, ""vol_windows"": [24, 72]}","{""colsample_bytree"": 0.7, ""gamma"": 0.0, ""learning_rate"": 0.03, ""max_depth"": 5, ""min_child_weight"": 5, ""n_estimators"": 250, ""subsample"": 1.0}",4,2567,0.7713283989092325,0.015489135145709139,9.88891959736304e+16,2374.4351995711604,0.09761932703852738,39.42494252242094
stage2,3450,42,0.65,74933,24,"{""atr_period"": 21, ""horizon_h"": 6, ""ma_windows"": [8, 24, 96], ""mtf_intervals"": [""1d""], ""ret_windows"": [1, 2, 4, 8, 24], ""rsi_period"": 14, ""target_threshold"": 0.004, ""vol_windows"": [24, 72]}","{""colsample_bytree"": 0.7, ""gamma"": 0.0, ""learning_rate"": 0.03, ""max_depth"": 5, ""min_child_weight"": 5, ""n_estimators"": 250, ""subsample"": 1.0}",4,2122,0.7983034872761545,0.016872849775648232,1982733659609925.0,2374.4351995711604,0.08316373560654888,35.55529664380481
stage2,3450,44,0.52,74933,24,"{""atr_period"": 21, ""horizon_h"": 6, ""ma_windows"": [8, 24, 96], ""mtf_intervals"": [""1d""], ""ret_windows"": [1, 2, 4, 8, 24], ""rsi_period"": 14, ""target_threshold"": 0.004, ""vol_windows"": [24, 72]}","{""colsample_bytree"": 1.0, ""gamma"": 0.0, ""learning_rate"": 0.03, ""max_depth"": 5, ""min_child_weight"": 1, ""n_estimators"": 250, ""subsample"": 1.0}",4,4562,0.7060499780797895,0.011823714035659887,1.208259098476924e+23,2374.4351995711604,0.17096467509418323,53.32258505807311
stage2,3450,44,0.55,74933,24,"{""atr_period"": 21, ""horizon_h"": 6, ""ma_windows"": [8, 24, 96], ""mtf_intervals"": [""1d""], ""ret_windows"": [1, 2, 4, 8, 24], ""rsi_period"": 14, ""target_threshold"": 0.004, ""vol_windows"": [24, 72]}","{""colsample_bytree"": 1.0, ""gamma"": 0.0, ""learning_rate"": 0.03, ""max_depth"": 5, ""min_child_weight"": 1, ""n_estimators"": 250, ""subsample"": 1.0}",4,3905,0.72752880921895,0.012839683275123756,2.8267141576629284e+21,2374.4351995711604,0.1298266129012533,49.61322912205505
stage2,3450,44,0.58,74933,24,"{""atr_period"": 21, ""horizon_h"": 6, ""ma_windows"": [8, 24, 96], ""mtf_intervals"": [""1d""], ""ret_windows"": [1, 2, 4, 8, 24], ""rsi_period"": 14, ""target_threshold"": 0.004, ""vol_windows"": [24, 72]}","{""colsample_bytree"": 1.0, ""gamma"": 0.0, ""learning_rate"": 0.03, ""max_depth"": 5, ""min_child_weight"": 1, ""n_estimators"": 250, ""subsample"": 1.0}",4,3331,0.7487241068748124,0.013780316036655926,4.305110070381354e+19,2374.4351995711604,0.11744206402674329,45.459420254252265
stage2,3450,44,0.6,74933,24,"{""atr_period"": 21, ""horizon_h"": 6, ""ma_windows"": [8, 24, 96], ""mtf_intervals"": [""1d""], ""ret_windows"": [1, 2, 4, 8, 24], ""rsi_period"": 14, ""target_threshold"": 0.004, ""vol_windows"": [24, 72]}","{""colsample_bytree"": 1.0, ""gamma"": 0.0, ""learning_rate"": 0.03, ""max_depth"": 5, ""min_child_weight"": 1, ""n_estimators"": 250, ""subsample"": 1.0}",4,2974,0.7595830531271015,0.014512082793577349,2.8596908193040527e+18,2374.4351995711604,0.08968932269287588,42.77616363124622
stage2,3450,44,0.62,74933,24,"{""atr_period"": 21, ""horizon_h"": 6, ""ma_windows"": [8, 24, 96], ""mtf_intervals"": [""1d""], ""ret_windows"": [1, 2, 4, 8, 24], ""rsi_period"": 14, ""target_threshold"": 0.004, ""vol_windows"": [24, 72]}","{""colsample_bytree"": 1.0, ""gamma"": 0.0, ""learning_rate"": 0.03, ""max_depth"": 5, ""min_child_weight"": 1, ""n_estimators"": 250, ""subsample"": 1.0}",4,2628,0.7751141552511416,0.01543909518062047,2.2166693475484333e+17,2374.4351995711604,0.08968932269287588,40.238711780617486
stage2,3450,44,0.65,74933,24,"{""atr_period"": 21, ""horizon_h"": 6, ""ma_windows"": [8, 24, 96], ""mtf_intervals"": [""1d""], ""ret_windows"": [1, 2, 4, 8, 24], ""rsi_period"": 14, ""target_threshold"": 0.004, ""vol_windows"": [24, 72]}","{""colsample_bytree"": 1.0, ""gamma"": 0.0, ""learning_rate"": 0.03, ""max_depth"": 5, ""min_child_weight"": 1, ""n_estimators"": 250, ""subsample"": 1.0}",4,2173,0.7988955361251726,0.016782157399331338,3825233647651696.0,2374.4351995711604,0.07092643614738758,36.21830641469809
stage2,3450,23,0.52,74933,24,"{""atr_period"": 21, ""horizon_h"": 6, ""ma_windows"": [8, 24, 96], ""mtf_intervals"": [""1d""], ""ret_windows"": [1, 2, 4, 8, 24], ""rsi_period"": 14, ""target_threshold"": 0.004, ""vol_windows"": [24, 72]}","{""colsample_bytree"": 1.0, ""gamma"": 0.2, ""learning_rate"": 0.07, ""max_depth"": 3, ""min_child_weight"": 5, ""n_estimators"": 250, ""subsample"": 0.7}",4,4298,0.6989297347603537,0.011889559360394082,7.286865645000771e+21,2374.4351995711604,0.1412849061996263,50.523978263356206
stage2,3450,23,0.55,74933,24,"{""atr_period"": 21, ""horizon_h"": 6, ""ma_windows"": [8, 24, 96], ""mtf_intervals"": [""1d""], ""ret_windows"": [1, 2, 4, 8, 24], ""rsi_period"": 14, ""target_threshold"": 0.004, ""vol_windows"": [24, 72]}","{""colsample_bytree"": 1.0, ""gamma"": 0.2, ""learning_rate"": 0.07, ""max_depth"": 3, ""min_child_weight"": 5, ""n_estimators"": 250, ""subsample"": 0.7}",4,3702,0.7160994057266342,0.012808584081441225,1.9079770466727153e+20,2374.4351995711604,0.1298266129012532,46.90818029357111
stage2,3450,23,0.58,74933,24,"{""atr_period"": 21, ""horizon_h"": 6, ""ma_windows"": [8, 24, 96], ""mtf_intervals"": [""1d""], ""ret_windows"": [1, 2, 4, 8, 24], ""rsi_period"": 14, ""target_threshold"": 0.004, ""vol_windows"": [24, 72]}","{""colsample_bytree"": 1.0, ""gamma"": 0.2, ""learning_rate"": 0.07, ""max_depth"": 3, ""min_child_weight"": 5, ""n_estimators"": 250, ""subsample"": 0.7}",4,3127,0.7380876239206907,0.013902905589881347,3.8832279127463767e+18,2374.4351995711604,0.10246331362828776,43.05366010497713
stage2,3450,23,0.6,74933,24,"{""atr_period"": 21, ""horizon_h"": 6, ""ma_windows"": [8, 24, 96], ""mtf_intervals"": [""1d""], ""ret_windows"": [1, 2, 4, 8, 24], ""rsi_period"": 14, ""target_threshold"": 0.004, ""vol_windows"": [24, 72]}","{""colsample_bytree"": 1.0, ""gamma"": 0.2, ""learning_rate"": 0.07, ""max_depth"": 3, ""min_child_weight"": 5, ""n_estimators"": 250, ""subsample"": 0.7}",4,2770,0.7516245487364621,0.014649294236885872,2.2177671484903632e+17,2374.4351995711604,0.10246331362828787,40.207709817739634
stage2,3450,23,0.62,74933,24,"{""atr_period"": 21, ""horizon_h"": 6, ""ma_windows"": [8, 24, 96], ""mtf_intervals"": [""1d""], ""ret_windows"": [1, 2, 4, 8, 24], ""rsi_period"": 14, ""target_threshold"": 0.004, ""vol_windows"": [24, 72]}","{""colsample_bytree"": 1.0, ""gamma"": 0.2, ""learning_rate"": 0.07, ""max_depth"": 3, ""min_child_weight"": 5, ""n_estimators"": 250, ""subsample"": 0.7}",4,2430,0.7666666666666667,0.015557426575885427,1.4247659403147584e+16,2374.4351995711604,0.0976193270385276,37.48435211814489
stage2,3450,23,0.65,74933,24,"{""atr_period"": 21, ""horizon_h"": 6, ""ma_windows"": [8, 24, 96], ""mtf_intervals"": [""1d""], ""ret_windows"": [1, 2, 4, 8, 24], ""rsi_period"": 14, ""target_threshold"": 0.004, ""vol_windows"": [24, 72]}","{""colsample_bytree"": 1.0, ""gamma"": 0.2, ""learning_rate"": 0.07, ""max_depth"": 3, ""min_child_weight"": 5, ""n_estimators"": 250, ""subsample"": 0.7}",4,2005,0.7825436408977556,0.01678960319040643,239175562920774.56,2374.4351995711604,0.05046101366996214,33.44334020249019
stage2,1290,51,0.52,74772,24,"{""atr_period"": 21, ""horizon_h"": 6, ""ma_windows"": [12, 24, 72], ""mtf_intervals"": [""1d""], ""ret_windows"": [1, 3, 6, 12, 24], ""rsi_period"": 21, ""target_threshold"": 0.004, ""vol_windows"": [12, 48]}","{""colsample_bytree"": 0.7, ""gamma"": 0.2, ""learning_rate"": 0.07, ""max_depth"": 5, ""min_child_weight"": 5, ""n_estimators"": 250, ""subsample"": 0.7}",4,4878,0.6951619516195162,0.011315974626008514,4.1672526569749236e+23,2192.578913547333,0.20574704495756846,54.53049795811353
stage2,1290,51,0.55,74772,24,"{""atr_period"": 21, ""horizon_h"": 6, ""ma_windows"": [12, 24, 72], ""mtf_intervals"": [""1d""], ""ret_windows"": [1, 3, 6, 12, 24], ""rsi_period"": 21, ""target_threshold"": 0.004, ""vol_windows"": [12, 48]}","{""colsample_bytree"": 0.7, ""gamma"": 0.2, ""learning_rate"": 0.07, ""max_depth"": 5, ""min_child_weight"": 5, ""n_estimators"": 250, ""subsample"": 0.7}",4,4269,0.7172639962520496,0.012145640197056044,1.520596493803737e+22,2192.578913547333,0.20574704495756857,51.24407752997997
stage2,1290,51,0.58,74772,24,"{""atr_period"": 21, ""horizon_h"": 6, ""ma_windows"": [12, 24, 72], ""mtf_intervals"": [""1d""], ""ret_windows"": [1, 3, 6, 12, 24], ""rsi_period"": 21, ""target_threshold"": 0.004, ""vol_windows"": [12, 48]}","{""colsample_bytree"": 0.7, ""gamma"": 0.2, ""learning_rate"": 0.07, ""max_depth"": 5, ""min_child_weight"": 5, ""n_estimators"": 250, ""subsample"": 0.7}",4,3727,0.7378588677220285,0.013091521625743565,7.417599361114242e+20,2192.578913547333,0.19436381291212268,48.2533946892006
stage2,1290,51,0.6,74772,24,"{""atr_period"": 21, ""horizon_h"": 6, ""ma_windows"": [12, 24, 72], ""mtf_intervals"": [""1d""], ""ret_windows"": [1, 3, 6, 12, 24], ""rsi_period"": 21, ""target_threshold"": 0.004, ""vol_windows"": [12, 48]}","{""colsample_bytree"": 0.7, ""gamma"": 0.2, ""learning_rate"": 0.07, ""max_depth"": 5, ""min_child_weight"": 5, ""n_estimators"": 250, ""subsample"": 0.7}",4,3368,0.7526722090261283,0.013800628388028922,7.526502021690835e+19,2192.578913547333,0.16515969166693578,45.997510110306614
stage2,1290,51,0.62,74772,24,"{""atr_period"": 21, ""horizon_h"": 6, ""ma_windows"": [12, 24, 72], ""mtf_intervals"": [""1d""], ""ret_windows"": [1, 3, 6, 12, 24], ""rsi_period"": 21, ""target_threshold"": 0.004, ""vol_windows"": [12, 48]}","{""colsample_bytree"": 0.7, ""gamma"": 0.2, ""learning_rate"": 0.07, ""max_depth"": 5, ""min_child_weight"": 5, ""n_estimators"": 250, ""subsample"": 0.7}",4,3020,0.7609271523178808,0.014370498746608971,3.5979590438258156e+18,2192.578913547333,0.1651596916669359,42.96802429231112
stage2,1290,51,0.65,74772,24,"{""atr_period"": 21, ""horizon_h"": 6, ""ma_windows"": [12, 24, 72], ""mtf_intervals"": [""1d""], ""ret_windows"": [1, 3, 6, 12, 24], ""rsi_period"": 21, ""target_threshold"": 0.004, ""vol_windows"": [12, 48]}","{""colsample_bytree"": 0.7, ""gamma"": 0.2, ""learning_rate"": 0.07, ""max_depth"": 5, ""min_child_weight"": 5, ""n_estimators"": 250, ""subsample"": 0.7}",4,2538,0.7789598108747045,0.015508117462695934,6.7086355713840584e+16,2192.578913547333,0.07092643614738758,39.05652664597335
stage2,1290,58,0.52,74772,24,"{""atr_period"": 21, ""horizon_h"": 6, ""ma_windows"": [12, 24, 72], ""mtf_intervals"": [""1d""], ""ret_windows"": [1, 3, 6, 12, 24], ""rsi_period"": 21, ""target_threshold"": 0.004, ""vol_windows"": [12, 48]}","{""colsample_bytree"": 0.7, ""gamma"": 0.0, ""learning_rate"": 0.07, ""max_depth"": 5, ""min_child_weight"": 5, ""n_estimators"": 250, ""subsample"": 1.0}",4,4865,0.6922918807810894,0.011236272103297376,2.4525775340802202e+23,2192.578913547333,0.12335557637330918,54.038642558389164
stage2,1290,58,0.55,74772,24,"{""atr_period"": 21, ""horizon_h"": 6, ""ma_windows"": [12, 24, 72], ""mtf_intervals"": [""1d""], ""ret_windows"": [1, 3, 6, 12, 24], ""rsi_period"": 21, ""target_threshold"": 0.004, ""vol_windows"": [12, 48]}","{""colsample_bytree"": 0.7, ""gamma"": 0.0, ""learning_rate"": 0.07, ""max_depth"": 5, ""min_child_weight"": 5, ""n_estimators"": 250, ""subsample"": 1.0}",4,4248,0.717984934086629,0.012152118848685526,1.2297673358319687e+22,2192.578913547333,0.11744206402674362,51.07658090554595
stage2,1290,58,0.58,74772,24,"{""atr_period"": 21, ""horizon_h"": 6, ""ma_windows"": [12, 24, 72], ""mtf_intervals"": [""1d""], ""ret_windows"": [1, 3, 6, 12, 24], ""rsi_period"": 21, ""target_threshold"": 0.004, ""vol_windows"": [12, 48]}","{""colsample_bytree"": 0.7, ""gamma"": 0.0, ""learning_rate"": 0.07, ""max_depth"": 5, ""min_child_weight"": 5, ""n_estimators"": 250, ""subsample"": 1.0}",4,3682,0.7373709940249864,0.013116314989727547,4.5736365946977826e+20,2192.578913547333,0.11744206402674351,47.80811678523049
stage2,1290,58,0.6,74772,24,"{""atr_period"": 21, ""horizon_h"": 6, ""ma_windows"": [12, 24, 72], ""mtf_intervals"": [""1d""], ""ret_windows"": [1, 3, 6, 12, 24], ""rsi_period"": 21, ""target_threshold"": 0.004, ""vol_windows"": [12, 48]}","{""colsample_bytree"": 0.7, ""gamma"": 0.0, ""learning_rate"": 0.07, ""max_depth"": 5, ""min_child_weight"": 5, ""n_estimators"": 250, ""subsample"": 1.0}",4,3342,0.7504488330341114,0.013698748719060742,3.8218555916588294e+19,2192.578913547333,0.11267891743735692,45.34346242600348
stage2,1290,58,0.62,74772,24,"{""atr_period"": 21, ""horizon_h"": 6, ""ma_windows"": [12, 24, 72], ""mtf_intervals"": [""1d""], ""ret_windows"": [1, 3, 6, 12, 24], ""rsi_period"": 21, ""target_threshold"": 0.004, ""vol_windows"": [12, 48]}","{""colsample_bytree"": 0.7, ""gamma"": 0.0, ""learning_rate"": 0.07, ""max_depth"": 5, ""min_child_weight"": 5, ""n_estimators"": 250, ""subsample"": 1.0}",4,2988,0.7663989290495314,0.014489030205384147,3.276051840941077e+18,2192.578913547333,0.11267891743735692,42.90586259038555
stage2,1290,58,0.65,74772,24,"{""atr_period"": 21, ""horizon_h"": 6, ""ma_windows"": [12, 24, 72], ""mtf_intervals"": [""1d""], ""ret_windows"": [1, 3, 6, 12, 24], ""rsi_period"": 21, ""target_threshold"": 0.004, ""vol_windows"": [12, 48]}","{""colsample_bytree"": 0.7, ""gamma"": 0.0, ""learning_rate"": 0.07, ""max_depth"": 5, ""min_child_weight"": 5, ""n_estimators"": 250, ""subsample"": 1.0}",4,2513,0.7875049741345006,0.015681904227104897,7.073597332532146e+16,2192.578913547333,0.08477639514312119,39.110801670445504
stage2,1290,50,0.52,74772,24,"{""atr_period"": 21, ""horizon_h"": 6, ""ma_windows"": [12, 24, 72], ""mtf_intervals"": [""1d""], ""ret_windows"": [1, 3, 6, 12, 24], ""rsi_period"": 21, ""target_threshold"": 0.004, ""vol_windows"": [12, 48]}","{""colsample_bytree"": 0.7, ""gamma"": 0.0, ""learning_rate"": 0.07, ""max_depth"": 5, ""min_child_weight"": 5, ""n_estimators"": 250, ""subsample"": 0.7}",4,4852,0.6974443528441879,0.011380718873248666,4.2466548153861526e+23,2192.578913547333,0.20574704495756835,54.551716420392225
stage2,1290,50,0.55,74772,24,"{""atr_period"": 21, ""horizon_h"": 6, ""ma_windows"": [12, 24, 72], ""mtf_intervals"": [""1d""], ""ret_windows"": [1, 3, 6, 12, 24], ""rsi_period"": 21, ""target_threshold"": 0.004, ""vol_windows"": [12, 48]}","{""colsample_bytree"": 0.7, ""gamma"": 0.0, ""learning_rate"": 0.07, ""max_depth"": 5, ""min_child_weight"": 5, ""n_estimators"": 250, ""subsample"": 0.7}",4,4251,0.7172430016466713,0.01219150586000554,1.487063588458008e+22,2192.578913547333,0.1943638129121228,51.227820017091325
stage2,1290,50,0.58,74772,24,"{""atr_period"": 21, ""horizon_h"": 6, ""ma_windows"": [12, 24, 72], ""mtf_intervals"": [""1d""], ""ret_windows"": [1, 3, 6, 12, 24], ""rsi_period"": 21, ""target_threshold"": 0.004, ""vol_windows"": [12, 48]}","{""colsample_bytree"": 0.7, ""gamma"": 0.0, ""learning_rate"": 0.07, ""max_depth"": 5, ""min_child_weight"": 5, ""n_estimators"": 250, ""subsample"": 0.7}",4,3691,0.7374695204551612,0.013218128802969572,7.405438473802348e+20,2192.578913547333,0.1651596916669359,48.26705732000967
stage2,1290,50,0.6,74772,24,"{""atr_period"": 21, ""horizon_h"": 6, ""ma_windows"": [12, 24, 72], ""mtf_intervals"": [""1d""], ""ret_windows"": [1, 3, 6, 12, 24], ""rsi_period"": 21, ""target_threshold"": 0.004, ""vol_windows"": [12, 48]}","{""colsample_bytree"": 0.7, ""gamma"": 0.0, ""learning_rate"": 0.07, ""max_depth"": 5, ""min_child_weight"": 5, ""n_estimators"": 250, ""subsample"": 0.7}",4,3308,0.7542321644498187,0.013896515976297551,4.567782018708361e+19,2192.578913547333,0.1651596916669359,45.50012253244181
stage2,1290,50,0.62,74772,24,"{""atr_period"": 21, ""horizon_h"": 6, ""ma_windows"": [12, 24, 72], ""mtf_intervals"": [""1d""], ""ret_windows"": [1, 3, 6, 12, 24], ""rsi_period"": 21, ""target_threshold"": 0.004, ""vol_windows"": [12, 48]}","{""colsample_bytree"": 0.7, ""gamma"": 0.0, ""learning_rate"": 0.07, ""max_depth"": 5, ""min_child_weight"": 5, ""n_estimators"": 250, ""subsample"": 0.7}",4,2982,0.7665995975855131,0.01455811140825876,3.6636884940064353e+18,2192.578913547333,0.09398504840013078,43.02775414421354
stage2,1290,50,0.65,74772,24,"{""atr_period"": 21, ""horizon_h"": 6, ""ma_windows"": [12, 24, 72], ""mtf_intervals"": [""1d""], ""ret_windows"": [1, 3, 6, 12, 24], ""rsi_period"": 21, ""target_threshold"": 0.004, ""vol_windows"": [12, 48]}","{""colsample_bytree"": 0.7, ""gamma"": 0.0, ""learning_rate"": 0.07, ""max_depth"": 5, ""min_child_weight"": 5, ""n_estimators"": 250, ""subsample"": 0.7}",4,2527,0.7827463395330432,0.015611209605036742,7.27070301263337e+16,2192.578913547333,0.09398504840013067,39.12930869954141
stage2,1290,48,0.52,74772,24,"{""atr_period"": 21, ""horizon_h"": 6, ""ma_windows"": [12, 24, 72], ""mtf_intervals"": [""1d""], ""ret_windows"": [1, 3, 6, 12, 24], ""rsi_period"": 21, ""target_threshold"": 0.004, ""vol_windows"": [12, 48]}","{""colsample_bytree"": 0.7, ""gamma"": 0.0, ""learning_rate"": 0.07, ""max_depth"": 5, ""min_child_weight"": 1, ""n_estimators"": 250, ""subsample"": 0.7}",4,4878,0.6951619516195162,0.011252253257014124,3.0750921876565757e+23,2192.578913547333,0.20574704495756835,54.22606608427081
stage2,1290,48,0.55,74772,24,"{""atr_period"": 21, ""horizon_h"": 6, ""ma_windows"": [12, 24, 72], ""mtf_intervals"": [""1d""], ""ret_windows"": [1, 3, 6, 12, 24], ""rsi_period"": 21, ""target_threshold"": 0.004, ""vol_windows"": [12, 48]}","{""colsample_bytree"": 0.7, ""gamma"": 0.0, ""learning_rate"": 0.07, ""max_depth"": 5, ""min_child_weight"": 1, ""n_estimators"": 250, ""subsample"": 0.7}",4,4257,0.7209302325581395,0.012195119096527849,1.6400913709112528e+22,2192.578913547333,0.09655866451244854,51.37764980668593
stage2,1290,48,0.58,74772,24,"{""atr_period"": 21, ""horizon_h"": 6, ""ma_windows"": [12, 24, 72], ""mtf_intervals"": [""1d""], ""ret_windows"": [1, 3, 6, 12, 24], ""rsi_period"": 21, ""target_threshold"": 0.004, ""vol_windows"": [12, 48]}","{""colsample_bytree"": 0.7, ""gamma"": 0.0, ""learning_rate"": 0.07, ""max_depth"": 5, ""min_child_weight"": 1, ""n_estimators"": 250, ""subsample"": 0.7}",4,3656,0.7428884026258206,0.013190779085017736,4.269245880433519e+20,2192.578913547333,0.09398504840013067,47.75598349330724
stage2,1290,48,0.6,74772,24,"{""atr_period"": 21, ""horizon_h"": 6, ""ma_windows"": [12, 24, 72], ""mtf_intervals"": [""1d""], ""ret_windows"": [1, 3, 6, 12, 24], ""rsi_period"": 21, ""target_threshold"": 0.004, ""vol_windows"": [12, 48]}","{""colsample_bytree"": 0.7, ""gamma"": 0.0, ""learning_rate"": 0.07, ""max_depth"": 5, ""min_child_weight"": 1, ""n_estimators"": 250, ""subsample"": 0.7}",4,3303,0.7574931880108992,0.013935631342441922,4.861431005443685e+19,2192.578913547333,0.09398504840013078,45.60093668397142
stage2,1290,48,0.62,74772,24,"{""atr_period"": 21, ""horizon_h"": 6, ""ma_windows"": [12, 24, 72], ""mtf_intervals"": [""1d""], ""ret_windows"": [1, 3, 6, 12, 24], ""rsi_period"": 21, ""target_threshold"": 0.004, ""vol_windows"": [12, 48]}","{""colsample_bytree"": 0.7, ""gamma"": 0.0, ""learning_rate"": 0.07, ""max_depth"": 5, ""min_child_weight"": 1, ""n_estimators"": 250, ""subsample"": 0.7}",4,2955,0.7705583756345178,0.014658476071333219,3.331425209733244e+18,2192.578913547333,0.09398504840013067,42.936653862112294
stage2,1290,48,0.65,74772,24,"{""atr_period"": 21, ""horizon_h"": 6, ""ma_windows"": [12, 24, 72], ""mtf_intervals"": [""1d""], ""ret_windows"": [1, 3, 6, 12, 24], ""rsi_period"": 21, ""target_threshold"": 0.004, ""vol_windows"": [12, 48]}","{""colsample_bytree"": 0.7, ""gamma"": 0.0, ""learning_rate"": 0.07, ""max_depth"": 5, ""min_child_weight"": 1, ""n_estimators"": 250, ""subsample"": 0.7}",4,2527,0.7815591610605461,0.015631926751350264,7.701368208489994e+16,2192.578913547333,0.06154078183779288,39.202291842334105
stage2,1290,57,0.52,74772,24,"{""atr_period"": 21, ""horizon_h"": 6, ""ma_windows"": [12, 24, 72], ""mtf_intervals"": [""1d""], ""ret_windows"": [1, 3, 6, 12, 24], ""rsi_period"": 21, ""target_threshold"": 0.004, ""vol_windows"": [12, 48]}","{""colsample_bytree"": 0.7, ""gamma"": 0.2, ""learning_rate"": 0.07, ""max_depth"": 5, ""min_child_weight"": 1, ""n_estimators"": 250, ""subsample"": 1.0}",4,4848,0.6916254125412541,0.011268609138582651,2.389307685382964e+23,2192.578913547333,0.1233555763733093,54.01223220641074
stage2,1290,57,0.55,74772,24,"{""atr_period"": 21, ""horizon_h"": 6, ""ma_windows"": [12, 24, 72], ""mtf_intervals"": [""1d""], ""ret_windows"": [1, 3, 6, 12, 24], ""rsi_period"": 21, ""target_threshold"": 0.004, ""vol_windows"": [12, 48]}","{""colsample_bytree"": 0.7, ""gamma"": 0.2, ""learning_rate"": 0.07, ""max_depth"": 5, ""min_child_weight"": 1, ""n_estimators"": 250, ""subsample"": 1.0}",4,4241,0.7168120726243811,0.012202610776481283,1.3998826989509082e+22,2192.578913547333,0.1174420640267434,51.20561000481428
stage2,1290,57,0.58,74772,24,"{""atr_period"": 21, ""horizon_h"": 6, ""ma_windows"": [12, 24, 72], ""mtf_intervals"": [""1d""], ""ret_windows"": [1, 3, 6, 12, 24], ""rsi_period"": 21, ""target_threshold"": 0.004, ""vol_windows"": [12, 48]}","{""colsample_bytree"": 0.7, ""gamma"": 0.2, ""learning_rate"": 0.07, ""max_depth"": 5, ""min_child_weight"": 1, ""n_estimators"": 250, ""subsample"": 1.0}",4,3634,0.7380297193175565,0.013179530072559236,3.084112424604116e+20,2192.578913547333,0.10596113746366087,47.42084521637203
stage2,1290,57,0.6,74772,24,"{""atr_period"": 21, ""horizon_h"": 6, ""ma_windows"": [12, 24, 72], ""mtf_intervals"": [""1d""], ""ret_windows"": [1, 3, 6, 12, 24], ""rsi_period"": 21, ""target_threshold"": 0.004, ""vol_windows"": [12, 48]}","{""colsample_bytree"": 0.7, ""gamma"": 0.2, ""learning_rate"": 0.07, ""max_depth"": 5, ""min_child_weight"": 1, ""n_estimators"": 250, ""subsample"": 1.0}",4,3319,0.7460078336848448,0.013688897708106806,2.7110493334123516e+19,2192.578913547333,0.09667410396464593,45.00443293136449
stage2,1290,57,0.62,74772,24,"{""atr_period"": 21, ""horizon_h"": 6, ""ma_windows"": [12, 24, 72], ""mtf_intervals"": [""1d""], ""ret_windows"": [1, 3, 6, 12, 24], ""rsi_period"": 21, ""target_threshold"": 0.004, ""vol_windows"": [12, 48]}","{""colsample_bytree"": 0.7, ""gamma"": 0.2, ""learning_rate"": 0.07, ""max_depth"": 5, ""min_child_weight"": 1, ""n_estimators"": 250, ""subsample"": 1.0}",4,2961,0.7605538669368457,0.014439966733098277,1.924162099930684e+18,2192.578913547333,0.0847763951431213,42.382596903953306
stage2,1290,57,0.65,74772,24,"{""atr_period"": 21, ""horizon_h"": 6, ""ma_windows"": [12, 24, 72], ""mtf_intervals"": [""1d""], ""ret_windows"": [1, 3, 6, 12, 24], ""rsi_period"": 21, ""target_threshold"": 0.004, ""vol_windows"": [12, 48]}","{""colsample_bytree"": 0.7, ""gamma"": 0.2, ""learning_rate"": 0.07, ""max_depth"": 5, ""min_child_weight"": 1, ""n_estimators"": 250, ""subsample"": 1.0}",4,2482,0.7836422240128929,0.015714728447535305,4.71458598420526e+16,2192.578913547333,0.08316373560654888,38.703072330894166
stage2,1290,61,0.52,74772,24,"{""atr_period"": 21, ""horizon_h"": 6, ""ma_windows"": [12, 24, 72], ""mtf_intervals"": [""1d""], ""ret_windows"": [1, 3, 6, 12, 24], ""rsi_period"": 21, ""target_threshold"": 0.004, ""vol_windows"": [12, 48]}","{""colsample_bytree"": 1.0, ""gamma"": 0.2, ""learning_rate"": 0.07, ""max_depth"": 5, ""min_child_weight"": 1, ""n_estimators"": 250, ""subsample"": 1.0}",4,4910,0.6896130346232179,0.011186166779421601,3.206625170461915e+23,2192.578913547333,0.11888176452959531,54.30641505385359
stage2,1290,61,0.55,74772,24,"{""atr_period"": 21, ""horizon_h"": 6, ""ma_windows"": [12, 24, 72], ""mtf_intervals"": [""1d""], ""ret_windows"": [1, 3, 6, 12, 24], ""rsi_period"": 21, ""target_threshold"": 0.004, ""vol_windows"": [12, 48]}","{""colsample_bytree"": 1.0, ""gamma"": 0.2, ""learning_rate"": 0.07, ""max_depth"": 5, ""min_child_weight"": 1, ""n_estimators"": 250, ""subsample"": 1.0}",4,4279,0.7116148632858145,0.01203653281545735,1.0905668003694387e+22,2192.578913547333,0.11888176452959531,50.949712878183185
stage2,1290,61,0.58,74772,24,"{""atr_period"": 21, ""horizon_h"": 6, ""ma_windows"": [12, 24, 72], ""mtf_intervals"": [""1d""], ""ret_windows"": [1, 3, 6, 12, 24], ""rsi_period"": 21, ""target_threshold"": 0.004, ""vol_windows"": [12, 48]}","{""colsample_bytree"": 1.0, ""gamma"": 0.2, ""learning_rate"": 0.07, ""max_depth"": 5, ""min_child_weight"": 1, ""n_estimators"": 250, ""subsample"": 1.0}",4,3724,0.7320085929108485,0.012983410162075716,4.834198713951161e+20,2192.578913547333,0.11744206402674351,47.85817037249049
stage2,1290,61,0.6,74772,24,"{""atr_period"": 21, ""horizon_h"": 6, ""ma_windows"": [12, 24, 72], ""mtf_intervals"": [""1d""], ""ret_windows"": [1, 3, 6, 12, 24], ""rsi_period"": 21, ""target_threshold"": 0.004, ""vol_windows"": [12, 48]}","{""colsample_bytree"": 1.0, ""gamma"": 0.2, ""learning_rate"": 0.07, ""max_depth"": 5, ""min_child_weight"": 1, ""n_estimators"": 250, ""subsample"": 1.0}",4,3391,0.7475670893541728,0.013699875333858745,7.498430147065063e+19,2192.578913547333,0.0896893226928761,46.02661846460307
stage2,1290,61,0.62,74772,24,"{""atr_period"": 21, ""horizon_h"": 6, ""ma_windows"": [12, 24, 72], ""mtf_intervals"": [""1d""], ""ret_windows"": [1, 3, 6, 12, 24], ""rsi_period"": 21, ""target_threshold"": 0.004, ""vol_windows"": [12, 48]}","{""colsample_bytree"": 1.0, ""gamma"": 0.2, ""learning_rate"": 0.07, ""max_depth"": 5, ""min_child_weight"": 1, ""n_estimators"": 250, ""subsample"": 1.0}",4,3040,0.7671052631578947,0.01447665530046147,6.706197557739085e+18,2192.578913547333,0.08968932269287588,43.63421657293426
stage2,1290,61,0.65,74772,24,"{""atr_period"": 21, ""horizon_h"": 6, ""ma_windows"": [12, 24, 72], ""mtf_intervals"": [""1d""], ""ret_windows"": [1, 3, 6, 12, 24], ""rsi_period"": 21, ""target_threshold"": 0.004, ""vol_windows"": [12, 48]}","{""colsample_bytree"": 1.0, ""gamma"": 0.2, ""learning_rate"": 0.07, ""max_depth"": 5, ""min_child_weight"": 1, ""n_estimators"": 250, ""subsample"": 1.0}",4,2581,0.7884540875629601,0.015501069604151168,1.2844245087719112e+17,2192.578913547333,0.08477639514312119,39.70664097514604
stage2,1290,38,0.52,74772,24,"{""atr_period"": 21, ""horizon_h"": 6, ""ma_windows"": [12, 24, 72], ""mtf_intervals"": [""1d""], ""ret_windows"": [1, 3, 6, 12, 24], ""rsi_period"": 21, ""target_threshold"": 0.004, ""vol_windows"": [12, 48]}","{""colsample_bytree"": 1.0, ""gamma"": 0.0, ""learning_rate"": 0.03, ""max_depth"": 5, ""min_child_weight"": 5, ""n_estimators"": 250, ""subsample"": 0.7}",4,4589,0.702767487470037,0.011762291453976887,1.2501608638652018e+23,2192.578913547333,0.11744206402674351,53.380320662583905
stage2,1290,38,0.55,74772,24,"{""atr_period"": 21, ""horizon_h"": 6, ""ma_windows"": [12, 24, 72], ""mtf_intervals"": [""1d""], ""ret_windows"": [1, 3, 6, 12, 24], ""rsi_period"": 21, ""target_threshold"": 0.004, ""vol_windows"": [12, 48]}","{""colsample_bytree"": 1.0, ""gamma"": 0.0, ""learning_rate"": 0.03, ""max_depth"": 5, ""min_child_weight"": 5, ""n_estimators"": 250, ""subsample"": 0.7}",4,3934,0.728266395526182,0.012821946869134968,3.8163539809838684e+21,2192.578913547333,0.11744206402674351,49.92005012383183
stage2,1290,38,0.58,74772,24,"{""atr_period"": 21, ""horizon_h"": 6, ""ma_windows"": [12, 24, 72], ""mtf_intervals"": [""1d""], ""ret_windows"": [1, 3, 6, 12, 24], ""rsi_period"": 21, ""target_threshold"": 0.004, ""vol_windows"": [12, 48]}","{""colsample_bytree"": 1.0, ""gamma"": 0.0, ""learning_rate"": 0.03, ""max_depth"": 5, ""min_child_weight"": 5, ""n_estimators"": 250, ""subsample"": 0.7}",4,3363,0.7508177222717811,0.01388725583733506,9.477184025911874e+19,2192.578913547333,0.10364237021668432,46.257935034755164
stage2,1290,38,0.6,74772,24,"{""atr_period"": 21, ""horizon_h"": 6, ""ma_windows"": [12, 24, 72], ""mtf_intervals"": [""1d""], ""ret_windows"": [1, 3, 6, 12, 24], ""rsi_period"": 21, ""target_threshold"": 0.004, ""vol_windows"": [12, 48]}","{""colsample_bytree"": 1.0, ""gamma"": 0.0, ""learning_rate"": 0.03, ""max_depth"": 5, ""min_child_weight"": 5, ""n_estimators"": 250, ""subsample"": 0.7}",4,3043,0.766020374630299,0.014615092786546713,1.0490113301735156e+19,2192.578913547333,0.089689322692876,44.08185727782091
stage2,1290,38,0.62,74772,24,"{""atr_period"": 21, ""horizon_h"": 6, ""ma_windows"": [12, 24, 72], ""mtf_intervals"": [""1d""], ""ret_windows"": [1, 3, 6, 12, 24], ""rsi_period"": 21, ""target_threshold"": 0.004, ""vol_windows"": [12, 48]}","{""colsample_bytree"": 1.0, ""gamma"": 0.0, ""learning_rate"": 0.03, ""max_depth"": 5, ""min_child_weight"": 5, ""n_estimators"": 250, ""subsample"": 0.7}",4,2687,0.7781912914030518,0.015463674355158665,5.832082732104579e+17,2192.578913547333,0.08263081178940712,41.212267783462515
stage2,1290,38,0.65,74772,24,"{""atr_period"": 21, ""horizon_h"": 6, ""ma_windows"": [12, 24, 72], ""mtf_intervals"": [""1d""], ""ret_windows"": [1, 3, 6, 12, 24], ""rsi_period"": 21, ""target_threshold"": 0.004, ""vol_windows"": [12, 48]}","{""colsample_bytree"": 1.0, ""gamma"": 0.0, ""learning_rate"": 0.03, ""max_depth"": 5, ""min_child_weight"": 5, ""n_estimators"": 250, ""subsample"": 0.7}",4,2237,0.7961555654894948,0.016599248435307905,7407314582799290.0,2192.578913547333,0.08263081178940712,36.869647398033145
stage2,1290,36,0.52,74772,24,"{""atr_period"": 21, ""horizon_h"": 6, ""ma_windows"": [12, 24, 72], ""mtf_intervals"": [""1d""], ""ret_windows"": [1, 3, 6, 12, 24], ""rsi_period"": 21, ""target_threshold"": 0.004, ""vol_windows"": [12, 48]}","{""colsample_bytree"": 1.0, ""gamma"": 0.0, ""learning_rate"": 0.03, ""max_depth"": 5, ""min_child_weight"": 1, ""n_estimators"": 250, ""subsample"": 0.7}",4,4581,0.7022484173761188,0.0117466871757244,1.057926895919857e+23,2192.578913547333,0.12982661290125297,53.206627298283884
stage2,1290,36,0.55,74772,24,"{""atr_period"": 21, ""horizon_h"": 6, ""ma_windows"": [12, 24, 72], ""mtf_intervals"": [""1d""], ""ret_windows"": [1, 3, 6, 12, 24], ""rsi_period"": 21, ""target_threshold"": 0.004, ""vol_windows"": [12, 48]}","{""colsample_bytree"": 1.0, ""gamma"": 0.0, ""learning_rate"": 0.03, ""max_depth"": 5, ""min_child_weight"": 1, ""n_estimators"": 250, ""subsample"": 0.7}",4,3964,0.7267911200807265,0.012761674190219145,4.4201891537682726e+21,2192.578913547333,0.11744206402674362,50.06527470059204
stage2,1290,36,0.58,74772,24,"{""atr_period"": 21, ""horizon_h"": 6, ""ma_windows"": [12, 24, 72], ""mtf_intervals"": [""1d""], ""ret_windows"": [1, 3, 6, 12, 24], ""rsi_period"": 21, ""target_threshold"": 0.004, ""vol_windows"": [12, 48]}","{""colsample_bytree"": 1.0, ""gamma"": 0.0, ""learning_rate"": 0.03, ""max_depth"": 5, ""min_child_weight"": 1, ""n_estimators"": 250, ""subsample"": 0.7}",4,3381,0.7468204673173617,0.013752565848422592,7.755535274049726e+19,2192.578913547333,0.11744206402674351,46.046279452849575
stage2,1290,36,0.6,74772,24,"{""atr_period"": 21, ""horizon_h"": 6, ""ma_windows"": [12, 24, 72], ""mtf_intervals"": [""1d""], ""ret_windows"": [1, 3, 6, 12, 24], ""rsi_period"": 21, ""target_threshold"": 0.004, ""vol_windows"": [12, 48]}","{""colsample_bytree"": 1.0, ""gamma"": 0.0, ""learning_rate"": 0.03, ""max_depth"": 5, ""min_child_weight"": 1, ""n_estimators"": 250, ""subsample"": 0.7}",4,3058,0.7652060170045781,0.01454456396588587,1.0501262324014815e+19,2192.578913547333,0.08968932269287588,44.081703809149346
stage2,1290,36,0.62,74772,24,"{""atr_period"": 21, ""horizon_h"": 6, ""ma_windows"": [12, 24, 72], ""mtf_intervals"": [""1d""], ""ret_windows"": [1, 3, 6, 12, 24], ""rsi_period"": 21, ""target_threshold"": 0.004, ""vol_windows"": [12, 48]}","{""colsample_bytree"": 1.0, ""gamma"": 0.0, ""learning_rate"": 0.03, ""max_depth"": 5, ""min_child_weight"": 1, ""n_estimators"": 250, ""subsample"": 0.7}",4,2691,0.7800074321813453,0.015329187422877753,4.333592986107908e+17,2192.578913547333,0.089689322692876,40.91213835154979
stage2,1290,36,0.65,74772,24,"{""atr_period"": 21, ""horizon_h"": 6, ""ma_windows"": [12, 24, 72], ""mtf_intervals"": [""1d""], ""ret_windows"": [1, 3, 6, 12, 24], ""rsi_period"": 21, ""target_threshold"": 0.004, ""vol_windows"": [12, 48]}","{""colsample_bytree"": 1.0, ""gamma"": 0.0, ""learning_rate"": 0.03, ""max_depth"": 5, ""min_child_weight"": 1, ""n_estimators"": 250, ""subsample"": 0.7}",4,2238,0.7984807864164433,0.016544770058346474,6683698214918549.0,2192.578913547333,0.07092643614738747,36.774127425779504
stage2,1290,32,0.52,74772,24,"{""atr_period"": 21, ""horizon_h"": 6, ""ma_windows"": [12, 24, 72], ""mtf_intervals"": [""1d""], ""ret_windows"": [1, 3, 6, 12, 24], ""rsi_period"": 21, ""target_threshold"": 0.004, ""vol_windows"": [12, 48]}","{""colsample_bytree"": 0.7, ""gamma"": 0.0, ""learning_rate"": 0.03, ""max_depth"": 5, ""min_child_weight"": 1, ""n_estimators"": 250, ""subsample"": 0.7}",4,4515,0.7058693244739757,0.011911829309995818,1.03686575027995e+23,2192.578913547333,0.1340952945099929,53.18860204682321
stage2,1290,32,0.55,74772,24,"{""atr_period"": 21, ""horizon_h"": 6, ""ma_windows"": [12, 24, 72], ""mtf_intervals"": [""1d""], ""ret_windows"": [1, 3, 6, 12, 24], ""rsi_period"": 21, ""target_threshold"": 0.004, ""vol_windows"": [12, 48]}","{""colsample_bytree"": 0.7, ""gamma"": 0.0, ""learning_rate"": 0.03, ""max_depth"": 5, ""min_child_weight"": 1, ""n_estimators"": 250, ""subsample"": 0.7}",4,3863,0.7292259901630856,0.012882934467958433,1.9556937836197897e+21,2192.578913547333,0.1298266129012533,49.24656292131388
stage2,1290,32,0.58,74772,24,"{""atr_period"": 21, ""horizon_h"": 6, ""ma_windows"": [12, 24, 72], ""mtf_intervals"": [""1d""], ""ret_windows"": [1, 3, 6, 12, 24], ""rsi_period"": 21, ""target_threshold"": 0.004, ""vol_windows"": [12, 48]}","{""colsample_bytree"": 0.7, ""gamma"": 0.0, ""learning_rate"": 0.03, ""max_depth"": 5, ""min_child_weight"": 1, ""n_estimators"": 250, ""subsample"": 0.7}",4,3288,0.7527372262773723,0.013888584489737248,3.399233158121297e+19,2192.578913547333,0.11744206402674362,45.22724405626802
stage2,1290,32,0.6,74772,24,"{""atr_period"": 21, ""horizon_h"": 6, ""ma_windows"": [12, 24, 72], ""mtf_intervals"": [""1d""], ""ret_windows"": [1, 3, 6, 12, 24], ""rsi_period"": 21, ""target_threshold"": 0.004, ""vol_windows"": [12, 48]}","{""colsample_bytree"": 0.7, ""gamma"": 0.0, ""learning_rate"": 0.03, ""max_depth"": 5, ""min_child_weight"": 1, ""n_estimators"": 250, ""subsample"": 0.7}",4,2927,0.7683635121284592,0.014694745423131792,2.4620011132302285e+18,2192.578913547333,0.11267891743735681,42.62341546818912
stage2,1290,32,0.62,74772,24,"{""atr_period"": 21, ""horizon_h"": 6, ""ma_windows"": [12, 24, 72], ""mtf_intervals"": [""1d""], ""ret_windows"": [1, 3, 6, 12, 24], ""rsi_period"": 21, ""target_threshold"": 0.004, ""vol_windows"": [12, 48]}","{""colsample_bytree"": 0.7, ""gamma"": 0.0, ""learning_rate"": 0.03, ""max_depth"": 5, ""min_child_weight"": 1, ""n_estimators"": 250, ""subsample"": 0.7}",4,2596,0.7823574730354391,0.015601455814820373,2.065282260997798e+17,2192.578913547333,0.08477639514312119,40.177522913480686
stage2,1290,32,0.65,74772,24,"{""atr_period"": 21, ""horizon_h"": 6, ""ma_windows"": [12, 24, 72], ""mtf_intervals"": [""1d""], ""ret_windows"": [1, 3, 6, 12, 24], ""rsi_period"": 21, ""target_threshold"": 0.004, ""vol_windows"": [12, 48]}","{""colsample_bytree"": 0.7, ""gamma"": 0.0, ""learning_rate"": 0.03, ""max_depth"": 5, ""min_child_weight"": 1, ""n_estimators"": 250, ""subsample"": 0.7}",4,2119,0.8065125058990089,0.017071616093805687,2865669254254198.5,2192.578913547333,0.07092643614738747,35.93789802979223
stage2,1290,42,0.52,74772,24,"{""atr_period"": 21, ""horizon_h"": 6, ""ma_windows"": [12, 24, 72], ""mtf_intervals"": [""1d""], ""ret_windows"": [1, 3, 6, 12, 24], ""rsi_period"": 21, ""target_threshold"": 0.004, ""vol_windows"": [12, 48]}","{""colsample_bytree"": 0.7, ""gamma"": 0.0, ""learning_rate"": 0.03, ""max_depth"": 5, ""min_child_weight"": 5, ""n_estimators"": 250, ""subsample"": 1.0}",4,4502,0.70501999111506,0.01188166883403859,7.723179724082681e+22,2192.578913547333,0.17096467509418345,52.87468521248097
stage2,1290,42,0.55,74772,24,"{""atr_period"": 21, ""horizon_h"": 6, ""ma_windows"": [12, 24, 72], ""mtf_intervals"": [""1d""], ""ret_windows"": [1, 3, 6, 12, 24], ""rsi_period"": 21, ""target_threshold"": 0.004, ""vol_windows"": [12, 48]}","{""colsample_bytree"": 0.7, ""gamma"": 0.0, ""learning_rate"": 0.03, ""max_depth"": 5, ""min_child_weight"": 5, ""n_estimators"": 250, ""subsample"": 1.0}",4,3871,0.7274606044949625,0.012825026161142785,1.735413283490335e+21,2192.578913547333,0.1174420640267434,49.13138020252035
stage2,1290,42,0.58,74772,24,"{""atr_period"": 21, ""horizon_h"": 6, ""ma_windows"": [12, 24, 72], ""mtf_intervals"": [""1d""], ""ret_windows"": [1, 3, 6, 12, 24], ""rsi_period"": 21, ""target_threshold"": 0.004, ""vol_windows"": [12, 48]}","{""colsample_bytree"": 0.7, ""gamma"": 0.0, ""learning_rate"": 0.03, ""max_depth"": 5, ""min_child_weight"": 5, ""n_estimators"": 250, ""subsample"": 1.0}",4,3287,0.7462731974444783,0.013795230305305063,2.4742790108944986e+19,2192.578913547333,0.11744206402674362,44.90372518012405
stage2,1290,42,0.6,74772,24,"{""atr_period"": 21, ""horizon_h"": 6, ""ma_windows"": [12, 24, 72], ""mtf_intervals"": [""1d""], ""ret_windows"": [1, 3, 6, 12, 24], ""rsi_period"": 21, ""target_threshold"": 0.004, ""vol_windows"": [12, 48]}","{""colsample_bytree"": 0.7, ""gamma"": 0.0, ""learning_rate"": 0.03, ""max_depth"": 5, ""min_child_weight"": 5, ""n_estimators"": 250, ""subsample"": 1.0}",4,2938,0.7620830496936691,0.014625035930484807,2.3578775173415235e+18,2192.578913547333,0.11744206402674351,42.5722392263929
stage2,1290,42,0.62,74772,24,"{""atr_period"": 21, ""horizon_h"": 6, ""ma_windows"": [12, 24, 72], ""mtf_intervals"": [""1d""], ""ret_windows"": [1, 3, 6, 12, 24], ""rsi_period"": 21, ""target_threshold"": 0.004, ""vol_windows"": [12, 48]}","{""colsample_bytree"": 0.7, ""gamma"": 0.0, ""learning_rate"": 0.03, ""max_depth"": 5, ""min_child_weight"": 5, ""n_estimators"": 250, ""subsample"": 1.0}",4,2593,0.7770921712302352,0.015518888963833072,1.5907246438152118e+17,2192.578913547333,0.08477639514312119,39.91157289525852
stage2,1290,42,0.65,74772,24,"{""atr_period"": 21, ""horizon_h"": 6, ""ma_windows"": [12, 24, 72], ""mtf_intervals"": [""1d""], ""ret_windows"": [1, 3, 6, 12, 24], ""rsi_period"": 21, ""target_threshold"": 0.004, ""vol_windows"": [12, 48]}","{""colsample_bytree"": 0.7, ""gamma"": 0.0, ""learning_rate"": 0.03, ""max_depth"": 5, ""min_child_weight"": 5, ""n_estimators"": 250, ""subsample"": 1.0}",4,2144,0.7952425373134329,0.016701145713694052,1993272533535576.8,2192.578913547333,0.08263081178940723,35.55704196183474
stage2,1290,44,0.52,74772,24,"{""atr_period"": 21, ""horizon_h"": 6, ""ma_windows"": [12, 24, 72], ""mtf_intervals"": [""1d""], ""ret_windows"": [1, 3, 6, 12, 24], ""rsi_period"": 21, ""target_threshold"": 0.004, ""vol_windows"": [12, 48]}","{""colsample_bytree"": 1.0, ""gamma"": 0.0, ""learning_rate"": 0.03, ""max_depth"": 5, ""min_child_weight"": 1, ""n_estimators"": 250, ""subsample"": 1.0}",4,4551,0.7029224346297517,0.01179977112591758,9.52751537550856e+22,2192.578913547333,0.11744206402674362,53.1090710981344
stage2,1290,44,0.55,74772,24,"{""atr_period"": 21, ""horizon_h"": 6, ""ma_windows"": [12, 24, 72], ""mtf_intervals"": [""1d""], ""ret_windows"": [1, 3, 6, 12, 24], ""rsi_period"": 21, ""target_threshold"": 0.004, ""vol_windows"": [12, 48]}","{""colsample_bytree"": 1.0, ""gamma"": 0.0, ""learning_rate"": 0.03, ""max_depth"": 5, ""min_child_weight"": 1, ""n_estimators"": 250, ""subsample"": 1.0}",4,3887,0.7260097761770002,0.01283618801721623,2.2277188091641806e+21,2192.578913547333,0.1174420640267434,49.380041352305085
stage2,1290,44,0.58,74772,24,"{""atr_period"": 21, ""horizon_h"": 6, ""ma_windows"": [12, 24, 72], ""mtf_intervals"": [""1d""], ""ret_windows"": [1, 3, 6, 12, 24], ""rsi_period"": 21, ""target_threshold"": 0.004, ""vol_windows"": [12, 48]}","{""colsample_bytree"": 1.0, ""gamma"": 0.0, ""learning_rate"": 0.03, ""max_depth"": 5, ""min_child_weight"": 1, ""n_estimators"": 250, ""subsample"": 1.0}",4,3329,0.749474316611595,0.013899304795969946,6.19073844201528e+19,2192.578913547333,0.089689322692876,45.83810037274247
stage2,1290,44,0.6,74772,24,"{""atr_period"": 21, ""horizon_h"": 6, ""ma_windows"": [12, 24, 72], ""mtf_intervals"": [""1d""], ""ret_windows"": [1, 3, 6, 12, 24], ""rsi_period"": 21, ""target_threshold"": 0.004, ""vol_windows"": [12, 48]}","{""colsample_bytree"": 1.0, ""gamma"": 0.0, ""learning_rate"": 0.03, ""max_depth"": 5, ""min_child_weight"": 1, ""n_estimators"": 250, ""subsample"": 1.0}",4,2992,0.7640374331550802,0.01468766045032738,6.199557337658651e+18,2192.578913547333,0.089689322692876,43.554896135023384
stage2,1290,44,0.62,74772,24,"{""atr_period"": 21, ""horizon_h"": 6, ""ma_windows"": [12, 24, 72], ""mtf_intervals"": [""1d""], ""ret_windows"": [1, 3, 6, 12, 24], ""rsi_period"": 21, ""target_threshold"": 0.004, ""vol_windows"": [12, 48]}","{""colsample_bytree"": 1.0, ""gamma"": 0.0, ""learning_rate"": 0.03, ""max_depth"": 5, ""min_child_weight"": 1, ""n_estimators"": 250, ""subsample"": 1.0}",4,2665,0.7774859287054409,0.0154011039656239,3.522902745468148e+17,2192.578913547333,0.08316373560654877,40.70684758116204
stage2,1290,44,0.65,74772,24,"{""atr_period"": 21, ""horizon_h"": 6, ""ma_windows"": [12, 24, 72], ""mtf_intervals"": [""1d""], ""ret_windows"": [1, 3, 6, 12, 24], ""rsi_period"": 21, ""target_threshold"": 0.004, ""vol_windows"": [12, 48]}","{""colsample_bytree"": 1.0, ""gamma"": 0.0, ""learning_rate"": 0.03, ""max_depth"": 5, ""min_child_weight"": 1, ""n_estimators"": 250, ""subsample"": 1.0}",4,2207,0.801087449025827,0.016603531810670005,4586973374252144.0,2192.578913547333,0.08263081178940712,36.3943796137098
stage2,1290,23,0.52,74772,24,"{""atr_period"": 21, ""horizon_h"": 6, ""ma_windows"": [12, 24, 72], ""mtf_intervals"": [""1d""], ""ret_windows"": [1, 3, 6, 12, 24], ""rsi_period"": 21, ""target_threshold"": 0.004, ""vol_windows"": [12, 48]}","{""colsample_bytree"": 1.0, ""gamma"": 0.2, ""learning_rate"": 0.07, ""max_depth"": 3, ""min_child_weight"": 5, ""n_estimators"": 250, ""subsample"": 0.7}",4,4298,0.6956724057701257,0.011842216697217424,5.93850400866302e+21,2192.578913547333,0.12982661290125308,50.32210655587966
stage2,1290,23,0.55,74772,24,"{""atr_period"": 21, ""horizon_h"": 6, ""ma_windows"": [12, 24, 72], ""mtf_intervals"": [""1d""], ""ret_windows"": [1, 3, 6, 12, 24], ""rsi_period"": 21, ""target_threshold"": 0.004, ""vol_windows"": [12, 48]}","{""colsample_bytree"": 1.0, ""gamma"": 0.2, ""learning_rate"": 0.07, ""max_depth"": 3, ""min_child_weight"": 5, ""n_estimators"": 250, ""subsample"": 0.7}",4,3644,0.7151481888035126,0.01282246441350208,9.621870759615586e+19,2192.578913547333,0.10332444021700471,46.23619152455731
stage2,1290,23,0.58,74772,24,"{""atr_period"": 21, ""horizon_h"": 6, ""ma_windows"": [12, 24, 72], ""mtf_intervals"": [""1d""], ""ret_windows"": [1, 3, 6, 12, 24], ""rsi_period"": 21, ""target_threshold"": 0.004, ""vol_windows"": [12, 48]}","{""colsample_bytree"": 1.0, ""gamma"": 0.2, ""learning_rate"": 0.07, ""max_depth"": 3, ""min_child_weight"": 5, ""n_estimators"": 250, ""subsample"": 0.7}",4,3085,0.7354943273905997,0.013857850593763996,1.8974252596863688e+18,2192.578913547333,0.09056270507392483,42.34100642869575
stage2,1290,23,0.6,74772,24,"{""atr_period"": 21, ""horizon_h"": 6, ""ma_windows"": [12, 24, 72], ""mtf_intervals"": [""1d""], ""ret_windows"": [1, 3, 6, 12, 24], ""rsi_period"": 21, ""target_threshold"": 0.004, ""vol_windows"": [12, 48]}","{""colsample_bytree"": 1.0, ""gamma"": 0.2, ""learning_rate"": 0.07, ""max_depth"": 3, ""min_child_weight"": 5, ""n_estimators"": 250, ""subsample"": 0.7}",4,2742,0.7450765864332604,0.014602864296255165,1.3012980389191746e+17,2192.578913547333,0.08263081178940712,39.678877616303474
stage2,1290,23,0.62,74772,24,"{""atr_period"": 21, ""horizon_h"": 6, ""ma_windows"": [12, 24, 72], ""mtf_intervals"": [""1d""], ""ret_windows"": [1, 3, 6, 12, 24], ""rsi_period"": 21, ""target_threshold"": 0.004, ""vol_windows"": [12, 48]}","{""colsample_bytree"": 1.0, ""gamma"": 0.2, ""learning_rate"": 0.07, ""max_depth"": 3, ""min_child_weight"": 5, ""n_estimators"": 250, ""subsample"": 0.7}",4,2393,0.7609694943585458,0.015506638143937896,7163904851976492.0,2192.578913547333,0.08263081178940734,36.79934489235426
stage2,1290,23,0.65,74772,24,"{""atr_period"": 21, ""horizon_h"": 6, ""ma_windows"": [12, 24, 72], ""mtf_intervals"": [""1d""], ""ret_windows"": [1, 3, 6, 12, 24], ""rsi_period"": 21, ""target_threshold"": 0.004, ""vol_windows"": [12, 48]}","{""colsample_bytree"": 1.0, ""gamma"": 0.2, ""learning_rate"": 0.07, ""max_depth"": 3, ""min_child_weight"": 5, ""n_estimators"": 250, ""subsample"": 0.7}",4,1959,0.7789688616641144,0.01698048958004865,160246419931684.28,2192.578913547333,0.07092643614738758,33.03128965885785
stage2,5718,51,0.52,74933,24,"{""atr_period"": 21, ""horizon_h"": 6, ""ma_windows"": [6, 18, 72], ""mtf_intervals"": [""1d""], ""ret_windows"": [1, 2, 4, 8, 24], ""rsi_period"": 14, ""target_threshold"": 0.004, ""vol_windows"": [24, 48]}","{""colsample_bytree"": 0.7, ""gamma"": 0.2, ""learning_rate"": 0.07, ""max_depth"": 5, ""min_child_weight"": 5, ""n_estimators"": 250, ""subsample"": 0.7}",4,4767,0.6926788336479967,0.011412919395653759,1.911440586489868e+23,2374.4351995711604,0.13803269267428397,53.783744406141054
stage2,5718,51,0.55,74933,24,"{""atr_period"": 21, ""horizon_h"": 6, ""ma_windows"": [6, 18, 72], ""mtf_intervals"": [""1d""], ""ret_windows"": [1, 2, 4, 8, 24], ""rsi_period"": 14, ""target_threshold"": 0.004, ""vol_windows"": [24, 48]}","{""colsample_bytree"": 0.7, ""gamma"": 0.2, ""learning_rate"": 0.07, ""max_depth"": 5, ""min_child_weight"": 5, ""n_estimators"": 250, ""subsample"": 0.7}",4,4184,0.7148661567877629,0.01227668399524815,9.512076104409702e+21,2374.4351995711604,0.1298266129012533,50.812042204057114
stage2,5718,51,0.58,74933,24,"{""atr_period"": 21, ""horizon_h"": 6, ""ma_windows"": [6, 18, 72], ""mtf_intervals"": [""1d""], ""ret_windows"": [1, 2, 4, 8, 24], ""rsi_period"": 14, ""target_threshold"": 0.004, ""vol_windows"": [24, 48]}","{""colsample_bytree"": 0.7, ""gamma"": 0.2, ""learning_rate"": 0.07, ""max_depth"": 5, ""min_child_weight"": 5, ""n_estimators"": 250, ""subsample"": 0.7}",4,3631,0.7347838061140182,0.013135769358278593,2.527793140706149e+20,2374.4351995711604,0.1298266129012533,47.207048398872
stage2,5718,51,0.6,74933,24,"{""atr_period"": 21, ""horizon_h"": 6, ""ma_windows"": [6, 18, 72], ""mtf_intervals"": [""1d""], ""ret_windows"": [1, 2, 4, 8, 24], ""rsi_period"": 14, ""target_threshold"": 0.004, ""vol_windows"": [24, 48]}","{""colsample_bytree"": 0.7, ""gamma"": 0.2, ""learning_rate"": 0.07, ""max_depth"": 5, ""min_child_weight"": 5, ""n_estimators"": 250, ""subsample"": 0.7}",4,3280,0.7496951219512196,0.01377263705383068,2.0959528822792733e+19,2374.4351995711604,0.1298266129012533,44.73414894080539
stage2,5718,51,0.62,74933,24,"{""atr_period"": 21, ""horizon_h"": 6, ""ma_windows"": [6, 18, 72], ""mtf_intervals"": [""1d""], ""ret_windows"": [1, 2, 4, 8, 24], ""rsi_period"": 14, ""target_threshold"": 0.004, ""vol_windows"": [24, 48]}","{""colsample_bytree"": 0.7, ""gamma"": 0.2, ""learning_rate"": 0.07, ""max_depth"": 5, ""min_child_weight"": 5, ""n_estimators"": 250, ""subsample"": 0.7}",4,2937,0.7565543071161048,0.014383487169393205,1.1540800458145656e+18,2374.4351995711604,0.1298266129012533,41.84523323996137
stage2,5718,51,0.65,74933,24,"{""atr_period"": 21, ""horizon_h"": 6, ""ma_windows"": [6, 18, 72], ""mtf_intervals"": [""1d""], ""ret_windows"": [1, 2, 4, 8, 24], ""rsi_period"": 14, ""target_threshold"": 0.004, ""vol_windows"": [24, 48]}","{""colsample_bytree"": 0.7, ""gamma"": 0.2, ""learning_rate"": 0.07, ""max_depth"": 5, ""min_child_weight"": 5, ""n_estimators"": 250, ""subsample"": 0.7}",4,2455,0.7788187372708758,0.015657442942235394,2.680932005124574e+16,2374.4351995711604,0.09015169082008112,38.130764673022654
stage2,5718,58,0.52,74933,24,"{""atr_period"": 21, ""horizon_h"": 6, ""ma_windows"": [6, 18, 72], ""mtf_intervals"": [""1d""], ""ret_windows"": [1, 2, 4, 8, 24], ""rsi_period"": 14, ""target_threshold"": 0.004, ""vol_windows"": [24, 48]}","{""colsample_bytree"": 0.7, ""gamma"": 0.0, ""learning_rate"": 0.07, ""max_depth"": 5, ""min_child_weight"": 5, ""n_estimators"": 250, ""subsample"": 1.0}",4,4851,0.6889301175015461,0.01125998916367149,2.3620293249312175e+23,2374.4351995711604,0.1412849061996262,53.98955982606883
stage2,5718,58,0.55,74933,24,"{""atr_period"": 21, ""horizon_h"": 6, ""ma_windows"": [6, 18, 72], ""mtf_intervals"": [""1d""], ""ret_windows"": [1, 2, 4, 8, 24], ""rsi_period"": 14, ""target_threshold"": 0.004, ""vol_windows"": [24, 48]}","{""colsample_bytree"": 0.7, ""gamma"": 0.0, ""learning_rate"": 0.07, ""max_depth"": 5, ""min_child_weight"": 5, ""n_estimators"": 250, ""subsample"": 1.0}",4,4240,0.7132075471698113,0.012181925996090899,1.2513849595452228e+22,2374.4351995711604,0.14128490619962586,51.078501944081005
stage2,5718,58,0.58,74933,24,"{""atr_period"": 21, ""horizon_h"": 6, ""ma_windows"": [6, 18, 72], ""mtf_intervals"": [""1d""], ""ret_windows"": [1, 2, 4, 8, 24], ""rsi_period"": 14, ""target_threshold"": 0.004, ""vol_windows"": [24, 48]}","{""colsample_bytree"": 0.7, ""gamma"": 0.0, ""learning_rate"": 0.07, ""max_depth"": 5, ""min_child_weight"": 5, ""n_estimators"": 250, ""subsample"": 1.0}",4,3653,0.7322748425951273,0.013142127565652664,3.440434315425259e+20,2374.4351995711604,0.1298266129012533,47.51334316593157
stage2,5718,58,0.6,74933,24,"{""atr_period"": 21, ""horizon_h"": 6, ""ma_windows"": [6, 18, 72], ""mtf_intervals"": [""1d""], ""ret_windows"": [1, 2, 4, 8, 24], ""rsi_period"": 14, ""target_threshold"": 0.004, ""vol_windows"": [24, 48]}","{""colsample_bytree"": 0.7, ""gamma"": 0.0, ""learning_rate"": 0.07, ""max_depth"": 5, ""min_child_weight"": 5, ""n_estimators"": 250, ""subsample"": 1.0}",4,3287,0.7444478247642227,0.013789377484275797,2.4259578760475886e+19,2374.4351995711604,0.12513030546126214,44.87865134067113
stage2,5718,58,0.62,74933,24,"{""atr_period"": 21, ""horizon_h"": 6, ""ma_windows"": [6, 18, 72], ""mtf_intervals"": [""1d""], ""ret_windows"": [1, 2, 4, 8, 24], ""rsi_period"": 14, ""target_threshold"": 0.004, ""vol_windows"": [24, 48]}","{""colsample_bytree"": 0.7, ""gamma"": 0.0, ""learning_rate"": 0.07, ""max_depth"": 5, ""min_child_weight"": 5, ""n_estimators"": 250, ""subsample"": 1.0}",4,2925,0.7569230769230769,0.014449250658732002,1.1745587247001044e+18,2374.4351995711604,0.10449710442703841,41.87630811209916
stage2,5718,58,0.65,74933,24,"{""atr_period"": 21, ""horizon_h"": 6, ""ma_windows"": [6, 18, 72], ""mtf_intervals"": [""1d""], ""ret_windows"": [1, 2, 4, 8, 24], ""rsi_period"": 14, ""target_threshold"": 0.004, ""vol_windows"": [24, 48]}","{""colsample_bytree"": 0.7, ""gamma"": 0.0, ""learning_rate"": 0.07, ""max_depth"": 5, ""min_child_weight"": 5, ""n_estimators"": 250, ""subsample"": 1.0}",4,2459,0.7742984953233022,0.015651559361455413,2.8051940526005324e+16,2374.4351995711604,0.08263081178940723,38.17617007070483
stage2,5718,50,0.52,74933,24,"{""atr_period"": 21, ""horizon_h"": 6, ""ma_windows"": [6, 18, 72], ""mtf_intervals"": [""1d""], ""ret_windows"": [1, 2, 4, 8, 24], ""rsi_period"": 14, ""target_threshold"": 0.004, ""vol_windows"": [24, 48]}","{""colsample_bytree"": 0.7, ""gamma"": 0.0, ""learning_rate"": 0.07, ""max_depth"": 5, ""min_child_weight"": 5, ""n_estimators"": 250, ""subsample"": 0.7}",4,4742,0.6944327288064108,0.011407697563545512,1.407082363275559e+23,2374.4351995711604,0.13803269267428397,53.478766870718374
stage2,5718,50,0.55,74933,24,"{""atr_period"": 21, ""horizon_h"": 6, ""ma_windows"": [6, 18, 72], ""mtf_intervals"": [""1d""], ""ret_windows"": [1, 2, 4, 8, 24], ""rsi_period"": 14, ""target_threshold"": 0.004, ""vol_windows"": [24, 48]}","{""colsample_bytree"": 0.7, ""gamma"": 0.0, ""learning_rate"": 0.07, ""max_depth"": 5, ""min_child_weight"": 5, ""n_estimators"": 250, ""subsample"": 0.7}",4,4184,0.7155831739961759,0.012301609036037699,1.0551045410354803e+22,2374.4351995711604,0.1298266129012533,50.91647800395135
stage2,5718,50,0.58,74933,24,"{""atr_period"": 21, ""horizon_h"": 6, ""ma_windows"": [6, 18, 72], ""mtf_intervals"": [""1d""], ""ret_windows"": [1, 2, 4, 8, 24], ""rsi_period"": 14, ""target_threshold"": 0.004, ""vol_windows"": [24, 48]}","{""colsample_bytree"": 0.7, ""gamma"": 0.0, ""learning_rate"": 0.07, ""max_depth"": 5, ""min_child_weight"": 5, ""n_estimators"": 250, ""subsample"": 0.7}",4,3637,0.7330217211987902,0.013178662272589244,3.167887854879927e+20,2374.4351995711604,0.12982661290125352,47.43170030255219
stage2,5718,50,0.6,74933,24,"{""atr_period"": 21, ""horizon_h"": 6, ""ma_windows"": [6, 18, 72], ""mtf_intervals"": [""1d""], ""ret_windows"": [1, 2, 4, 8, 24], ""rsi_period"": 14, ""target_threshold"": 0.004, ""vol_windows"": [24, 48]}","{""colsample_bytree"": 0.7, ""gamma"": 0.0, ""learning_rate"": 0.07, ""max_depth"": 5, ""min_child_weight"": 5, ""n_estimators"": 250, ""subsample"": 0.7}",4,3286,0.7498478393183201,0.013885420266131704,3.271636416979597e+19,2374.4351995711604,0.1298266129012533,45.18045538708121
stage2,5718,50,0.62,74933,24,"{""atr_period"": 21, ""horizon_h"": 6, ""ma_windows"": [6, 18, 72], ""mtf_intervals"": [""1d""], ""ret_windows"": [1, 2, 4, 8, 24], ""rsi_period"": 14, ""target_threshold"": 0.004, ""vol_windows"": [24, 48]}","{""colsample_bytree"": 0.7, ""gamma"": 0.0, ""learning_rate"": 0.07, ""max_depth"": 5, ""min_child_weight"": 5, ""n_estimators"": 250, ""subsample"": 0.7}",4,2937,0.7613210759278175,0.014482395216865143,1.5417107679619725e+18,2374.4351995711604,0.11744206402674329,42.145619352489355
stage2,5718,50,0.65,74933,24,"{""atr_period"": 21, ""horizon_h"": 6, ""ma_windows"": [6, 18, 72], ""mtf_intervals"": [""1d""], ""ret_windows"": [1, 2, 4, 8, 24], ""rsi_period"": 14, ""target_threshold"": 0.004, ""vol_windows"": [24, 48]}","{""colsample_bytree"": 0.7, ""gamma"": 0.0, ""learning_rate"": 0.07, ""max_depth"": 5, ""min_child_weight"": 5, ""n_estimators"": 250, ""subsample"": 0.7}",4,2482,0.7771958098307816,0.015554598161754973,3.1650756173386924e+16,2374.4351995711604,0.09662754109726135,38.29141809755968
stage2,5718,48,0.52,74933,24,"{""atr_period"": 21, ""horizon_h"": 6, ""ma_windows"": [6, 18, 72], ""mtf_intervals"": [""1d""], ""ret_windows"": [1, 2, 4, 8, 24], ""rsi_period"": 14, ""target_threshold"": 0.004, ""vol_windows"": [24, 48]}","{""colsample_bytree"": 0.7, ""gamma"": 0.0, ""learning_rate"": 0.07, ""max_depth"": 5, ""min_child_weight"": 1, ""n_estimators"": 250, ""subsample"": 0.7}",4,4808,0.6952995008319468,0.011374601586421196,2.544884506379373e+23,2374.4351995711604,0.1298266129012534,54.07586551414461
stage2,5718,48,0.55,74933,24,"{""atr_period"": 21, ""horizon_h"": 6, ""ma_windows"": [6, 18, 72], ""mtf_intervals"": [""1d""], ""ret_windows"": [1, 2, 4, 8, 24], ""rsi_period"": 14, ""target_threshold"": 0.004, ""vol_windows"": [24, 48]}","{""colsample_bytree"": 0.7, ""gamma"": 0.0, ""learning_rate"": 0.07, ""max_depth"": 5, ""min_child_weight"": 1, ""n_estimators"": 250, ""subsample"": 0.7}",4,4217,0.7187574104813849,0.012272306779371994,1.3958786758446005e+22,2374.4351995711604,0.1298266129012532,51.19866721418111
stage2,5718,48,0.58,74933,24,"{""atr_period"": 21, ""horizon_h"": 6, ""ma_windows"": [6, 18, 72], ""mtf_intervals"": [""1d""], ""ret_windows"": [1, 2, 4, 8, 24], ""rsi_period"": 14, ""target_threshold"": 0.004, ""vol_windows"": [24, 48]}","{""colsample_bytree"": 0.7, ""gamma"": 0.0, ""learning_rate"": 0.07, ""max_depth"": 5, ""min_child_weight"": 1, ""n_estimators"": 250, ""subsample"": 0.7}",4,3640,0.7412087912087912,0.013195750488862028,3.551216310501906e+20,2374.4351995711604,0.10246331362828776,47.56629340742687
stage2,5718,48,0.6,74933,24,"{""atr_period"": 21, ""horizon_h"": 6, ""ma_windows"": [6, 18, 72], ""mtf_intervals"": [""1d""], ""ret_windows"": [1, 2, 4, 8, 24], ""rsi_period"": 14, ""target_threshold"": 0.004, ""vol_windows"": [24, 48]}","{""colsample_bytree"": 0.7, ""gamma"": 0.0, ""learning_rate"": 0.07, ""max_depth"": 5, ""min_child_weight"": 1, ""n_estimators"": 250, ""subsample"": 0.7}",4,3277,0.7522123893805309,0.01373069642729524,1.770550921275333e+19,2374.4351995711604,0.08477639514312119,44.58963480535187
stage2,5718,48,0.62,74933,24,"{""atr_period"": 21, ""horizon_h"": 6, ""ma_windows"": [6, 18, 72], ""mtf_intervals"": [""1d""], ""ret_windows"": [1, 2, 4, 8, 24], ""rsi_period"": 14, ""target_threshold"": 0.004, ""vol_windows"": [24, 48]}","{""colsample_bytree"": 0.7, ""gamma"": 0.0, ""learning_rate"": 0.07, ""max_depth"": 5, ""min_child_weight"": 1, ""n_estimators"": 250, ""subsample"": 0.7}",4,2949,0.7670396744659207,0.014464767737346331,1.7504529538651756e+18,2374.4351995711604,0.08316373560654866,42.29417427278567
stage2,5718,48,0.65,74933,24,"{""atr_period"": 21, ""horizon_h"": 6, ""ma_windows"": [6, 18, 72], ""mtf_intervals"": [""1d""], ""ret_windows"": [1, 2, 4, 8, 24], ""rsi_period"": 14, ""target_threshold"": 0.004, ""vol_windows"": [24, 48]}","{""colsample_bytree"": 0.7, ""gamma"": 0.0, ""learning_rate"": 0.07, ""max_depth"": 5, ""min_child_weight"": 1, ""n_estimators"": 250, ""subsample"": 0.7}",4,2495,0.7819639278557114,0.015484628147861923,3.271229235924048e+16,2374.4351995711604,0.0650782298642072,38.34343636783824
stage2,5718,57,0.52,74933,24,"{""atr_period"": 21, ""horizon_h"": 6, ""ma_windows"": [6, 18, 72], ""mtf_intervals"": [""1d""], ""ret_windows"": [1, 2, 4, 8, 24], ""rsi_period"": 14, ""target_threshold"": 0.004, ""vol_windows"": [24, 48]}","{""colsample_bytree"": 0.7, ""gamma"": 0.2, ""learning_rate"": 0.07, ""max_depth"": 5, ""min_child_weight"": 1, ""n_estimators"": 250, ""subsample"": 1.0}",4,4788,0.6900584795321637,0.011347499276953311,1.7762400489914047e+23,2374.4351995711604,0.1412849061996262,53.70614026176129
stage2,5718,57,0.55,74933,24,"{""atr_period"": 21, ""horizon_h"": 6, ""ma_windows"": [6, 18, 72], ""mtf_intervals"": [""1d""], ""ret_windows"": [1, 2, 4, 8, 24], ""rsi_period"": 14, ""target_threshold"": 0.004, ""vol_windows"": [24, 48]}","{""colsample_bytree"": 0.7, ""gamma"": 0.2, ""learning_rate"": 0.07, ""max_depth"": 5, ""min_child_weight"": 1, ""n_estimators"": 250, ""subsample"": 1.0}",4,4175,0.7132934131736527,0.012245874966887246,7.472595020251342e+21,2374.4351995711604,0.1298266129012533,50.56921770778561
stage2,5718,57,0.58,74933,24,"{""atr_period"": 21, ""horizon_h"": 6, ""ma_windows"": [6, 18, 72], ""mtf_intervals"": [""1d""], ""ret_windows"": [1, 2, 4, 8, 24], ""rsi_period"": 14, ""target_threshold"": 0.004, ""vol_windows"": [24, 48]}","{""colsample_bytree"": 0.7, ""gamma"": 0.2, ""learning_rate"": 0.07, ""max_depth"": 5, ""min_child_weight"": 1, ""n_estimators"": 250, ""subsample"": 1.0}",4,3631,0.7336821812172956,0.01312607802133554,2.4300511685442123e+20,2374.4351995711604,0.1298266129012533,47.16665523671965
stage2,5718,57,0.6,74933,24,"{""atr_period"": 21, ""horizon_h"": 6, ""ma_windows"": [6, 18, 72], ""mtf_intervals"": [""1d""], ""ret_windows"": [1, 2, 4, 8, 24], ""rsi_period"": 14, ""target_threshold"": 0.004, ""vol_windows"": [24, 48]}","{""colsample_bytree"": 0.7, ""gamma"": 0.2, ""learning_rate"": 0.07, ""max_depth"": 5, ""min_child_weight"": 1, ""n_estimators"": 250, ""subsample"": 1.0}",4,3287,0.7447520535442653,0.013726994966050487,1.986251625687685e+19,2374.4351995711604,0.1298266129012533,44.676070320339335
stage2,5718,57,0.62,74933,24,"{""atr_period"": 21, ""horizon_h"": 6, ""ma_windows"": [6, 18, 72], ""mtf_intervals"": [""1d""], ""ret_windows"": [1, 2, 4, 8, 24], ""rsi_period"": 14, ""target_threshold"": 0.004, ""vol_windows"": [24, 48]}","{""colsample_bytree"": 0.7, ""gamma"": 0.2, ""learning_rate"": 0.07, ""max_depth"": 5, ""min_child_weight"": 1, ""n_estimators"": 250, ""subsample"": 1.0}",4,2950,0.7603389830508475,0.014416103871726942,1.5328450268796454e+18,2374.4351995711604,0.11744206402674351,42.138536162670825
stage2,5718,57,0.65,74933,24,"{""atr_period"": 21, ""horizon_h"": 6, ""ma_windows"": [6, 18, 72], ""mtf_intervals"": [""1d""], ""ret_windows"": [1, 2, 4, 8, 24], ""rsi_period"": 14, ""target_threshold"": 0.004, ""vol_windows"": [24, 48]}","{""colsample_bytree"": 0.7, ""gamma"": 0.2, ""learning_rate"": 0.07, ""max_depth"": 5, ""min_child_weight"": 1, ""n_estimators"": 250, ""subsample"": 1.0}",4,2473,0.779619894864537,0.01554201345784283,2.6828735004526052e+16,2374.4351995711604,0.11744206402674351,38.11756090123226
stage2,5718,61,0.52,74933,24,"{""atr_period"": 21, ""horizon_h"": 6, ""ma_windows"": [6, 18, 72], ""mtf_intervals"": [""1d""], ""ret_windows"": [1, 2, 4, 8, 24], ""rsi_period"": 14, ""target_threshold"": 0.004, ""vol_windows"": [24, 48]}","{""colsample_bytree"": 1.0, ""gamma"": 0.2, ""learning_rate"": 0.07, ""max_depth"": 5, ""min_child_weight"": 1, ""n_estimators"": 250, ""subsample"": 1.0}",4,4891,0.6914741361684728,0.011291017800464466,4.3281937317590985e+23,2374.4351995711604,0.14128490619962608,54.59747244006534
stage2,5718,61,0.55,74933,24,"{""atr_period"": 21, ""horizon_h"": 6, ""ma_windows"": [6, 18, 72], ""mtf_intervals"": [""1d""], ""ret_windows"": [1, 2, 4, 8, 24], ""rsi_period"": 14, ""target_threshold"": 0.004, ""vol_windows"": [24, 48]}","{""colsample_bytree"": 1.0, ""gamma"": 0.2, ""learning_rate"": 0.07, ""max_depth"": 5, ""min_child_weight"": 1, ""n_estimators"": 250, ""subsample"": 1.0}",4,4251,0.7139496589037874,0.012229445623965557,1.7564258229948865e+22,2374.4351995711604,0.10246331362828753,51.437916642995894
stage2,5718,61,0.58,74933,24,"{""atr_period"": 21, ""horizon_h"": 6, ""ma_windows"": [6, 18, 72], ""mtf_intervals"": [""1d""], ""ret_windows"": [1, 2, 4, 8, 24], ""rsi_period"": 14, ""target_threshold"": 0.004, ""vol_windows"": [24, 48]}","{""colsample_bytree"": 1.0, ""gamma"": 0.2, ""learning_rate"": 0.07, ""max_depth"": 5, ""min_child_weight"": 1, ""n_estimators"": 250, ""subsample"": 1.0}",4,3700,0.7318918918918919,0.01311405351396064,5.717223041397648e+20,2374.4351995711604,0.10246331362828776,48.03437934992586
stage2,5718,61,0.6,74933,24,"{""atr_period"": 21, ""horizon_h"": 6, ""ma_windows"": [6, 18, 72], ""mtf_intervals"": [""1d""], ""ret_windows"": [1, 2, 4, 8, 24], ""rsi_period"": 14, ""target_threshold"": 0.004, ""vol_windows"": [24, 48]}","{""colsample_bytree"": 1.0, ""gamma"": 0.2, ""learning_rate"": 0.07, ""max_depth"": 5, ""min_child_weight"": 1, ""n_estimators"": 250, ""subsample"": 1.0}",4,3370,0.7468842729970326,0.01374140522971705,6.402272072025985e+19,2374.4351995711604,0.10328735605290829,45.86156468771388
stage2,5718,61,0.62,74933,24,"{""atr_period"": 21, ""horizon_h"": 6, ""ma_windows"": [6, 18, 72], ""mtf_intervals"": [""1d""], ""ret_windows"": [1, 2, 4, 8, 24], ""rsi_period"": 14, ""target_threshold"": 0.004, ""vol_windows"": [24, 48]}","{""colsample_bytree"": 1.0, ""gamma"": 0.2, ""learning_rate"": 0.07, ""max_depth"": 5, ""min_child_weight"": 1, ""n_estimators"": 250, ""subsample"": 1.0}",4,3024,0.7622354497354498,0.014467117884744451,5.117150723932927e+18,2374.4351995711604,0.08263081178940723,43.36333935578084
stage2,5718,61,0.65,74933,24,"{""atr_period"": 21, ""horizon_h"": 6, ""ma_windows"": [6, 18, 72], ""mtf_intervals"": [""1d""], ""ret_windows"": [1, 2, 4, 8, 24], ""rsi_period"": 14, ""target_threshold"": 0.004, ""vol_windows"": [24, 48]}","{""colsample_bytree"": 1.0, ""gamma"": 0.2, ""learning_rate"": 0.07, ""max_depth"": 5, ""min_child_weight"": 1, ""n_estimators"": 250, ""subsample"": 1.0}",4,2575,0.7794174757281553,0.015529268514502492,1.2431498405632638e+17,2374.4351995711604,0.07092643614738747,39.673899844303634
stage2,5718,38,0.52,74933,24,"{""atr_period"": 21, ""horizon_h"": 6, ""ma_windows"": [6, 18, 72], ""mtf_intervals"": [""1d""], ""ret_windows"": [1, 2, 4, 8, 24], ""rsi_period"": 14, ""target_threshold"": 0.004, ""vol_windows"": [24, 48]}","{""colsample_bytree"": 1.0, ""gamma"": 0.0, ""learning_rate"": 0.03, ""max_depth"": 5, ""min_child_weight"": 5, ""n_estimators"": 250, ""subsample"": 0.7}",4,4571,0.7007219426821264,0.011746501692945397,9.513943646832221e+22,2374.4351995711604,0.14128490619962597,53.09353763526751
stage2,5718,38,0.55,74933,24,"{""atr_period"": 21, ""horizon_h"": 6, ""ma_windows"": [6, 18, 72], ""mtf_intervals"": [""1d""], ""ret_windows"": [1, 2, 4, 8, 24], ""rsi_period"": 14, ""target_threshold"": 0.004, ""vol_windows"": [24, 48]}","{""colsample_bytree"": 1.0, ""gamma"": 0.0, ""learning_rate"": 0.03, ""max_depth"": 5, ""min_child_weight"": 5, ""n_estimators"": 250, ""subsample"": 0.7}",4,3921,0.7258352461106861,0.012805850590882404,3.0423383136460897e+21,2374.4351995711604,0.12982661290125308,49.685115049909534
stage2,5718,38,0.58,74933,24,"{""atr_period"": 21, ""horizon_h"": 6, ""ma_windows"": [6, 18, 72], ""mtf_intervals"": [""1d""], ""ret_windows"": [1, 2, 4, 8, 24], ""rsi_period"": 14, ""target_threshold"": 0.004, ""vol_windows"": [24, 48]}","{""colsample_bytree"": 1.0, ""gamma"": 0.0, ""learning_rate"": 0.03, ""max_depth"": 5, ""min_child_weight"": 5, ""n_estimators"": 250, ""subsample"": 0.7}",4,3354,0.7486583184257602,0.013880234289069754,8.156654113200123e+19,2374.4351995711604,0.1298266129012532,46.09300603923098
stage2,5718,38,0.6,74933,24,"{""atr_period"": 21, ""horizon_h"": 6, ""ma_windows"": [6, 18, 72], ""mtf_intervals"": [""1d""], ""ret_windows"": [1, 2, 4, 8, 24], ""rsi_period"": 14, ""target_threshold"": 0.004, ""vol_windows"": [24, 48]}","{""colsample_bytree"": 1.0, ""gamma"": 0.0, ""learning_rate"": 0.03, ""max_depth"": 5, ""min_child_weight"": 5, ""n_estimators"": 250, ""subsample"": 0.7}",4,3002,0.7591605596269154,0.014526530366396504,4.43634109593988e+18,2374.4351995711604,0.1298266129012532,43.1949890172895
stage2,5718,38,0.62,74933,24,"{""atr_period"": 21, ""horizon_h"": 6, ""ma_windows"": [6, 18, 72], ""mtf_intervals"": [""1d""], ""ret_windows"": [1, 2, 4, 8, 24], ""rsi_period"": 14, ""target_threshold"": 0.004, ""vol_windows"": [24, 48]}","{""colsample_bytree"": 1.0, ""gamma"": 0.0, ""learning_rate"": 0.03, ""max_depth"": 5, ""min_child_weight"": 5, ""n_estimators"": 250, ""subsample"": 0.7}",4,2667,0.7724034495688039,0.015282778369785779,2.6514861563215917e+17,2374.4351995711604,0.07512775889249113,40.42168798457302
stage2,5718,38,0.65,74933,24,"{""atr_period"": 21, ""horizon_h"": 6, ""ma_windows"": [6, 18, 72], ""mtf_intervals"": [""1d""], ""ret_windows"": [1, 2, 4, 8, 24], ""rsi_period"": 14, ""target_threshold"": 0.004, ""vol_windows"": [24, 48]}","{""colsample_bytree"": 1.0, ""gamma"": 0.0, ""learning_rate"": 0.03, ""max_depth"": 5, ""min_child_weight"": 5, ""n_estimators"": 250, ""subsample"": 0.7}",4,2225,0.7955056179775281,0.01662764648027604,6442551927296164.0,2374.4351995711604,0.07092643614738758,36.73566356668894
stage2,5718,36,0.52,74933,24,"{""atr_period"": 21, ""horizon_h"": 6, ""ma_windows"": [6, 18, 72], ""mtf_intervals"": [""1d""], ""ret_windows"": [1, 2, 4, 8, 24], ""rsi_period"": 14, ""target_threshold"": 0.004, ""vol_windows"": [24, 48]}","{""colsample_bytree"": 1.0, ""gamma"": 0.0, ""learning_rate"": 0.03, ""max_depth"": 5, ""min_child_weight"": 1, ""n_estimators"": 250, ""subsample"": 0.7}",4,4590,0.7026143790849673,0.011773965511784803,1.3416530651534072e+23,2374.4351995711604,0.1298266129012532,53.44472954415185
stage2,5718,36,0.55,74933,24,"{""atr_period"": 21, ""horizon_h"": 6, ""ma_windows"": [6, 18, 72], ""mtf_intervals"": [""1d""], ""ret_windows"": [1, 2, 4, 8, 24], ""rsi_period"": 14, ""target_threshold"": 0.004, ""vol_windows"": [24, 48]}","{""colsample_bytree"": 1.0, ""gamma"": 0.0, ""learning_rate"": 0.03, ""max_depth"": 5, ""min_child_weight"": 1, ""n_estimators"": 250, ""subsample"": 0.7}",4,3969,0.7233560090702947,0.012750397069030198,4.4866041790778075e+21,2374.4351995711604,0.1298266129012533,50.071157738287084
stage2,5718,36,0.58,74933,24,"{""atr_period"": 21, ""horizon_h"": 6, ""ma_windows"": [6, 18, 72], ""mtf_intervals"": [""1d""], ""ret_windows"": [1, 2, 4, 8, 24], ""rsi_period"": 14, ""target_threshold"": 0.004, ""vol_windows"": [24, 48]}","{""colsample_bytree"": 1.0, ""gamma"": 0.0, ""learning_rate"": 0.03, ""max_depth"": 5, ""min_child_weight"": 1, ""n_estimators"": 250, ""subsample"": 0.7}",4,3362,0.7439024390243902,0.013764477957674673,6.186931084009728e+19,2374.4351995711604,0.1298266129012532,45.81188041296603
stage2,5718,36,0.6,74933,24,"{""atr_period"": 21, ""horizon_h"": 6, ""ma_windows"": [6, 18, 72], ""mtf_intervals"": [""1d""], ""ret_windows"": [1, 2, 4, 8, 24], ""rsi_period"": 14, ""target_threshold"": 0.004, ""vol_windows"": [24, 48]}","{""colsample_bytree"": 1.0, ""gamma"": 0.0, ""learning_rate"": 0.03, ""max_depth"": 5, ""min_child_weight"": 1, ""n_estimators"": 250, ""subsample"": 0.7}",4,3034,0.7584047462096243,0.014551445883731357,7.57710719630133e+18,2374.4351995711604,0.08263081178940734,43.7534831224764
stage2,5718,36,0.62,74933,24,"{""atr_period"": 21, ""horizon_h"": 6, ""ma_windows"": [6, 18, 72], ""mtf_intervals"": [""1d""], ""ret_windows"": [1, 2, 4, 8, 24], ""rsi_period"": 14, ""target_threshold"": 0.004, ""vol_windows"": [24, 48]}","{""colsample_bytree"": 1.0, ""gamma"": 0.0, ""learning_rate"": 0.03, ""max_depth"": 5, ""min_child_weight"": 1, ""n_estimators"": 250, ""subsample"": 0.7}",4,2710,0.770479704797048,0.015278886714660423,5.022738143116308e+17,2374.4351995711604,0.07092643614738758,41.06107345221751
stage2,5718,36,0.65,74933,24,"{""atr_period"": 21, ""horizon_h"": 6, ""ma_windows"": [6, 18, 72], ""mtf_intervals"": [""1d""], ""ret_windows"": [1, 2, 4, 8, 24], ""rsi_period"": 14, ""target_threshold"": 0.004, ""vol_windows"": [24, 48]}","{""colsample_bytree"": 1.0, ""gamma"": 0.0, ""learning_rate"": 0.03, ""max_depth"": 5, ""min_child_weight"": 1, ""n_estimators"": 250, ""subsample"": 0.7}",4,2230,0.7919282511210762,0.016522577755913738,5552320812091332.0,2374.4351995711604,0.07092643614738747,36.58325240447394
stage2,5718,32,0.52,74933,24,"{""atr_period"": 21, ""horizon_h"": 6, ""ma_windows"": [6, 18, 72], ""mtf_intervals"": [""1d""], ""ret_windows"": [1, 2, 4, 8, 24], ""rsi_period"": 14, ""target_threshold"": 0.004, ""vol_windows"": [24, 48]}","{""colsample_bytree"": 0.7, ""gamma"": 0.0, ""learning_rate"": 0.03, ""max_depth"": 5, ""min_child_weight"": 1, ""n_estimators"": 250, ""subsample"": 0.7}",4,4459,0.7046422964790312,0.011906013062041977,5.231227903694598e+22,2374.4351995711604,0.1298266129012532,52.50556671243921
stage2,5718,32,0.55,74933,24,"{""atr_period"": 21, ""horizon_h"": 6, ""ma_windows"": [6, 18, 72], ""mtf_intervals"": [""1d""], ""ret_windows"": [1, 2, 4, 8, 24], ""rsi_period"": 14, ""target_threshold"": 0.004, ""vol_windows"": [24, 48]}","{""colsample_bytree"": 0.7, ""gamma"": 0.0, ""learning_rate"": 0.03, ""max_depth"": 5, ""min_child_weight"": 1, ""n_estimators"": 250, ""subsample"": 0.7}",4,3823,0.7269160345278577,0.012839389533362985,9.978865560377453e+20,2374.4351995711604,0.1298266129012534,48.57150590987691
stage2,5718,32,0.58,74933,24,"{""atr_period"": 21, ""horizon_h"": 6, ""ma_windows"": [6, 18, 72], ""mtf_intervals"": [""1d""], ""ret_windows"": [1, 2, 4, 8, 24], ""rsi_period"": 14, ""target_threshold"": 0.004, ""vol_windows"": [24, 48]}","{""colsample_bytree"": 0.7, ""gamma"": 0.0, ""learning_rate"": 0.03, ""max_depth"": 5, ""min_child_weight"": 1, ""n_estimators"": 250, ""subsample"": 0.7}",4,3225,0.7466666666666667,0.013992053876933296,1.98408113586677e+19,2374.4351995711604,0.12982661290125308,44.67862912790568
stage2,5718,32,0.6,74933,24,"{""atr_period"": 21, ""horizon_h"": 6, ""ma_windows"": [6, 18, 72], ""mtf_intervals"": [""1d""], ""ret_windows"": [1, 2, 4, 8, 24], ""rsi_period"": 14, ""target_threshold"": 0.004, ""vol_windows"": [24, 48]}","{""colsample_bytree"": 0.7, ""gamma"": 0.0, ""learning_rate"": 0.03, ""max_depth"": 5, ""min_child_weight"": 1, ""n_estimators"": 250, ""subsample"": 0.7}",4,2896,0.7562154696132597,0.01464740706743747,1.3641450053308004e+18,2374.4351995711604,0.09761932703852749,42.030401505268095
stage2,5718,32,0.62,74933,24,"{""atr_period"": 21, ""horizon_h"": 6, ""ma_windows"": [6, 18, 72], ""mtf_intervals"": [""1d""], ""ret_windows"": [1, 2, 4, 8, 24], ""rsi_period"": 14, ""target_threshold"": 0.004, ""vol_windows"": [24, 48]}","{""colsample_bytree"": 0.7, ""gamma"": 0.0, ""learning_rate"": 0.03, ""max_depth"": 5, ""min_child_weight"": 1, ""n_estimators"": 250, ""subsample"": 0.7}",4,2575,0.7662135922330097,0.015398652789485621,8.832058505766075e+16,2374.4351995711604,0.09602929724673981,39.30789504919062
stage2,5718,32,0.65,74933,24,"{""atr_period"": 21, ""horizon_h"": 6, ""ma_windows"": [6, 18, 72], ""mtf_intervals"": [""1d""], ""ret_windows"": [1, 2, 4, 8, 24], ""rsi_period"": 14, ""target_threshold"": 0.004, ""vol_windows"": [24, 48]}","{""colsample_bytree"": 0.7, ""gamma"": 0.0, ""learning_rate"": 0.03, ""max_depth"": 5, ""min_child_weight"": 1, ""n_estimators"": 250, ""subsample"": 0.7}",4,2127,0.7907851433944523,0.016845790729866427,2026971978208415.0,2374.4351995711604,0.07092643614738758,35.57725066049762
stage2,5718,42,0.52,74933,24,"{""atr_period"": 21, ""horizon_h"": 6, ""ma_windows"": [6, 18, 72], ""mtf_intervals"": [""1d""], ""ret_windows"": [1, 2, 4, 8, 24], ""rsi_period"": 14, ""target_threshold"": 0.004, ""vol_windows"": [24, 48]}","{""colsample_bytree"": 0.7, ""gamma"": 0.0, ""learning_rate"": 0.03, ""max_depth"": 5, ""min_child_weight"": 5, ""n_estimators"": 250, ""subsample"": 1.0}",4,4507,0.7044597293099623,0.011849343630206238,7.170983616151293e+22,2374.4351995711604,0.1298266129012533,52.820364102068865
stage2,5718,42,0.55,74933,24,"{""atr_period"": 21, ""horizon_h"": 6, ""ma_windows"": [6, 18, 72], ""mtf_intervals"": [""1d""], ""ret_windows"": [1, 2, 4, 8, 24], ""rsi_period"": 14, ""target_threshold"": 0.004, ""vol_windows"": [24, 48]}","{""colsample_bytree"": 0.7, ""gamma"": 0.0, ""learning_rate"": 0.03, ""max_depth"": 5, ""min_child_weight"": 5, ""n_estimators"": 250, ""subsample"": 1.0}",4,3843,0.7239136091595108,0.012832728738002298,1.2525824837835099e+21,2374.4351995711604,0.1298266129012533,48.79637377078065
stage2,5718,42,0.58,74933,24,"{""atr_period"": 21, ""horizon_h"": 6, ""ma_windows"": [6, 18, 72], ""mtf_intervals"": [""1d""], ""ret_windows"": [1, 2, 4, 8, 24], ""rsi_period"": 14, ""target_threshold"": 0.004, ""vol_windows"": [24, 48]}","{""colsample_bytree"": 0.7, ""gamma"": 0.0, ""learning_rate"": 0.03, ""max_depth"": 5, ""min_child_weight"": 5, ""n_estimators"": 250, ""subsample"": 1.0}",4,3261,0.7414903403863845,0.013766323383706003,1.5791533580747493e+19,2374.4351995711604,0.1298266129012534,44.44441517391554
stage2,5718,42,0.6,74933,24,"{""atr_period"": 21, ""horizon_h"": 6, ""ma_windows"": [6, 18, 72], ""mtf_intervals"": [""1d""], ""ret_windows"": [1, 2, 4, 8, 24], ""rsi_period"": 14, ""target_threshold"": 0.004, ""vol_windows"": [24, 48]}","{""colsample_bytree"": 0.7, ""gamma"": 0.0, ""learning_rate"": 0.03, ""max_depth"": 5, ""min_child_weight"": 5, ""n_estimators"": 250, ""subsample"": 1.0}",4,2904,0.756198347107438,0.014568879784850707,1.2236388309807616e+18,2374.4351995711604,0.1298266129012532,41.90495715122643
stage2,5718,42,0.62,74933,24,"{""atr_period"": 21, ""horizon_h"": 6, ""ma_windows"": [6, 18, 72], ""mtf_intervals"": [""1d""], ""ret_windows"": [1, 2, 4, 8, 24], ""rsi_period"": 14, ""target_threshold"": 0.004, ""vol_windows"": [24, 48]}","{""colsample_bytree"": 0.7, ""gamma"": 0.0, ""learning_rate"": 0.03, ""max_depth"": 5, ""min_child_weight"": 5, ""n_estimators"": 250, ""subsample"": 1.0}",4,2578,0.7703646237393328,0.015422943102914418,9.853209206619875e+16,2374.4351995711604,0.0747097689153916,39.43147905716065
stage2,5718,42,0.65,74933,24,"{""atr_period"": 21, ""horizon_h"": 6, ""ma_windows"": [6, 18, 72], ""mtf_intervals"": [""1d""], ""ret_windows"": [1, 2, 4, 8, 24], ""rsi_period"": 14, ""target_threshold"": 0.004, ""vol_windows"": [24, 48]}","{""colsample_bytree"": 0.7, ""gamma"": 0.0, ""learning_rate"": 0.03, ""max_depth"": 5, ""min_child_weight"": 5, ""n_estimators"": 250, ""subsample"": 1.0}",4,2124,0.7914312617702448,0.016787963746051432,1711040042435789.8,2374.4351995711604,0.07092643614738736,35.407863293801
stage2,5718,44,0.52,74933,24,"{""atr_period"": 21, ""horizon_h"": 6, ""ma_windows"": [6, 18, 72], ""mtf_intervals"": [""1d""], ""ret_windows"": [1, 2, 4, 8, 24], ""rsi_period"": 14, ""target_threshold"": 0.004, ""vol_windows"": [24, 48]}","{""colsample_bytree"": 1.0, ""gamma"": 0.0, ""learning_rate"": 0.03, ""max_depth"": 5, ""min_child_weight"": 1, ""n_estimators"": 250, ""subsample"": 1.0}",4,4535,0.7029768467475193,0.01181735775666388,8.60322588469488e+22,2374.4351995711604,0.1298266129012533,53.00101631466717
stage2,5718,44,0.55,74933,24,"{""atr_period"": 21, ""horizon_h"": 6, ""ma_windows"": [6, 18, 72], ""mtf_intervals"": [""1d""], ""ret_windows"": [1, 2, 4, 8, 24], ""rsi_period"": 14, ""target_threshold"": 0.004, ""vol_windows"": [24, 48]}","{""colsample_bytree"": 1.0, ""gamma"": 0.0, ""learning_rate"": 0.03, ""max_depth"": 5, ""min_child_weight"": 1, ""n_estimators"": 250, ""subsample"": 1.0}",4,3923,0.725720112159062,0.01284263250551389,3.5947948056785857e+21,2374.4351995711604,0.1298266129012532,49.85217770804251
stage2,5718,44,0.58,74933,24,"{""atr_period"": 21, ""horizon_h"": 6, ""ma_windows"": [6, 18, 72], ""mtf_intervals"": [""1d""], ""ret_windows"": [1, 2, 4, 8, 24], ""rsi_period"": 14, ""target_threshold"": 0.004, ""vol_windows"": [24, 48]}","{""colsample_bytree"": 1.0, ""gamma"": 0.0, ""learning_rate"": 0.03, ""max_depth"": 5, ""min_child_weight"": 1, ""n_estimators"": 250, ""subsample"": 1.0}",4,3322,0.7456351595424443,0.013816712310562454,4.263400597740065e+19,2374.4351995711604,0.1298266129012533,45.441312390774314
stage2,5718,44,0.6,74933,24,"{""atr_period"": 21, ""horizon_h"": 6, ""ma_windows"": [6, 18, 72], ""mtf_intervals"": [""1d""], ""ret_windows"": [1, 2, 4, 8, 24], ""rsi_period"": 14, ""target_threshold"": 0.004, ""vol_windows"": [24, 48]}","{""colsample_bytree"": 1.0, ""gamma"": 0.0, ""learning_rate"": 0.03, ""max_depth"": 5, ""min_child_weight"": 1, ""n_estimators"": 250, ""subsample"": 1.0}",4,2949,0.7626314004747372,0.014667853134794183,3.124498613366746e+18,2374.4351995711604,0.1174420640267434,42.85453241393084
stage2,5718,44,0.62,74933,24,"{""atr_period"": 21, ""horizon_h"": 6, ""ma_windows"": [6, 18, 72], ""mtf_intervals"": [""1d""], ""ret_windows"": [1, 2, 4, 8, 24], ""rsi_period"": 14, ""target_threshold"": 0.004, ""vol_windows"": [24, 48]}","{""colsample_bytree"": 1.0, ""gamma"": 0.0, ""learning_rate"": 0.03, ""max_depth"": 5, ""min_child_weight"": 1, ""n_estimators"": 250, ""subsample"": 1.0}",4,2607,0.7725354813962408,0.015368797493810947,1.3322297620943755e+17,2374.4351995711604,0.08968932269287577,39.72693473592747
stage2,5718,44,0.65,74933,24,"{""atr_period"": 21, ""horizon_h"": 6, ""ma_windows"": [6, 18, 72], ""mtf_intervals"": [""1d""], ""ret_windows"": [1, 2, 4, 8, 24], ""rsi_period"": 14, ""target_threshold"": 0.004, ""vol_windows"": [24, 48]}","{""colsample_bytree"": 1.0, ""gamma"": 0.0, ""learning_rate"": 0.03, ""max_depth"": 5, ""min_child_weight"": 1, ""n_estimators"": 250, ""subsample"": 1.0}",4,2154,0.7966573816155988,0.01683460861442184,3103984221474826.0,2374.4351995711604,0.07092643614738758,36.00800247006515
stage2,5718,23,0.52,74933,24,"{""atr_period"": 21, ""horizon_h"": 6, ""ma_windows"": [6, 18, 72], ""mtf_intervals"": [""1d""], ""ret_windows"": [1, 2, 4, 8, 24], ""rsi_period"": 14, ""target_threshold"": 0.004, ""vol_windows"": [24, 48]}","{""colsample_bytree"": 1.0, ""gamma"": 0.2, ""learning_rate"": 0.07, ""max_depth"": 3, ""min_child_weight"": 5, ""n_estimators"": 250, ""subsample"": 0.7}",4,4342,0.6966835559649931,0.01193031251698325,1.4461721470569307e+22,2374.4351995711604,0.14128490619962597,51.207939104851135
stage2,5718,23,0.55,74933,24,"{""atr_period"": 21, ""horizon_h"": 6, ""ma_windows"": [6, 18, 72], ""mtf_intervals"": [""1d""], ""ret_windows"": [1, 2, 4, 8, 24], ""rsi_period"": 14, ""target_threshold"": 0.004, ""vol_windows"": [24, 48]}","{""colsample_bytree"": 1.0, ""gamma"": 0.2, ""learning_rate"": 0.07, ""max_depth"": 3, ""min_child_weight"": 5, ""n_estimators"": 250, ""subsample"": 0.7}",4,3673,0.7141301388510755,0.012868545193446875,1.6359904333633546e+20,2374.4351995711604,0.1412849061996263,46.74756026999558
stage2,5718,23,0.58,74933,24,"{""atr_period"": 21, ""horizon_h"": 6, ""ma_windows"": [6, 18, 72], ""mtf_intervals"": [""1d""], ""ret_windows"": [1, 2, 4, 8, 24], ""rsi_period"": 14, ""target_threshold"": 0.004, ""vol_windows"": [24, 48]}","{""colsample_bytree"": 1.0, ""gamma"": 0.2, ""learning_rate"": 0.07, ""max_depth"": 3, ""min_child_weight"": 5, ""n_estimators"": 250, ""subsample"": 0.7}",4,3126,0.7309660908509277,0.01376602461278284,2.4982564098802627e+18,2374.4351995711604,0.10332444021700471,42.60536357587191
stage2,5718,23,0.6,74933,24,"{""atr_period"": 21, ""horizon_h"": 6, ""ma_windows"": [6, 18, 72], ""mtf_intervals"": [""1d""], ""ret_windows"": [1, 2, 4, 8, 24], ""rsi_period"": 14, ""target_threshold"": 0.004, ""vol_windows"": [24, 48]}","{""colsample_bytree"": 1.0, ""gamma"": 0.2, ""learning_rate"": 0.07, ""max_depth"": 3, ""min_child_weight"": 5, ""n_estimators"": 250, ""subsample"": 0.7}",4,2759,0.743385284523378,0.014580927214621132,1.5629691242367296e+17,2374.4351995711604,0.1033244402170046,39.85022730320301
stage2,5718,23,0.62,74933,24,"{""atr_period"": 21, ""horizon_h"": 6, ""ma_windows"": [6, 18, 72], ""mtf_intervals"": [""1d""], ""ret_windows"": [1, 2, 4, 8, 24], ""rsi_period"": 14, ""target_threshold"": 0.004, ""vol_windows"": [24, 48]}","{""colsample_bytree"": 1.0, ""gamma"": 0.2, ""learning_rate"": 0.07, ""max_depth"": 3, ""min_child_weight"": 5, ""n_estimators"": 250, ""subsample"": 0.7}",4,2438,0.7538966365873667,0.01539427225390198,1.083945637012928e+16,2374.4351995711604,0.10332444021700471,37.19657850650014
stage2,5718,23,0.65,74933,24,"{""atr_period"": 21, ""horizon_h"": 6, ""ma_windows"": [6, 18, 72], ""mtf_intervals"": [""1d""], ""ret_windows"": [1, 2, 4, 8, 24], ""rsi_period"": 14, ""target_threshold"": 0.004, ""vol_windows"": [24, 48]}","{""colsample_bytree"": 1.0, ""gamma"": 0.2, ""learning_rate"": 0.07, ""max_depth"": 3, ""min_child_weight"": 5, ""n_estimators"": 250, ""subsample"": 0.7}",4,1985,0.7783375314861462,0.01666499024056814,134005433873640.19,2374.4351995711604,0.07597689851608391,32.84690296420852
stage2,4386,51,0.52,74933,24,"{""atr_period"": 14, ""horizon_h"": 6, ""ma_windows"": [8, 24, 96], ""mtf_intervals"": [""1d""], ""ret_windows"": [1, 2, 4, 8, 24], ""rsi_period"": 14, ""target_threshold"": 0.004, ""vol_windows"": [12, 48]}","{""colsample_bytree"": 0.7, ""gamma"": 0.2, ""learning_rate"": 0.07, ""max_depth"": 5, ""min_child_weight"": 5, ""n_estimators"": 250, ""subsample"": 0.7}",4,4839,0.689398636081835,0.01130297574792688,2.5577227186591522e+23,2374.4351995711604,0.17096467509418312,54.055034815736555
stage2,4386,51,0.55,74933,24,"{""atr_period"": 14, ""horizon_h"": 6, ""ma_windows"": [8, 24, 96], ""mtf_intervals"": [""1d""], ""ret_windows"": [1, 2, 4, 8, 24], ""rsi_period"": 14, ""target_threshold"": 0.004, ""vol_windows"": [12, 48]}","{""colsample_bytree"": 0.7, ""gamma"": 0.2, ""learning_rate"": 0.07, ""max_depth"": 5, ""min_child_weight"": 5, ""n_estimators"": 250, ""subsample"": 0.7}",4,4232,0.7112476370510397,0.012205455070102319,1.2735581133259166e+22,2374.4351995711604,0.11744206402674351,51.10660741121827
stage2,4386,51,0.58,74933,24,"{""atr_period"": 14, ""horizon_h"": 6, ""ma_windows"": [8, 24, 96], ""mtf_intervals"": [""1d""], ""ret_windows"": [1, 2, 4, 8, 24], ""rsi_period"": 14, ""target_threshold"": 0.004, ""vol_windows"": [12, 48]}","{""colsample_bytree"": 0.7, ""gamma"": 0.2, ""learning_rate"": 0.07, ""max_depth"": 5, ""min_child_weight"": 5, ""n_estimators"": 250, ""subsample"": 0.7}",4,3692,0.7369989165763814,0.01310945167354761,5.132299032650231e+20,2374.4351995711604,0.09662754109726113,47.93341654928592
stage2,4386,51,0.6,74933,24,"{""atr_period"": 14, ""horizon_h"": 6, ""ma_windows"": [8, 24, 96], ""mtf_intervals"": [""1d""], ""ret_windows"": [1, 2, 4, 8, 24], ""rsi_period"": 14, ""target_threshold"": 0.004, ""vol_windows"": [12, 48]}","{""colsample_bytree"": 0.7, ""gamma"": 0.2, ""learning_rate"": 0.07, ""max_depth"": 5, ""min_child_weight"": 5, ""n_estimators"": 250, ""subsample"": 0.7}",4,3351,0.7487317218740674,0.013809244557693213,6.260692198179513e+19,2374.4351995711604,0.06822027041488932,45.85875671942836
stage2,4386,51,0.62,74933,24,"{""atr_period"": 14, ""horizon_h"": 6, ""ma_windows"": [8, 24, 96], ""mtf_intervals"": [""1d""], ""ret_windows"": [1, 2, 4, 8, 24], ""rsi_period"": 14, ""target_threshold"": 0.004, ""vol_windows"": [12, 48]}","{""colsample_bytree"": 0.7, ""gamma"": 0.2, ""learning_rate"": 0.07, ""max_depth"": 5, ""min_child_weight"": 5, ""n_estimators"": 250, ""subsample"": 0.7}",4,3034,0.7646671061305208,0.014515701815074725,6.886287911018574e+18,2374.4351995711604,0.06822027041488932,43.669813013221294
stage2,4386,51,0.65,74933,24,"{""atr_period"": 14, ""horizon_h"": 6, ""ma_windows"": [8, 24, 96], ""mtf_intervals"": [""1d""], ""ret_windows"": [1, 2, 4, 8, 24], ""rsi_period"": 14, ""target_threshold"": 0.004, ""vol_windows"": [12, 48]}","{""colsample_bytree"": 0.7, ""gamma"": 0.2, ""learning_rate"": 0.07, ""max_depth"": 5, ""min_child_weight"": 5, ""n_estimators"": 250, ""subsample"": 0.7}",4,2568,0.7932242990654206,0.015783969686314868,2.1628951037647427e+17,2374.4351995711604,0.06822027041488954,40.242135292512444
stage2,4386,58,0.52,74933,24,"{""atr_period"": 14, ""horizon_h"": 6, ""ma_windows"": [8, 24, 96], ""mtf_intervals"": [""1d""], ""ret_windows"": [1, 2, 4, 8, 24], ""rsi_period"": 14, ""target_threshold"": 0.004, ""vol_windows"": [12, 48]}","{""colsample_bytree"": 0.7, ""gamma"": 0.0, ""learning_rate"": 0.07, ""max_depth"": 5, ""min_child_weight"": 5, ""n_estimators"": 250, ""subsample"": 1.0}",4,4787,0.6985585961980364,0.011485692295442546,3.4216877501514076e+23,2374.4351995711604,0.1340952945099929,54.37327583047264
stage2,4386,58,0.55,74933,24,"{""atr_period"": 14, ""horizon_h"": 6, ""ma_windows"": [8, 24, 96], ""mtf_intervals"": [""1d""], ""ret_windows"": [1, 2, 4, 8, 24], ""rsi_period"": 14, ""target_threshold"": 0.004, ""vol_windows"": [12, 48]}","{""colsample_bytree"": 0.7, ""gamma"": 0.0, ""learning_rate"": 0.07, ""max_depth"": 5, ""min_child_weight"": 5, ""n_estimators"": 250, ""subsample"": 1.0}",4,4184,0.7201242829827916,0.012317856027711502,1.1384706680070794e+22,2374.4351995711604,0.1298266129012533,50.99628685649809
stage2,4386,58,0.58,74933,24,"{""atr_period"": 14, ""horizon_h"": 6, ""ma_windows"": [8, 24, 96], ""mtf_intervals"": [""1d""], ""ret_windows"": [1, 2, 4, 8, 24], ""rsi_period"": 14, ""target_threshold"": 0.004, ""vol_windows"": [12, 48]}","{""colsample_bytree"": 0.7, ""gamma"": 0.0, ""learning_rate"": 0.07, ""max_depth"": 5, ""min_child_weight"": 5, ""n_estimators"": 250, ""subsample"": 1.0}",4,3586,0.737590630228667,0.013115912107222849,1.3282064531462785e+20,2374.4351995711604,0.1298266129012532,46.565617855148865
stage2,4386,58,0.6,74933,24,"{""atr_period"": 14, ""horizon_h"": 6, ""ma_windows"": [8, 24, 96], ""mtf_intervals"": [""1d""], ""ret_windows"": [1, 2, 4, 8, 24], ""rsi_period"": 14, ""target_threshold"": 0.004, ""vol_windows"": [12, 48]}","{""colsample_bytree"": 0.7, ""gamma"": 0.0, ""learning_rate"": 0.07, ""max_depth"": 5, ""min_child_weight"": 5, ""n_estimators"": 250, ""subsample"": 1.0}",4,3266,0.7501530924678506,0.013760370737808588,1.6792633015205612e+19,2374.4351995711604,0.11744206402674329,44.51895636099169
stage2,4386,58,0.62,74933,24,"{""atr_period"": 14, ""horizon_h"": 6, ""ma_windows"": [8, 24, 96], ""mtf_intervals"": [""1d""], ""ret_windows"": [1, 2, 4, 8, 24], ""rsi_period"": 14, ""target_threshold"": 0.004, ""vol_windows"": [12, 48]}","{""colsample_bytree"": 0.7, ""gamma"": 0.0, ""learning_rate"": 0.07, ""max_depth"": 5, ""min_child_weight"": 5, ""n_estimators"": 250, ""subsample"": 1.0}",4,2918,0.7631939684715559,0.01444288929648472,1.0603991899723551e+18,2374.4351995711604,0.1174420640267434,41.77255436257225
stage2,4386,58,0.65,74933,24,"{""atr_period"": 14, ""horizon_h"": 6, ""ma_windows"": [8, 24, 96], ""mtf_intervals"": [""1d""], ""ret_windows"": [1, 2, 4, 8, 24], ""rsi_period"": 14, ""target_threshold"": 0.004, ""vol_windows"": [12, 48]}","{""colsample_bytree"": 0.7, ""gamma"": 0.0, ""learning_rate"": 0.07, ""max_depth"": 5, ""min_child_weight"": 5, ""n_estimators"": 250, ""subsample"": 1.0}",4,2465,0.7862068965517242,0.01570212393339567,3.5247266680315144e+16,2374.4351995711604,0.08968932269287577,38.410902227540646
stage2,4386,50,0.52,74933,24,"{""atr_period"": 14, ""horizon_h"": 6, ""ma_windows"": [8, 24, 96], ""mtf_intervals"": [""1d""], ""ret_windows"": [1, 2, 4, 8, 24], ""rsi_period"": 14, ""target_threshold"": 0.004, ""vol_windows"": [12, 48]}","{""colsample_bytree"": 0.7, ""gamma"": 0.0, ""learning_rate"": 0.07, ""max_depth"": 5, ""min_child_weight"": 5, ""n_estimators"": 250, ""subsample"": 0.7}",4,4834,0.6878361605295821,0.011296980308100541,2.3583135915722777e+23,2374.4351995711604,0.17096467509418312,53.97256635596582
stage2,4386,50,0.55,74933,24,"{""atr_period"": 14, ""horizon_h"": 6, ""ma_windows"": [8, 24, 96], ""mtf_intervals"": [""1d""], ""ret_windows"": [1, 2, 4, 8, 24], ""rsi_period"": 14, ""target_threshold"": 0.004, ""vol_windows"": [12, 48]}","{""colsample_bytree"": 0.7, ""gamma"": 0.0, ""learning_rate"": 0.07, ""max_depth"": 5, ""min_child_weight"": 5, ""n_estimators"": 250, ""subsample"": 0.7}",4,4194,0.7145922746781116,0.012261439579920423,1.0130532106441247e+22,2374.4351995711604,0.17096467509418312,50.85412379637372
stage2,4386,50,0.58,74933,24,"{""atr_period"": 14, ""horizon_h"": 6, ""ma_windows"": [8, 24, 96], ""mtf_intervals"": [""1d""], ""ret_windows"": [1, 2, 4, 8, 24], ""rsi_period"": 14, ""target_threshold"": 0.004, ""vol_windows"": [12, 48]}","{""colsample_bytree"": 0.7, ""gamma"": 0.0, ""learning_rate"": 0.07, ""max_depth"": 5, ""min_child_weight"": 5, ""n_estimators"": 250, ""subsample"": 0.7}",4,3693,0.7324668291362036,0.01302953404492381,3.8869562063319604e+20,2374.4351995711604,0.09662754109726102,47.65122421010593
stage2,4386,50,0.6,74933,24,"{""atr_period"": 14, ""horizon_h"": 6, ""ma_windows"": [8, 24, 96], ""mtf_intervals"": [""1d""], ""ret_windows"": [1, 2, 4, 8, 24], ""rsi_period"": 14, ""target_threshold"": 0.004, ""vol_windows"": [12, 48]}","{""colsample_bytree"": 0.7, ""gamma"": 0.0, ""learning_rate"": 0.07, ""max_depth"": 5, ""min_child_weight"": 5, ""n_estimators"": 250, ""subsample"": 0.7}",4,3337,0.7443811807012286,0.01368171548923507,3.3994714449022042e+19,2374.4351995711604,0.09662754109726124,45.22938162696876
stage2,4386,50,0.62,74933,24,"{""atr_period"": 14, ""horizon_h"": 6, ""ma_windows"": [8, 24, 96], ""mtf_intervals"": [""1d""], ""ret_windows"": [1, 2, 4, 8, 24], ""rsi_period"": 14, ""target_threshold"": 0.004, ""vol_windows"": [12, 48]}","{""colsample_bytree"": 0.7, ""gamma"": 0.0, ""learning_rate"": 0.07, ""max_depth"": 5, ""min_child_weight"": 5, ""n_estimators"": 250, ""subsample"": 0.7}",4,3020,0.7599337748344371,0.01441050410837779,4.120221783508419e+18,2374.4351995711604,0.0966275410972609,43.137355948940005
stage2,4386,50,0.65,74933,24,"{""atr_period"": 14, ""horizon_h"": 6, ""ma_windows"": [8, 24, 96], ""mtf_intervals"": [""1d""], ""ret_windows"": [1, 2, 4, 8, 24], ""rsi_period"": 14, ""target_threshold"": 0.004, ""vol_windows"": [12, 48]}","{""colsample_bytree"": 0.7, ""gamma"": 0.0, ""learning_rate"": 0.07, ""max_depth"": 5, ""min_child_weight"": 5, ""n_estimators"": 250, ""subsample"": 0.7}",4,2567,0.7884690299961044,0.01567733679983242,1.619555765350191e+17,2374.4351995711604,0.0631914748422353,39.95069665459298
stage2,4386,48,0.52,74933,24,"{""atr_period"": 14, ""horizon_h"": 6, ""ma_windows"": [8, 24, 96], ""mtf_intervals"": [""1d""], ""ret_windows"": [1, 2, 4, 8, 24], ""rsi_period"": 14, ""target_threshold"": 0.004, ""vol_windows"": [12, 48]}","{""colsample_bytree"": 0.7, ""gamma"": 0.0, ""learning_rate"": 0.07, ""max_depth"": 5, ""min_child_weight"": 1, ""n_estimators"": 250, ""subsample"": 0.7}",4,4869,0.6872047648387759,0.011224822592780397,2.4693328423593894e+23,2374.4351995711604,0.12982661290125308,54.03805423487289
stage2,4386,48,0.55,74933,24,"{""atr_period"": 14, ""horizon_h"": 6, ""ma_windows"": [8, 24, 96], ""mtf_intervals"": [""1d""], ""ret_windows"": [1, 2, 4, 8, 24], ""rsi_period"": 14, ""target_threshold"": 0.004, ""vol_windows"": [12, 48]}","{""colsample_bytree"": 0.7, ""gamma"": 0.0, ""learning_rate"": 0.07, ""max_depth"": 5, ""min_child_weight"": 1, ""n_estimators"": 250, ""subsample"": 0.7}",4,4259,0.7128433904672459,0.012166147479072784,1.4946429710054237e+22,2374.4351995711604,0.12982661290125308,51.26144999456549
stage2,4386,48,0.58,74933,24,"{""atr_period"": 14, ""horizon_h"": 6, ""ma_windows"": [8, 24, 96], ""mtf_intervals"": [""1d""], ""ret_windows"": [1, 2, 4, 8, 24], ""rsi_period"": 14, ""target_threshold"": 0.004, ""vol_windows"": [12, 48]}","{""colsample_bytree"": 0.7, ""gamma"": 0.0, ""learning_rate"": 0.07, ""max_depth"": 5, ""min_child_weight"": 1, ""n_estimators"": 250, ""subsample"": 0.7}",4,3747,0.7320523085134775,0.013000121130944316,6.933212853260727e+20,2374.4351995711604,0.12982661290125308,48.21275469024326
stage2,4386,48,0.6,74933,24,"{""atr_period"": 14, ""horizon_h"": 6, ""ma_windows"": [8, 24, 96], ""mtf_intervals"": [""1d""], ""ret_windows"": [1, 2, 4, 8, 24], ""rsi_period"": 14, ""target_threshold"": 0.004, ""vol_windows"": [12, 48]}","{""colsample_bytree"": 0.7, ""gamma"": 0.0, ""learning_rate"": 0.07, ""max_depth"": 5, ""min_child_weight"": 1, ""n_estimators"": 250, ""subsample"": 0.7}",4,3401,0.7474272272860923,0.013684462508762358,8.129858899578656e+19,2374.4351995711604,0.1298266129012533,46.08716451021894
stage2,4386,48,0.62,74933,24,"{""atr_period"": 14, ""horizon_h"": 6, ""ma_windows"": [8, 24, 96], ""mtf_intervals"": [""1d""], ""ret_windows"": [1, 2, 4, 8, 24], ""rsi_period"": 14, ""target_threshold"": 0.004, ""vol_windows"": [12, 48]}","{""colsample_bytree"": 0.7, ""gamma"": 0.0, ""learning_rate"": 0.07, ""max_depth"": 5, ""min_child_weight"": 1, ""n_estimators"": 250, ""subsample"": 0.7}",4,3051,0.7649950835791544,0.014456253863154455,7.338397542856673e+18,2374.4351995711604,0.12982661290125297,43.70238496559035
stage2,4386,48,0.65,74933,24,"{""atr_period"": 14, ""horizon_h"": 6, ""ma_windows"": [8, 24, 96], ""mtf_intervals"": [""1d""], ""ret_windows"": [1, 2, 4, 8, 24], ""rsi_period"": 14, ""target_threshold"": 0.004, ""vol_windows"": [12, 48]}","{""colsample_bytree"": 0.7, ""gamma"": 0.0, ""learning_rate"": 0.07, ""max_depth"": 5, ""min_child_weight"": 1, ""n_estimators"": 250, ""subsample"": 0.7}",4,2596,0.7846687211093991,0.015550301353326385,1.830121427476516e+17,2374.4351995711604,0.09175205896608152,40.054590257594185
stage2,4386,57,0.52,74933,24,"{""atr_period"": 14, ""horizon_h"": 6, ""ma_windows"": [8, 24, 96], ""mtf_intervals"": [""1d""], ""ret_windows"": [1, 2, 4, 8, 24], ""rsi_period"": 14, ""target_threshold"": 0.004, ""vol_windows"": [12, 48]}","{""colsample_bytree"": 0.7, ""gamma"": 0.2, ""learning_rate"": 0.07, ""max_depth"": 5, ""min_child_weight"": 1, ""n_estimators"": 250, ""subsample"": 1.0}",4,4822,0.6912069680630444,0.011371886866022174,2.964493092560047e+23,2374.4351995711604,0.1750315517613955,54.202588086471266
stage2,4386,57,0.55,74933,24,"{""atr_period"": 14, ""horizon_h"": 6, ""ma_windows"": [8, 24, 96], ""mtf_intervals"": [""1d""], ""ret_windows"": [1, 2, 4, 8, 24], ""rsi_period"": 14, ""target_threshold"": 0.004, ""vol_windows"": [12, 48]}","{""colsample_bytree"": 0.7, ""gamma"": 0.2, ""learning_rate"": 0.07, ""max_depth"": 5, ""min_child_weight"": 1, ""n_estimators"": 250, ""subsample"": 1.0}",4,4197,0.7114605670717179,0.012186876943994535,7.746639828628604e+21,2374.4351995711604,0.12982661290125308,50.60329629448052
stage2,4386,57,0.58,74933,24,"{""atr_period"": 14, ""horizon_h"": 6, ""ma_windows"": [8, 24, 96], ""mtf_intervals"": [""1d""], ""ret_windows"": [1, 2, 4, 8, 24], ""rsi_period"": 14, ""target_threshold"": 0.004, ""vol_windows"": [12, 48]}","{""colsample_bytree"": 0.7, ""gamma"": 0.2, ""learning_rate"": 0.07, ""max_depth"": 5, ""min_child_weight"": 1, ""n_estimators"": 250, ""subsample"": 1.0}",4,3627,0.7344913151364765,0.013200136916043177,3.045230322884755e+20,2374.4351995711604,0.08968932269287588,47.41362788397275
stage2,4386,57,0.6,74933,24,"{""atr_period"": 14, ""horizon_h"": 6, ""ma_windows"": [8, 24, 96], ""mtf_intervals"": [""1d""], ""ret_windows"": [1, 2, 4, 8, 24], ""rsi_period"": 14, ""target_threshold"": 0.004, ""vol_windows"": [12, 48]}","{""colsample_bytree"": 0.7, ""gamma"": 0.2, ""learning_rate"": 0.07, ""max_depth"": 5, ""min_child_weight"": 1, ""n_estimators"": 250, ""subsample"": 1.0}",4,3305,0.751588502269289,0.013841247531677725,3.7049002892046066e+19,2374.4351995711604,0.08968932269287577,45.32592923349981
stage2,4386,57,0.62,74933,24,"{""atr_period"": 14, ""horizon_h"": 6, ""ma_windows"": [8, 24, 96], ""mtf_intervals"": [""1d""], ""ret_windows"": [1, 2, 4, 8, 24], ""rsi_period"": 14, ""target_threshold"": 0.004, ""vol_windows"": [12, 48]}","{""colsample_bytree"": 0.7, ""gamma"": 0.2, ""learning_rate"": 0.07, ""max_depth"": 5, ""min_child_weight"": 1, ""n_estimators"": 250, ""subsample"": 1.0}",4,2936,0.7687329700272479,0.014672794043064274,2.650817291150672e+18,2374.4351995711604,0.08968932269287588,42.70892374511667
stage2,4386,57,0.65,74933,24,"{""atr_period"": 14, ""horizon_h"": 6, ""ma_windows"": [8, 24, 96], ""mtf_intervals"": [""1d""], ""ret_windows"": [1, 2, 4, 8, 24], ""rsi_period"": 14, ""target_threshold"": 0.004, ""vol_windows"": [12, 48]}","{""colsample_bytree"": 0.7, ""gamma"": 0.2, ""learning_rate"": 0.07, ""max_depth"": 5, ""min_child_weight"": 1, ""n_estimators"": 250, ""subsample"": 1.0}",4,2475,0.7919191919191919,0.0158126534050657,5.399457103462454e+16,2374.4351995711604,0.06822027041488954,38.85358634559343
stage2,4386,61,0.52,74933,24,"{""atr_period"": 14, ""horizon_h"": 6, ""ma_windows"": [8, 24, 96], ""mtf_intervals"": [""1d""], ""ret_windows"": [1, 2, 4, 8, 24], ""rsi_period"": 14, ""target_threshold"": 0.004, ""vol_windows"": [12, 48]}","{""colsample_bytree"": 1.0, ""gamma"": 0.2, ""learning_rate"": 0.07, ""max_depth"": 5, ""min_child_weight"": 1, ""n_estimators"": 250, ""subsample"": 1.0}",4,4889,0.6927797095520556,0.011340392010549916,5.306166839620755e+23,2374.4351995711604,0.1750315517613955,54.78575796550683
stage2,4386,61,0.55,74933,24,"{""atr_period"": 14, ""horizon_h"": 6, ""ma_windows"": [8, 24, 96], ""mtf_intervals"": [""1d""], ""ret_windows"": [1, 2, 4, 8, 24], ""rsi_period"": 14, ""target_threshold"": 0.004, ""vol_windows"": [12, 48]}","{""colsample_bytree"": 1.0, ""gamma"": 0.2, ""learning_rate"": 0.07, ""max_depth"": 5, ""min_child_weight"": 1, ""n_estimators"": 250, ""subsample"": 1.0}",4,4247,0.7141511655286085,0.012307012865286059,2.321518648510962e+22,2374.4351995711604,0.1298266129012533,51.70395733616669
stage2,4386,61,0.58,74933,24,"{""atr_period"": 14, ""horizon_h"": 6, ""ma_windows"": [8, 24, 96], ""mtf_intervals"": [""1d""], ""ret_windows"": [1, 2, 4, 8, 24], ""rsi_period"": 14, ""target_threshold"": 0.004, ""vol_windows"": [12, 48]}","{""colsample_bytree"": 1.0, ""gamma"": 0.2, ""learning_rate"": 0.07, ""max_depth"": 5, ""min_child_weight"": 1, ""n_estimators"": 250, ""subsample"": 1.0}",4,3708,0.7413700107874865,0.013196940387607926,8.694446445347352e+20,2374.4351995711604,0.08968932269287588,48.46821321248514
stage2,4386,61,0.6,74933,24,"{""atr_period"": 14, ""horizon_h"": 6, ""ma_windows"": [8, 24, 96], ""mtf_intervals"": [""1d""], ""ret_windows"": [1, 2, 4, 8, 24], ""rsi_period"": 14, ""target_threshold"": 0.004, ""vol_windows"": [12, 48]}","{""colsample_bytree"": 1.0, ""gamma"": 0.2, ""learning_rate"": 0.07, ""max_depth"": 5, ""min_child_weight"": 1, ""n_estimators"": 250, ""subsample"": 1.0}",4,3352,0.7526849642004774,0.013803258102395615,6.216032863767555e+19,2374.4351995711604,0.08968932269287577,45.84397804173524
stage2,4386,61,0.62,74933,24,"{""atr_period"": 14, ""horizon_h"": 6, ""ma_windows"": [8, 24, 96], ""mtf_intervals"": [""1d""], ""ret_windows"": [1, 2, 4, 8, 24], ""rsi_period"": 14, ""target_threshold"": 0.004, ""vol_windows"": [12, 48]}","{""colsample_bytree"": 1.0, ""gamma"": 0.2, ""learning_rate"": 0.07, ""max_depth"": 5, ""min_child_weight"": 1, ""n_estimators"": 250, ""subsample"": 1.0}",4,3012,0.7636122177954847,0.014466748030199853,4.326467972898777e+18,2374.4351995711604,0.089689322692876,43.193062269518876
stage2,4386,61,0.65,74933,24,"{""atr_period"": 14, ""horizon_h"": 6, ""ma_windows"": [8, 24, 96], ""mtf_intervals"": [""1d""], ""ret_windows"": [1, 2, 4, 8, 24], ""rsi_period"": 14, ""target_threshold"": 0.004, ""vol_windows"": [12, 48]}","{""colsample_bytree"": 1.0, ""gamma"": 0.2, ""learning_rate"": 0.07, ""max_depth"": 5, ""min_child_weight"": 1, ""n_estimators"": 250, ""subsample"": 1.0}",4,2555,0.785518590998043,0.015601932854835132,1.1044072684817974e+17,2374.4351995711604,0.08968932269287588,39.551641037626844
stage2,4386,38,0.52,74933,24,"{""atr_period"": 14, ""horizon_h"": 6, ""ma_windows"": [8, 24, 96], ""mtf_intervals"": [""1d""], ""ret_windows"": [1, 2, 4, 8, 24], ""rsi_period"": 14, ""target_threshold"": 0.004, ""vol_windows"": [12, 48]}","{""colsample_bytree"": 1.0, ""gamma"": 0.0, ""learning_rate"": 0.03, ""max_depth"": 5, ""min_child_weight"": 5, ""n_estimators"": 250, ""subsample"": 0.7}",4,4639,0.7020909678810089,0.01169412558125328,1.647798066163644e+23,2374.4351995711604,0.1298266129012532,53.6492095026791
stage2,4386,38,0.55,74933,24,"{""atr_period"": 14, ""horizon_h"": 6, ""ma_windows"": [8, 24, 96], ""mtf_intervals"": [""1d""], ""ret_windows"": [1, 2, 4, 8, 24], ""rsi_period"": 14, ""target_threshold"": 0.004, ""vol_windows"": [12, 48]}","{""colsample_bytree"": 1.0, ""gamma"": 0.0, ""learning_rate"": 0.03, ""max_depth"": 5, ""min_child_weight"": 5, ""n_estimators"": 250, ""subsample"": 0.7}",4,3988,0.7226680040120361,0.012643002276320581,3.7440782784373866e+21,2374.4351995711604,0.1298266129012532,49.8888275339436
stage2,4386,38,0.58,74933,24,"{""atr_period"": 14, ""horizon_h"": 6, ""ma_windows"": [8, 24, 96], ""mtf_intervals"": [""1d""], ""ret_windows"": [1, 2, 4, 8, 24], ""rsi_period"": 14, ""target_threshold"": 0.004, ""vol_windows"": [12, 48]}","{""colsample_bytree"": 1.0, ""gamma"": 0.0, ""learning_rate"": 0.03, ""max_depth"": 5, ""min_child_weight"": 5, ""n_estimators"": 250, ""subsample"": 0.7}",4,3417,0.746268656716418,0.013675561129673499,9.782521865846007e+19,2374.4351995711604,0.10246331362828753,46.28490183478338
stage2,4386,38,0.6,74933,24,"{""atr_period"": 14, ""horizon_h"": 6, ""ma_windows"": [8, 24, 96], ""mtf_intervals"": [""1d""], ""ret_windows"": [1, 2, 4, 8, 24], ""rsi_period"": 14, ""target_threshold"": 0.004, ""vol_windows"": [12, 48]}","{""colsample_bytree"": 1.0, ""gamma"": 0.0, ""learning_rate"": 0.03, ""max_depth"": 5, ""min_child_weight"": 5, ""n_estimators"": 250, ""subsample"": 0.7}",4,3023,0.7598412173337744,0.014451193578246934,4.821707060982492e+18,2374.4351995711604,0.0896893226928761,43.29829756243088
stage2,4386,38,0.62,74933,24,"{""atr_period"": 14, ""horizon_h"": 6, ""ma_windows"": [8, 24, 96], ""mtf_intervals"": [""1d""], ""ret_windows"": [1, 2, 4, 8, 24], ""rsi_period"": 14, ""target_threshold"": 0.004, ""vol_windows"": [12, 48]}","{""colsample_bytree"": 1.0, ""gamma"": 0.0, ""learning_rate"": 0.03, ""max_depth"": 5, ""min_child_weight"": 5, ""n_estimators"": 250, ""subsample"": 0.7}",4,2716,0.7717231222385862,0.01516996459395745,4.1406003490018e+17,2374.4351995711604,0.08968932269287577,40.85868092325507
stage2,4386,38,0.65,74933,24,"{""atr_period"": 14, ""horizon_h"": 6, ""ma_windows"": [8, 24, 96], ""mtf_intervals"": [""1d""], ""ret_windows"": [1, 2, 4, 8, 24], ""rsi_period"": 14, ""target_threshold"": 0.004, ""vol_windows"": [12, 48]}","{""colsample_bytree"": 1.0, ""gamma"": 0.0, ""learning_rate"": 0.03, ""max_depth"": 5, ""min_child_weight"": 5, ""n_estimators"": 250, ""subsample"": 0.7}",4,2271,0.793483047115808,0.016405770126969903,8374663502708534.0,2374.4351995711604,0.07092643614738758,36.99455667366827
stage2,4386,36,0.52,74933,24,"{""atr_period"": 14, ""horizon_h"": 6, ""ma_windows"": [8, 24, 96], ""mtf_intervals"": [""1d""], ""ret_windows"": [1, 2, 4, 8, 24], ""rsi_period"": 14, ""target_threshold"": 0.004, ""vol_windows"": [12, 48]}","{""colsample_bytree"": 1.0, ""gamma"": 0.0, ""learning_rate"": 0.03, ""max_depth"": 5, ""min_child_weight"": 1, ""n_estimators"": 250, ""subsample"": 0.7}",4,4635,0.6996763754045308,0.011706891734866927,1.660528136452537e+23,2374.4351995711604,0.1298266129012533,53.6550757728725
stage2,4386,36,0.55,74933,24,"{""atr_period"": 14, ""horizon_h"": 6, ""ma_windows"": [8, 24, 96], ""mtf_intervals"": [""1d""], ""ret_windows"": [1, 2, 4, 8, 24], ""rsi_period"": 14, ""target_threshold"": 0.004, ""vol_windows"": [12, 48]}","{""colsample_bytree"": 1.0, ""gamma"": 0.0, ""learning_rate"": 0.03, ""max_depth"": 5, ""min_child_weight"": 1, ""n_estimators"": 250, ""subsample"": 0.7}",4,4000,0.7235,0.012620810374716676,3.9822662164756064e+21,2374.4351995711604,0.1298266129012534,49.95099118779563
stage2,4386,36,0.58,74933,24,"{""atr_period"": 14, ""horizon_h"": 6, ""ma_windows"": [8, 24, 96], ""mtf_intervals"": [""1d""], ""ret_windows"": [1, 2, 4, 8, 24], ""rsi_period"": 14, ""target_threshold"": 0.004, ""vol_windows"": [12, 48]}","{""colsample_bytree"": 1.0, ""gamma"": 0.0, ""learning_rate"": 0.03, ""max_depth"": 5, ""min_child_weight"": 1, ""n_estimators"": 250, ""subsample"": 0.7}",4,3428,0.7450408401400234,0.013593347370918787,8.554174610723358e+19,2374.4351995711604,0.11744206402674351,46.14159460830624
stage2,4386,36,0.6,74933,24,"{""atr_period"": 14, ""horizon_h"": 6, ""ma_windows"": [8, 24, 96], ""mtf_intervals"": [""1d""], ""ret_windows"": [1, 2, 4, 8, 24], ""rsi_period"": 14, ""target_threshold"": 0.004, ""vol_windows"": [12, 48]}","{""colsample_bytree"": 1.0, ""gamma"": 0.0, ""learning_rate"": 0.03, ""max_depth"": 5, ""min_child_weight"": 1, ""n_estimators"": 250, ""subsample"": 0.7}",4,3057,0.7628393850179915,0.014396837098639648,6.66965623612254e+18,2374.4351995711604,0.089689322692876,43.62470153713704
stage2,4386,36,0.62,74933,24,"{""atr_period"": 14, ""horizon_h"": 6, ""ma_windows"": [8, 24, 96], ""mtf_intervals"": [""1d""], ""ret_windows"": [1, 2, 4, 8, 24], ""rsi_period"": 14, ""target_threshold"": 0.004, ""vol_windows"": [12, 48]}","{""colsample_bytree"": 1.0, ""gamma"": 0.0, ""learning_rate"": 0.03, ""max_depth"": 5, ""min_child_weight"": 1, ""n_estimators"": 250, ""subsample"": 0.7}",4,2715,0.7720073664825046,0.015198467745316985,4.400998676004661e+17,2374.4351995711604,0.08968932269287588,40.92012704169013
stage2,4386,36,0.65,74933,24,"{""atr_period"": 14, ""horizon_h"": 6, ""ma_windows"": [8, 24, 96], ""mtf_intervals"": [""1d""], ""ret_windows"": [1, 2, 4, 8, 24], ""rsi_period"": 14, ""target_threshold"": 0.004, ""vol_windows"": [12, 48]}","{""colsample_bytree"": 1.0, ""gamma"": 0.0, ""learning_rate"": 0.03, ""max_depth"": 5, ""min_child_weight"": 1, ""n_estimators"": 250, ""subsample"": 0.7}",4,2283,0.7963206307490145,0.016415908917616677,1.0455481207469424e+16,2374.4351995711604,0.06507822986420708,37.221747414279534
stage2,4386,32,0.52,74933,24,"{""atr_period"": 14, ""horizon_h"": 6, ""ma_windows"": [8, 24, 96], ""mtf_intervals"": [""1d""], ""ret_windows"": [1, 2, 4, 8, 24], ""rsi_period"": 14, ""target_threshold"": 0.004, ""vol_windows"": [12, 48]}","{""colsample_bytree"": 0.7, ""gamma"": 0.0, ""learning_rate"": 0.03, ""max_depth"": 5, ""min_child_weight"": 1, ""n_estimators"": 250, ""subsample"": 0.7}",4,4501,0.7065096645189958,0.011935580247068287,9.801872660062267e+22,2374.4351995711604,0.17096467509418312,53.1146555370967
stage2,4386,32,0.55,74933,24,"{""atr_period"": 14, ""horizon_h"": 6, ""ma_windows"": [8, 24, 96], ""mtf_intervals"": [""1d""], ""ret_windows"": [1, 2, 4, 8, 24], ""rsi_period"": 14, ""target_threshold"": 0.004, ""vol_windows"": [12, 48]}","{""colsample_bytree"": 0.7, ""gamma"": 0.0, ""learning_rate"": 0.03, ""max_depth"": 5, ""min_child_weight"": 1, ""n_estimators"": 250, ""subsample"": 0.7}",4,3865,0.7278137128072445,0.012892968160661154,2.0927200730531336e+21,2374.4351995711604,0.1298266129012533,49.31323305211404
stage2,4386,32,0.58,74933,24,"{""atr_period"": 14, ""horizon_h"": 6, ""ma_windows"": [8, 24, 96], ""mtf_intervals"": [""1d""], ""ret_windows"": [1, 2, 4, 8, 24], ""rsi_period"": 14, ""target_threshold"": 0.004, ""vol_windows"": [12, 48]}","{""colsample_bytree"": 0.7, ""gamma"": 0.0, ""learning_rate"": 0.03, ""max_depth"": 5, ""min_child_weight"": 1, ""n_estimators"": 250, ""subsample"": 0.7}",4,3276,0.7490842490842491,0.013954214639657105,3.5649597696738537e+19,2374.4351995711604,0.12982661290125308,45.26625734581951
stage2,4386,32,0.6,74933,24,"{""atr_period"": 14, ""horizon_h"": 6, ""ma_windows"": [8, 24, 96], ""mtf_intervals"": [""1d""], ""ret_windows"": [1, 2, 4, 8, 24], ""rsi_period"": 14, ""target_threshold"": 0.004, ""vol_windows"": [12, 48]}","{""colsample_bytree"": 0.7, ""gamma"": 0.0, ""learning_rate"": 0.03, ""max_depth"": 5, ""min_child_weight"": 1, ""n_estimators"": 250, ""subsample"": 0.7}",4,2929,0.7596449300102424,0.01456177281855628,1.7294468820744579e+18,2374.4351995711604,0.11744206402674362,42.25982240447977
stage2,4386,32,0.62,74933,24,"{""atr_period"": 14, ""horizon_h"": 6, ""ma_windows"": [8, 24, 96], ""mtf_intervals"": [""1d""], ""ret_windows"": [1, 2, 4, 8, 24], ""rsi_period"": 14, ""target_threshold"": 0.004, ""vol_windows"": [12, 48]}","{""colsample_bytree"": 0.7, ""gamma"": 0.0, ""learning_rate"": 0.03, ""max_depth"": 5, ""min_child_weight"": 1, ""n_estimators"": 250, ""subsample"": 0.7}",4,2599,0.7714505579068872,0.015313714981213745,1.036032973683603e+17,2374.4351995711604,0.07092643614738747,39.48355250021102
stage2,4386,32,0.65,74933,24,"{""atr_period"": 14, ""horizon_h"": 6, ""ma_windows"": [8, 24, 96], ""mtf_intervals"": [""1d""], ""ret_windows"": [1, 2, 4, 8, 24], ""rsi_period"": 14, ""target_threshold"": 0.004, ""vol_windows"": [12, 48]}","{""colsample_bytree"": 0.7, ""gamma"": 0.0, ""learning_rate"": 0.03, ""max_depth"": 5, ""min_child_weight"": 1, ""n_estimators"": 250, ""subsample"": 0.7}",4,2134,0.8013120899718837,0.016669037119906877,1592124322938971.0,2374.4351995711604,0.06154078183779288,35.347477149600046
stage2,4386,42,0.52,74933,24,"{""atr_period"": 14, ""horizon_h"": 6, ""ma_windows"": [8, 24, 96], ""mtf_intervals"": [""1d""], ""ret_windows"": [1, 2, 4, 8, 24], ""rsi_period"": 14, ""target_threshold"": 0.004, ""vol_windows"": [12, 48]}","{""colsample_bytree"": 0.7, ""gamma"": 0.0, ""learning_rate"": 0.03, ""max_depth"": 5, ""min_child_weight"": 5, ""n_estimators"": 250, ""subsample"": 1.0}",4,4503,0.7048634243837442,0.01183585127864186,6.4294502991913745e+22,2374.4351995711604,0.12982661290125308,52.71142533373266
stage2,4386,42,0.55,74933,24,"{""atr_period"": 14, ""horizon_h"": 6, ""ma_windows"": [8, 24, 96], ""mtf_intervals"": [""1d""], ""ret_windows"": [1, 2, 4, 8, 24], ""rsi_period"": 14, ""target_threshold"": 0.004, ""vol_windows"": [12, 48]}","{""colsample_bytree"": 0.7, ""gamma"": 0.0, ""learning_rate"": 0.03, ""max_depth"": 5, ""min_child_weight"": 5, ""n_estimators"": 250, ""subsample"": 1.0}",4,3857,0.7256935442053409,0.012821331774001446,1.4339200025790172e+21,2374.4351995711604,0.1298266129012534,48.93291109039484
stage2,4386,42,0.58,74933,24,"{""atr_period"": 14, ""horizon_h"": 6, ""ma_windows"": [8, 24, 96], ""mtf_intervals"": [""1d""], ""ret_windows"": [1, 2, 4, 8, 24], ""rsi_period"": 14, ""target_threshold"": 0.004, ""vol_windows"": [12, 48]}","{""colsample_bytree"": 0.7, ""gamma"": 0.0, ""learning_rate"": 0.03, ""max_depth"": 5, ""min_child_weight"": 5, ""n_estimators"": 250, ""subsample"": 1.0}",4,3287,0.740492850623669,0.013776449860058921,2.3198904963900924e+19,2374.4351995711604,0.1298266129012533,44.828329324548065
stage2,4386,42,0.6,74933,24,"{""atr_period"": 14, ""horizon_h"": 6, ""ma_windows"": [8, 24, 96], ""mtf_intervals"": [""1d""], ""ret_windows"": [1, 2, 4, 8, 24], ""rsi_period"": 14, ""target_threshold"": 0.004, ""vol_windows"": [12, 48]}","{""colsample_bytree"": 0.7, ""gamma"": 0.0, ""learning_rate"": 0.03, ""max_depth"": 5, ""min_child_weight"": 5, ""n_estimators"": 250, ""subsample"": 1.0}",4,2930,0.757679180887372,0.014566699173920708,1.7741490575162324e+18,2374.4351995711604,0.1174420640267434,42.28380848374095
stage2,4386,42,0.62,74933,24,"{""atr_period"": 14, ""horizon_h"": 6, ""ma_windows"": [8, 24, 96], ""mtf_intervals"": [""1d""], ""ret_windows"": [1, 2, 4, 8, 24], ""rsi_period"": 14, ""target_threshold"": 0.004, ""vol_windows"": [12, 48]}","{""colsample_bytree"": 0.7, ""gamma"": 0.0, ""learning_rate"": 0.03, ""max_depth"": 5, ""min_child_weight"": 5, ""n_estimators"": 250, ""subsample"": 1.0}",4,2620,0.7709923664122137,0.015382793465649395,1.69089992952658e+17,2374.4351995711604,0.08968932269287566,39.9642190502915
stage2,4386,42,0.65,74933,24,"{""atr_period"": 14, ""horizon_h"": 6, ""ma_windows"": [8, 24, 96], ""mtf_intervals"": [""1d""], ""ret_windows"": [1, 2, 4, 8, 24], ""rsi_period"": 14, ""target_threshold"": 0.004, ""vol_windows"": [12, 48]}","{""colsample_bytree"": 0.7, ""gamma"": 0.0, ""learning_rate"": 0.03, ""max_depth"": 5, ""min_child_weight"": 5, ""n_estimators"": 250, ""subsample"": 1.0}",4,2136,0.7916666666666666,0.016665602558246607,1620856914466267.2,2374.4351995711604,0.08477639514312096,35.34600132008001
stage2,4386,44,0.52,74933,24,"{""atr_period"": 14, ""horizon_h"": 6, ""ma_windows"": [8, 24, 96], ""mtf_intervals"": [""1d""], ""ret_windows"": [1, 2, 4, 8, 24], ""rsi_period"": 14, ""target_threshold"": 0.004, ""vol_windows"": [12, 48]}","{""colsample_bytree"": 1.0, ""gamma"": 0.0, ""learning_rate"": 0.03, ""max_depth"": 5, ""min_child_weight"": 1, ""n_estimators"": 250, ""subsample"": 1.0}",4,4562,0.7045155633494081,0.01177727561249167,9.807565156667795e+22,2374.4351995711604,0.17503155176139562,53.110340968202486
stage2,4386,44,0.55,74933,24,"{""atr_period"": 14, ""horizon_h"": 6, ""ma_windows"": [8, 24, 96], ""mtf_intervals"": [""1d""], ""ret_windows"": [1, 2, 4, 8, 24], ""rsi_period"": 14, ""target_threshold"": 0.004, ""vol_windows"": [12, 48]}","{""colsample_bytree"": 1.0, ""gamma"": 0.0, ""learning_rate"": 0.03, ""max_depth"": 5, ""min_child_weight"": 1, ""n_estimators"": 250, ""subsample"": 1.0}",4,3902,0.730138390568939,0.012874376178279528,3.1130187989506426e+21,2374.4351995711604,0.1298266129012533,49.71207229860036
stage2,4386,44,0.58,74933,24,"{""atr_period"": 14, ""horizon_h"": 6, ""ma_windows"": [8, 24, 96], ""mtf_intervals"": [""1d""], ""ret_windows"": [1, 2, 4, 8, 24], ""rsi_period"": 14, ""target_threshold"": 0.004, ""vol_windows"": [12, 48]}","{""colsample_bytree"": 1.0, ""gamma"": 0.0, ""learning_rate"": 0.03, ""max_depth"": 5, ""min_child_weight"": 1, ""n_estimators"": 250, ""subsample"": 1.0}",4,3332,0.7524009603841537,0.013944905324482195,7.521219097757301e+19,2374.4351995711604,0.08968932269287588,46.03548035532977
stage2,4386,44,0.6,74933,24,"{""atr_period"": 14, ""horizon_h"": 6, ""ma_windows"": [8, 24, 96], ""mtf_intervals"": [""1d""], ""ret_windows"": [1, 2, 4, 8, 24], ""rsi_period"": 14, ""target_threshold"": 0.004, ""vol_windows"": [12, 48]}","{""colsample_bytree"": 1.0, ""gamma"": 0.0, ""learning_rate"": 0.03, ""max_depth"": 5, ""min_child_weight"": 1, ""n_estimators"": 250, ""subsample"": 1.0}",4,2966,0.76770060687795,0.014745024528709348,5.050596539864143e+18,2374.4351995711604,0.08968932269287588,43.35331405729505
stage2,4386,44,0.62,74933,24,"{""atr_period"": 14, ""horizon_h"": 6, ""ma_windows"": [8, 24, 96], ""mtf_intervals"": [""1d""], ""ret_windows"": [1, 2, 4, 8, 24], ""rsi_period"": 14, ""target_threshold"": 0.004, ""vol_windows"": [12, 48]}","{""colsample_bytree"": 1.0, ""gamma"": 0.0, ""learning_rate"": 0.03, ""max_depth"": 5, ""min_child_weight"": 1, ""n_estimators"": 250, ""subsample"": 1.0}",4,2649,0.7780294450736127,0.015481891925729158,3.431371919493921e+17,2374.4351995711604,0.0709264361473877,40.68772221202721
stage2,4386,44,0.65,74933,24,"{""atr_period"": 14, ""horizon_h"": 6, ""ma_windows"": [8, 24, 96], ""mtf_intervals"": [""1d""], ""ret_windows"": [1, 2, 4, 8, 24], ""rsi_period"": 14, ""target_threshold"": 0.004, ""vol_windows"": [12, 48]}","{""colsample_bytree"": 1.0, ""gamma"": 0.0, ""learning_rate"": 0.03, ""max_depth"": 5, ""min_child_weight"": 1, ""n_estimators"": 250, ""subsample"": 1.0}",4,2185,0.8036613272311213,0.01682157512705406,5103654096352753.0,2374.4351995711604,0.07092643614738747,36.51077161229348
stage2,4386,23,0.52,74933,24,"{""atr_period"": 14, ""horizon_h"": 6, ""ma_windows"": [8, 24, 96], ""mtf_intervals"": [""1d""], ""ret_windows"": [1, 2, 4, 8, 24], ""rsi_period"": 14, ""target_threshold"": 0.004, ""vol_windows"": [12, 48]}","{""colsample_bytree"": 1.0, ""gamma"": 0.2, ""learning_rate"": 0.07, ""max_depth"": 3, ""min_child_weight"": 5, ""n_estimators"": 250, ""subsample"": 0.7}",4,4349,0.6994711427914463,0.01191232632270542,1.463400683620979e+22,2374.4351995711604,0.1298266129012534,51.227597226846534
stage2,4386,23,0.55,74933,24,"{""atr_period"": 14, ""horizon_h"": 6, ""ma_windows"": [8, 24, 96], ""mtf_intervals"": [""1d""], ""ret_windows"": [1, 2, 4, 8, 24], ""rsi_period"": 14, ""target_threshold"": 0.004, ""vol_windows"": [12, 48]}","{""colsample_bytree"": 1.0, ""gamma"": 0.2, ""learning_rate"": 0.07, ""max_depth"": 3, ""min_child_weight"": 5, ""n_estimators"": 250, ""subsample"": 0.7}",4,3722,0.7243417517463729,0.012998838632502265,4.946760491615355e+20,2374.4351995711604,0.1298266129012534,47.86898558008634
stage2,4386,23,0.58,74933,24,"{""atr_period"": 14, ""horizon_h"": 6, ""ma_windows"": [8, 24, 96], ""mtf_intervals"": [""1d""], ""ret_windows"": [1, 2, 4, 8, 24], ""rsi_period"": 14, ""target_threshold"": 0.004, ""vol_windows"": [12, 48]}","{""colsample_bytree"": 1.0, ""gamma"": 0.2, ""learning_rate"": 0.07, ""max_depth"": 3, ""min_child_weight"": 5, ""n_estimators"": 250, ""subsample"": 0.7}",4,3147,0.7359389895138226,0.013909163436108854,5.175515277689382e+18,2374.4351995711604,0.10246331362828776,43.33926342094122
stage2,4386,23,0.6,74933,24,"{""atr_period"": 14, ""horizon_h"": 6, ""ma_windows"": [8, 24, 96], ""mtf_intervals"": [""1d""], ""ret_windows"": [1, 2, 4, 8, 24], ""rsi_period"": 14, ""target_threshold"": 0.004, ""vol_windows"": [12, 48]}","{""colsample_bytree"": 1.0, ""gamma"": 0.2, ""learning_rate"": 0.07, ""max_depth"": 3, ""min_child_weight"": 5, ""n_estimators"": 250, ""subsample"": 0.7}",4,2816,0.7453835227272727,0.014577238220939325,3.5154338356487174e+17,2374.4351995711604,0.089689322692876,40.669189585230306
stage2,4386,23,0.62,74933,24,"{""atr_period"": 14, ""horizon_h"": 6, ""ma_windows"": [8, 24, 96], ""mtf_intervals"": [""1d""], ""ret_windows"": [1, 2, 4, 8, 24], ""rsi_period"": 14, ""target_threshold"": 0.004, ""vol_windows"": [12, 48]}","{""colsample_bytree"": 1.0, ""gamma"": 0.2, ""learning_rate"": 0.07, ""max_depth"": 3, ""min_child_weight"": 5, ""n_estimators"": 250, ""subsample"": 0.7}",4,2466,0.7619626926196269,0.015483644274539039,2.06714806052211e+16,2374.4351995711604,0.08477639514312107,37.85858250739425
stage2,4386,23,0.65,74933,24,"{""atr_period"": 14, ""horizon_h"": 6, ""ma_windows"": [8, 24, 96], ""mtf_intervals"": [""1d""], ""ret_windows"": [1, 2, 4, 8, 24], ""rsi_period"": 14, ""target_threshold"": 0.004, ""vol_windows"": [12, 48]}","{""colsample_bytree"": 1.0, ""gamma"": 0.2, ""learning_rate"": 0.07, ""max_depth"": 3, ""min_child_weight"": 5, ""n_estimators"": 250, ""subsample"": 0.7}",4,2002,0.7842157842157842,0.01686117125915653,262661482267833.75,2374.4351995711604,0.05008565635003848,33.53910634863538
stage2,4422,51,0.52,74933,24,"{""atr_period"": 21, ""horizon_h"": 6, ""ma_windows"": [8, 24, 96], ""mtf_intervals"": [""1d""], ""ret_windows"": [1, 2, 4, 8, 24], ""rsi_period"": 14, ""target_threshold"": 0.004, ""vol_windows"": [12, 48]}","{""colsample_bytree"": 0.7, ""gamma"": 0.2, ""learning_rate"": 0.07, ""max_depth"": 5, ""min_child_weight"": 5, ""n_estimators"": 250, ""subsample"": 0.7}",4,4734,0.689269117025771,0.011382775369557445,1.1448959531973702e+23,2374.4351995711604,0.17096467509418312,53.251766060200275
stage2,4422,51,0.55,74933,24,"{""atr_period"": 21, ""horizon_h"": 6, ""ma_windows"": [8, 24, 96], ""mtf_intervals"": [""1d""], ""ret_windows"": [1, 2, 4, 8, 24], ""rsi_period"": 14, ""target_threshold"": 0.004, ""vol_windows"": [12, 48]}","{""colsample_bytree"": 0.7, ""gamma"": 0.2, ""learning_rate"": 0.07, ""max_depth"": 5, ""min_child_weight"": 5, ""n_estimators"": 250, ""subsample"": 0.7}",4,4171,0.7111004555262527,0.012293497742410503,8.755426672141553e+21,2374.4351995711604,0.17096467509418334,50.70570666092055
stage2,4422,51,0.58,74933,24,"{""atr_period"": 21, ""horizon_h"": 6, ""ma_windows"": [8, 24, 96], ""mtf_intervals"": [""1d""], ""ret_windows"": [1, 2, 4, 8, 24], ""rsi_period"": 14, ""target_threshold"": 0.004, ""vol_windows"": [12, 48]}","{""colsample_bytree"": 0.7, ""gamma"": 0.2, ""learning_rate"": 0.07, ""max_depth"": 5, ""min_child_weight"": 5, ""n_estimators"": 250, ""subsample"": 0.7}",4,3636,0.7362486248624862,0.013209346454785966,3.54086241266605e+20,2374.4351995711604,0.1298266129012532,47.54583254183105
stage2,4422,51,0.6,74933,24,"{""atr_period"": 21, ""horizon_h"": 6, ""ma_windows"": [8, 24, 96], ""mtf_intervals"": [""1d""], ""ret_windows"": [1, 2, 4, 8, 24], ""rsi_period"": 14, ""target_threshold"": 0.004, ""vol_windows"": [12, 48]}","{""colsample_bytree"": 0.7, ""gamma"": 0.2, ""learning_rate"": 0.07, ""max_depth"": 5, ""min_child_weight"": 5, ""n_estimators"": 250, ""subsample"": 0.7}",4,3274,0.7516799022602322,0.013948823261777689,3.4279870527017226e+19,2374.4351995711604,0.089689322692876,45.24917983724642
stage2,4422,51,0.62,74933,24,"{""atr_period"": 21, ""horizon_h"": 6, ""ma_windows"": [8, 24, 96], ""mtf_intervals"": [""1d""], ""ret_windows"": [1, 2, 4, 8, 24], ""rsi_period"": 14, ""target_threshold"": 0.004, ""vol_windows"": [12, 48]}","{""colsample_bytree"": 0.7, ""gamma"": 0.2, ""learning_rate"": 0.07, ""max_depth"": 5, ""min_child_weight"": 5, ""n_estimators"": 250, ""subsample"": 0.7}",4,2934,0.7692569870483981,0.014688138272947609,2.7064664096070866e+18,2374.4351995711604,0.06822027041488932,42.74097611067764
stage2,4422,51,0.65,74933,24,"{""atr_period"": 21, ""horizon_h"": 6, ""ma_windows"": [8, 24, 96], ""mtf_intervals"": [""1d""], ""ret_windows"": [1, 2, 4, 8, 24], ""rsi_period"": 14, ""target_threshold"": 0.004, ""vol_windows"": [12, 48]}","{""colsample_bytree"": 0.7, ""gamma"": 0.2, ""learning_rate"": 0.07, ""max_depth"": 5, ""min_child_weight"": 5, ""n_estimators"": 250, ""subsample"": 0.7}",4,2521,0.7881792939309797,0.015791975749960715,1.0519937781631672e+17,2374.4351995711604,0.06822027041488943,39.517402886840266
stage2,4422,58,0.52,74933,24,"{""atr_period"": 21, ""horizon_h"": 6, ""ma_windows"": [8, 24, 96], ""mtf_intervals"": [""1d""], ""ret_windows"": [1, 2, 4, 8, 24], ""rsi_period"": 14, ""target_threshold"": 0.004, ""vol_windows"": [12, 48]}","{""colsample_bytree"": 0.7, ""gamma"": 0.0, ""learning_rate"": 0.07, ""max_depth"": 5, ""min_child_weight"": 5, ""n_estimators"": 250, ""subsample"": 1.0}",4,4777,0.6918568138999373,0.011404258754966529,2.0502435015232446e+23,2374.4351995711604,0.1802875897112125,53.83199143249436
stage2,4422,58,0.55,74933,24,"{""atr_period"": 21, ""horizon_h"": 6, ""ma_windows"": [8, 24, 96], ""mtf_intervals"": [""1d""], ""ret_windows"": [1, 2, 4, 8, 24], ""rsi_period"": 14, ""target_threshold"": 0.004, ""vol_windows"": [12, 48]}","{""colsample_bytree"": 0.7, ""gamma"": 0.0, ""learning_rate"": 0.07, ""max_depth"": 5, ""min_child_weight"": 5, ""n_estimators"": 250, ""subsample"": 1.0}",4,4158,0.7171717171717171,0.012275642297222092,6.926097706394781e+21,2374.4351995711604,0.170964675094183,50.47604368051329
stage2,4422,58,0.58,74933,24,"{""atr_period"": 21, ""horizon_h"": 6, ""ma_windows"": [8, 24, 96], ""mtf_intervals"": [""1d""], ""ret_windows"": [1, 2, 4, 8, 24], ""rsi_period"": 14, ""target_threshold"": 0.004, ""vol_windows"": [12, 48]}","{""colsample_bytree"": 0.7, ""gamma"": 0.0, ""learning_rate"": 0.07, ""max_depth"": 5, ""min_child_weight"": 5, ""n_estimators"": 250, ""subsample"": 1.0}",4,3592,0.7366369710467706,0.013250787362557713,2.2987444354892592e+20,2374.4351995711604,0.0922060733109219,47.13327777522872
stage2,4422,58,0.6,74933,24,"{""atr_period"": 21, ""horizon_h"": 6, ""ma_windows"": [8, 24, 96], ""mtf_intervals"": [""1d""], ""ret_windows"": [1, 2, 4, 8, 24], ""rsi_period"": 14, ""target_threshold"": 0.004, ""vol_windows"": [12, 48]}","{""colsample_bytree"": 0.7, ""gamma"": 0.0, ""learning_rate"": 0.07, ""max_depth"": 5, ""min_child_weight"": 5, ""n_estimators"": 250, ""subsample"": 1.0}",4,3268,0.753671970624235,0.013980049470416377,3.477980944775667e+19,2374.4351995711604,0.08968932269287588,45.26550201493232
stage2,4422,58,0.62,74933,24,"{""atr_period"": 21, ""horizon_h"": 6, ""ma_windows"": [8, 24, 96], ""mtf_intervals"": [""1d""], ""ret_windows"": [1, 2, 4, 8, 24], ""rsi_period"": 14, ""target_threshold"": 0.004, ""vol_windows"": [12, 48]}","{""colsample_bytree"": 0.7, ""gamma"": 0.0, ""learning_rate"": 0.07, ""max_depth"": 5, ""min_child_weight"": 5, ""n_estimators"": 250, ""subsample"": 1.0}",4,2948,0.7659430122116689,0.014635616551654563,2.823264961070839e+18,2374.4351995711604,0.0631914748422353,42.78266928149886
stage2,4422,58,0.65,74933,24,"{""atr_period"": 21, ""horizon_h"": 6, ""ma_windows"": [8, 24, 96], ""mtf_intervals"": [""1d""], ""ret_windows"": [1, 2, 4, 8, 24], ""rsi_period"": 14, ""target_threshold"": 0.004, ""vol_windows"": [12, 48]}","{""colsample_bytree"": 0.7, ""gamma"": 0.0, ""learning_rate"": 0.07, ""max_depth"": 5, ""min_child_weight"": 5, ""n_estimators"": 250, ""subsample"": 1.0}",4,2485,0.787122736418511,0.015764713416106243,5.612969932402604e+16,2374.4351995711604,0.0631914748422352,38.89066162611454
stage2,4422,50,0.52,74933,24,"{""atr_period"": 21, ""horizon_h"": 6, ""ma_windows"": [8, 24, 96], ""mtf_intervals"": [""1d""], ""ret_windows"": [1, 2, 4, 8, 24], ""rsi_period"": 14, ""target_threshold"": 0.004, ""vol_windows"": [12, 48]}","{""colsample_bytree"": 0.7, ""gamma"": 0.0, ""learning_rate"": 0.07, ""max_depth"": 5, ""min_child_weight"": 5, ""n_estimators"": 250, ""subsample"": 0.7}",4,4753,0.6932463707132337,0.011493773156104134,2.4067147449756772e+23,2374.4351995711604,0.15141244619651473,54.00856083875801
stage2,4422,50,0.55,74933,24,"{""atr_period"": 21, ""horizon_h"": 6, ""ma_windows"": [8, 24, 96], ""mtf_intervals"": [""1d""], ""ret_windows"": [1, 2, 4, 8, 24], ""rsi_period"": 14, ""target_threshold"": 0.004, ""vol_windows"": [12, 48]}","{""colsample_bytree"": 0.7, ""gamma"": 0.0, ""learning_rate"": 0.07, ""max_depth"": 5, ""min_child_weight"": 5, ""n_estimators"": 250, ""subsample"": 0.7}",4,4158,0.7145262145262146,0.012378036818631316,1.057284451201535e+22,2374.4351995711604,0.12472793074441946,50.92085712917821
stage2,4422,50,0.58,74933,24,"{""atr_period"": 21, ""horizon_h"": 6, ""ma_windows"": [8, 24, 96], ""mtf_intervals"": [""1d""], ""ret_windows"": [1, 2, 4, 8, 24], ""rsi_period"": 14, ""target_threshold"": 0.004, ""vol_windows"": [12, 48]}","{""colsample_bytree"": 0.7, ""gamma"": 0.0, ""learning_rate"": 0.07, ""max_depth"": 5, ""min_child_weight"": 5, ""n_estimators"": 250, ""subsample"": 0.7}",4,3616,0.735066371681416,0.013258806722768034,3.244088916093791e+20,2374.4351995711604,0.08200283089379667,47.481658540838886
stage2,4422,50,0.6,74933,24,"{""atr_period"": 21, ""horizon_h"": 6, ""ma_windows"": [8, 24, 96], ""mtf_intervals"": [""1d""], ""ret_windows"": [1, 2, 4, 8, 24], ""rsi_period"": 14, ""target_threshold"": 0.004, ""vol_windows"": [12, 48]}","{""colsample_bytree"": 0.7, ""gamma"": 0.0, ""learning_rate"": 0.07, ""max_depth"": 5, ""min_child_weight"": 5, ""n_estimators"": 250, ""subsample"": 0.7}",4,3304,0.7463680387409201,0.013806141429797384,3.260788792648782e+19,2374.4351995711604,0.06319147484223542,45.20703371894286
stage2,4422,50,0.62,74933,24,"{""atr_period"": 21, ""horizon_h"": 6, ""ma_windows"": [8, 24, 96], ""mtf_intervals"": [""1d""], ""ret_windows"": [1, 2, 4, 8, 24], ""rsi_period"": 14, ""target_threshold"": 0.004, ""vol_windows"": [12, 48]}","{""colsample_bytree"": 0.7, ""gamma"": 0.0, ""learning_rate"": 0.07, ""max_depth"": 5, ""min_child_weight"": 5, ""n_estimators"": 250, ""subsample"": 0.7}",4,2975,0.7640336134453781,0.0145854101160472,3.6305783947395123e+18,2374.4351995711604,0.0631914748422353,43.03223808113409
stage2,4422,50,0.65,74933,24,"{""atr_period"": 21, ""horizon_h"": 6, ""ma_windows"": [8, 24, 96], ""mtf_intervals"": [""1d""], ""ret_windows"": [1, 2, 4, 8, 24], ""rsi_period"": 14, ""target_threshold"": 0.004, ""vol_windows"": [12, 48]}","{""colsample_bytree"": 0.7, ""gamma"": 0.0, ""learning_rate"": 0.07, ""max_depth"": 5, ""min_child_weight"": 5, ""n_estimators"": 250, ""subsample"": 0.7}",4,2534,0.7857142857142857,0.01568510215002497,9.88889964092235e+16,2374.4351995711604,0.06154078183779277,39.45605622243708
stage2,4422,48,0.52,74933,24,"{""atr_period"": 21, ""horizon_h"": 6, ""ma_windows"": [8, 24, 96], ""mtf_intervals"": [""1d""], ""ret_windows"": [1, 2, 4, 8, 24], ""rsi_period"": 14, ""target_threshold"": 0.004, ""vol_windows"": [12, 48]}","{""colsample_bytree"": 0.7, ""gamma"": 0.0, ""learning_rate"": 0.07, ""max_depth"": 5, ""min_child_weight"": 1, ""n_estimators"": 250, ""subsample"": 0.7}",4,4796,0.6934945788156798,0.01137390889358834,2.226979456777757e+23,2374.4351995711604,0.11847438823148537,53.946653042564165
stage2,4422,48,0.55,74933,24,"{""atr_period"": 21, ""horizon_h"": 6, ""ma_windows"": [8, 24, 96], ""mtf_intervals"": [""1d""], ""ret_windows"": [1, 2, 4, 8, 24], ""rsi_period"": 14, ""target_threshold"": 0.004, ""vol_windows"": [12, 48]}","{""colsample_bytree"": 0.7, ""gamma"": 0.0, ""learning_rate"": 0.07, ""max_depth"": 5, ""min_child_weight"": 1, ""n_estimators"": 250, ""subsample"": 0.7}",4,4208,0.7131653992395437,0.0121721027255792,8.322193171840634e+21,2374.4351995711604,0.11847438823148548,50.68188472243628
stage2,4422,48,0.58,74933,24,"{""atr_period"": 21, ""horizon_h"": 6, ""ma_windows"": [8, 24, 96], ""mtf_intervals"": [""1d""], ""ret_windows"": [1, 2, 4, 8, 24], ""rsi_period"": 14, ""target_threshold"": 0.004, ""vol_windows"": [12, 48]}","{""colsample_bytree"": 0.7, ""gamma"": 0.0, ""learning_rate"": 0.07, ""max_depth"": 5, ""min_child_weight"": 1, ""n_estimators"": 250, ""subsample"": 0.7}",4,3646,0.7325836533187055,0.013082289132363301,2.5538516430494754e+20,2374.4351995711604,0.08603062478818657,47.237014451046136
stage2,4422,48,0.6,74933,24,"{""atr_period"": 21, ""horizon_h"": 6, ""ma_windows"": [8, 24, 96], ""mtf_intervals"": [""1d""], ""ret_windows"": [1, 2, 4, 8, 24], ""rsi_period"": 14, ""target_threshold"": 0.004, ""vol_windows"": [12, 48]}","{""colsample_bytree"": 0.7, ""gamma"": 0.0, ""learning_rate"": 0.07, ""max_depth"": 5, ""min_child_weight"": 1, ""n_estimators"": 250, ""subsample"": 0.7}",4,3320,0.7448795180722891,0.013744143552369826,3.312084326716461e+19,2374.4351995711604,0.06159490451806282,45.221753774668635
stage2,4422,48,0.62,74933,24,"{""atr_period"": 21, ""horizon_h"": 6, ""ma_windows"": [8, 24, 96], ""mtf_intervals"": [""1d""], ""ret_windows"": [1, 2, 4, 8, 24], ""rsi_period"": 14, ""target_threshold"": 0.004, ""vol_windows"": [12, 48]}","{""colsample_bytree"": 0.7, ""gamma"": 0.0, ""learning_rate"": 0.07, ""max_depth"": 5, ""min_child_weight"": 1, ""n_estimators"": 250, ""subsample"": 0.7}",4,3002,0.7581612258494337,0.014405273830152856,3.1383357659418506e+18,2374.4351995711604,0.06154078183779277,42.88122510286292
stage2,4422,48,0.65,74933,24,"{""atr_period"": 21, ""horizon_h"": 6, ""ma_windows"": [8, 24, 96], ""mtf_intervals"": [""1d""], ""ret_windows"": [1, 2, 4, 8, 24], ""rsi_period"": 14, ""target_threshold"": 0.004, ""vol_windows"": [12, 48]}","{""colsample_bytree"": 0.7, ""gamma"": 0.0, ""learning_rate"": 0.07, ""max_depth"": 5, ""min_child_weight"": 1, ""n_estimators"": 250, ""subsample"": 0.7}",4,2527,0.7819548872180451,0.01563095849162973,7.746681872714448e+16,2374.4351995711604,0.06154078183779288,39.20846728092193
stage2,4422,57,0.52,74933,24,"{""atr_period"": 21, ""horizon_h"": 6, ""ma_windows"": [8, 24, 96], ""mtf_intervals"": [""1d""], ""ret_windows"": [1, 2, 4, 8, 24], ""rsi_period"": 14, ""target_threshold"": 0.004, ""vol_windows"": [12, 48]}","{""colsample_bytree"": 0.7, ""gamma"": 0.2, ""learning_rate"": 0.07, ""max_depth"": 5, ""min_child_weight"": 1, ""n_estimators"": 250, ""subsample"": 1.0}",4,4771,0.6958708866065815,0.011480484632739265,2.773638303188935e+23,2374.4351995711604,0.1298266129012534,54.16324434397105
stage2,4422,57,0.55,74933,24,"{""atr_period"": 21, ""horizon_h"": 6, ""ma_windows"": [8, 24, 96], ""mtf_intervals"": [""1d""], ""ret_windows"": [1, 2, 4, 8, 24], ""rsi_period"": 14, ""target_threshold"": 0.004, ""vol_windows"": [12, 48]}","{""colsample_bytree"": 0.7, ""gamma"": 0.2, ""learning_rate"": 0.07, ""max_depth"": 5, ""min_child_weight"": 1, ""n_estimators"": 250, ""subsample"": 1.0}",4,4170,0.7170263788968825,0.01234674504466869,1.0780187106319752e+22,2374.4351995711604,0.10246331362828764,50.95316028166735
stage2,4422,57,0.58,74933,24,"{""atr_period"": 21, ""horizon_h"": 6, ""ma_windows"": [8, 24, 96], ""mtf_intervals"": [""1d""], ""ret_windows"": [1, 2, 4, 8, 24], ""rsi_period"": 14, ""target_threshold"": 0.004, ""vol_windows"": [12, 48]}","{""colsample_bytree"": 0.7, ""gamma"": 0.2, ""learning_rate"": 0.07, ""max_depth"": 5, ""min_child_weight"": 1, ""n_estimators"": 250, ""subsample"": 1.0}",4,3612,0.7414174972314507,0.013282690475506296,3.3560305642519206e+20,2374.4351995711604,0.08968932269287588,47.5170116160328
stage2,4422,57,0.6,74933,24,"{""atr_period"": 21, ""horizon_h"": 6, ""ma_windows"": [8, 24, 96], ""mtf_intervals"": [""1d""], ""ret_windows"": [1, 2, 4, 8, 24], ""rsi_period"": 14, ""target_threshold"": 0.004, ""vol_windows"": [12, 48]}","{""colsample_bytree"": 0.7, ""gamma"": 0.2, ""learning_rate"": 0.07, ""max_depth"": 5, ""min_child_weight"": 1, ""n_estimators"": 250, ""subsample"": 1.0}",4,3266,0.7526025719534599,0.01395724371221946,3.151998647262776e+19,2374.4351995711604,0.08263081178940745,45.16957811108033
stage2,4422,57,0.62,74933,24,"{""atr_period"": 21, ""horizon_h"": 6, ""ma_windows"": [8, 24, 96], ""mtf_intervals"": [""1d""], ""ret_windows"": [1, 2, 4, 8, 24], ""rsi_period"": 14, ""target_threshold"": 0.004, ""vol_windows"": [12, 48]}","{""colsample_bytree"": 0.7, ""gamma"": 0.2, ""learning_rate"": 0.07, ""max_depth"": 5, ""min_child_weight"": 1, ""n_estimators"": 250, ""subsample"": 1.0}",4,2937,0.7626830098740212,0.014572318560611643,2.011318798778127e+18,2374.4351995711604,0.06822027041488932,42.43793712078374
stage2,4422,57,0.65,74933,24,"{""atr_period"": 21, ""horizon_h"": 6, ""ma_windows"": [8, 24, 96], ""mtf_intervals"": [""1d""], ""ret_windows"": [1, 2, 4, 8, 24], ""rsi_period"": 14, ""target_threshold"": 0.004, ""vol_windows"": [12, 48]}","{""colsample_bytree"": 0.7, ""gamma"": 0.2, ""learning_rate"": 0.07, ""max_depth"": 5, ""min_child_weight"": 1, ""n_estimators"": 250, ""subsample"": 1.0}",4,2486,0.7807723250201126,0.015609699541210803,3.8996961870385464e+16,2374.4351995711604,0.06822027041488943,38.5176454583849
stage2,4422,61,0.52,74933,24,"{""atr_period"": 21, ""horizon_h"": 6, ""ma_windows"": [8, 24, 96], ""mtf_intervals"": [""1d""], ""ret_windows"": [1, 2, 4, 8, 24], ""rsi_period"": 14, ""target_threshold"": 0.004, ""vol_windows"": [12, 48]}","{""colsample_bytree"": 1.0, ""gamma"": 0.2, ""learning_rate"": 0.07, ""max_depth"": 5, ""min_child_weight"": 1, ""n_estimators"": 250, ""subsample"": 1.0}",4,4869,0.6923392893818032,0.01138656095812696,5.3346769951475e+23,2374.4351995711604,0.1188817645295952,54.81920851419985
stage2,4422,61,0.55,74933,24,"{""atr_period"": 21, ""horizon_h"": 6, ""ma_windows"": [8, 24, 96], ""mtf_intervals"": [""1d""], ""ret_windows"": [1, 2, 4, 8, 24], ""rsi_period"": 14, ""target_threshold"": 0.004, ""vol_windows"": [12, 48]}","{""colsample_bytree"": 1.0, ""gamma"": 0.2, ""learning_rate"": 0.07, ""max_depth"": 5, ""min_child_weight"": 1, ""n_estimators"": 250, ""subsample"": 1.0}",4,4253,0.7204326357865036,0.012416577077062648,3.961239511270761e+22,2374.4351995711604,0.1188817645295952,52.24966687303621
stage2,4422,61,0.58,74933,24,"{""atr_period"": 21, ""horizon_h"": 6, ""ma_windows"": [8, 24, 96], ""mtf_intervals"": [""1d""], ""ret_windows"": [1, 2, 4, 8, 24], ""rsi_period"": 14, ""target_threshold"": 0.004, ""vol_windows"": [12, 48]}","{""colsample_bytree"": 1.0, ""gamma"": 0.2, ""learning_rate"": 0.07, ""max_depth"": 5, ""min_child_weight"": 1, ""n_estimators"": 250, ""subsample"": 1.0}",4,3686,0.7428106348345089,0.013307007727805078,9.678289052700475e+20,2374.4351995711604,0.09502760175667169,48.57477776360477
stage2,4422,61,0.6,74933,24,"{""atr_period"": 21, ""horizon_h"": 6, ""ma_windows"": [8, 24, 96], ""mtf_intervals"": [""1d""], ""ret_windows"": [1, 2, 4, 8, 24], ""rsi_period"": 14, ""target_threshold"": 0.004, ""vol_windows"": [12, 48]}","{""colsample_bytree"": 1.0, ""gamma"": 0.2, ""learning_rate"": 0.07, ""max_depth"": 5, ""min_child_weight"": 1, ""n_estimators"": 250, ""subsample"": 1.0}",4,3346,0.7543335325762104,0.013957938779366278,9.497826831535576e+19,2374.4351995711604,0.08263081178940745,46.273994715151034
stage2,4422,61,0.62,74933,24,"{""atr_period"": 21, ""horizon_h"": 6, ""ma_windows"": [8, 24, 96], ""mtf_intervals"": [""1d""], ""ret_windows"": [1, 2, 4, 8, 24], ""rsi_period"": 14, ""target_threshold"": 0.004, ""vol_windows"": [12, 48]}","{""colsample_bytree"": 1.0, ""gamma"": 0.2, ""learning_rate"": 0.07, ""max_depth"": 5, ""min_child_weight"": 1, ""n_estimators"": 250, ""subsample"": 1.0}",4,3057,0.7608766764802094,0.01455625062891332,1.0730471618980628e+19,2374.4351995711604,0.08129552715551192,44.1041227655139
stage2,4422,61,0.65,74933,24,"{""atr_period"": 21, ""horizon_h"": 6, ""ma_windows"": [8, 24, 96], ""mtf_intervals"": [""1d""], ""ret_windows"": [1, 2, 4, 8, 24], ""rsi_period"": 14, ""target_threshold"": 0.004, ""vol_windows"": [12, 48]}","{""colsample_bytree"": 1.0, ""gamma"": 0.2, ""learning_rate"": 0.07, ""max_depth"": 5, ""min_child_weight"": 1, ""n_estimators"": 250, ""subsample"": 1.0}",4,2607,0.7779056386651323,0.015523266238431466,1.998352127534941e+17,2374.4351995711604,0.07092643614738747,40.14731690837003
stage2,4422,38,0.52,74933,24,"{""atr_period"": 21, ""horizon_h"": 6, ""ma_windows"": [8, 24, 96], ""mtf_intervals"": [""1d""], ""ret_windows"": [1, 2, 4, 8, 24], ""rsi_period"": 14, ""target_threshold"": 0.004, ""vol_windows"": [12, 48]}","{""colsample_bytree"": 1.0, ""gamma"": 0.0, ""learning_rate"": 0.03, ""max_depth"": 5, ""min_child_weight"": 5, ""n_estimators"": 250, ""subsample"": 0.7}",4,4572,0.7023184601924759,0.01185963558860691,1.5974893567125694e+23,2374.4351995711604,0.1298266129012534,53.61970893005787
stage2,4422,38,0.55,74933,24,"{""atr_period"": 21, ""horizon_h"": 6, ""ma_windows"": [8, 24, 96], ""mtf_intervals"": [""1d""], ""ret_windows"": [1, 2, 4, 8, 24], ""rsi_period"": 14, ""target_threshold"": 0.004, ""vol_windows"": [12, 48]}","{""colsample_bytree"": 1.0, ""gamma"": 0.0, ""learning_rate"": 0.03, ""max_depth"": 5, ""min_child_weight"": 5, ""n_estimators"": 250, ""subsample"": 0.7}",4,3959,0.7239201818641071,0.012741370513976185,3.826786771629989e+21,2374.4351995711604,0.12982661290125308,49.912466244072654
stage2,4422,38,0.58,74933,24,"{""atr_period"": 21, ""horizon_h"": 6, ""ma_windows"": [8, 24, 96], ""mtf_intervals"": [""1d""], ""ret_windows"": [1, 2, 4, 8, 24], ""rsi_period"": 14, ""target_threshold"": 0.004, ""vol_windows"": [12, 48]}","{""colsample_bytree"": 1.0, ""gamma"": 0.0, ""learning_rate"": 0.03, ""max_depth"": 5, ""min_child_weight"": 5, ""n_estimators"": 250, ""subsample"": 0.7}",4,3402,0.7469135802469136,0.013734603674277344,9.731424624475356e+19,2374.4351995711604,0.10246331362828776,46.2806531048153
stage2,4422,38,0.6,74933,24,"{""atr_period"": 21, ""horizon_h"": 6, ""ma_windows"": [8, 24, 96], ""mtf_intervals"": [""1d""], ""ret_windows"": [1, 2, 4, 8, 24], ""rsi_period"": 14, ""target_threshold"": 0.004, ""vol_windows"": [12, 48]}","{""colsample_bytree"": 1.0, ""gamma"": 0.0, ""learning_rate"": 0.03, ""max_depth"": 5, ""min_child_weight"": 5, ""n_estimators"": 250, ""subsample"": 0.7}",4,3054,0.7616240995415848,0.01450771203583624,8.887942072820873e+18,2374.4351995711604,0.08968932269287588,43.91174352332304
stage2,4422,38,0.62,74933,24,"{""atr_period"": 21, ""horizon_h"": 6, ""ma_windows"": [8, 24, 96], ""mtf_intervals"": [""1d""], ""ret_windows"": [1, 2, 4, 8, 24], ""rsi_period"": 14, ""target_threshold"": 0.004, ""vol_windows"": [12, 48]}","{""colsample_bytree"": 1.0, ""gamma"": 0.0, ""learning_rate"": 0.03, ""max_depth"": 5, ""min_child_weight"": 5, ""n_estimators"": 250, ""subsample"": 0.7}",4,2709,0.775562938353636,0.015312772608307008,5.450565461617301e+17,2374.4351995711604,0.089689322692876,41.13777380881993
stage2,4422,38,0.65,74933,24,"{""atr_period"": 21, ""horizon_h"": 6, ""ma_windows"": [8, 24, 96], ""mtf_intervals"": [""1d""], ""ret_windows"": [1, 2, 4, 8, 24], ""rsi_period"": 14, ""target_threshold"": 0.004, ""vol_windows"": [12, 48]}","{""colsample_bytree"": 1.0, ""gamma"": 0.0, ""learning_rate"": 0.03, ""max_depth"": 5, ""min_child_weight"": 5, ""n_estimators"": 250, ""subsample"": 0.7}",4,2243,0.7953633526526973,0.016494828744998795,6506127737707672.0,2374.4351995711604,0.07092643614738758,36.74430695060905
stage2,4422,36,0.52,74933,24,"{""atr_period"": 21, ""horizon_h"": 6, ""ma_windows"": [8, 24, 96], ""mtf_intervals"": [""1d""], ""ret_windows"": [1, 2, 4, 8, 24], ""rsi_period"": 14, ""target_threshold"": 0.004, ""vol_windows"": [12, 48]}","{""colsample_bytree"": 1.0, ""gamma"": 0.0, ""learning_rate"": 0.03, ""max_depth"": 5, ""min_child_weight"": 1, ""n_estimators"": 250, ""subsample"": 0.7}",4,4614,0.7028608582574772,0.011812273388568684,2.115152560577812e+23,2374.4351995711604,0.1298266129012533,53.900457648684664
stage2,4422,36,0.55,74933,24,"{""atr_period"": 21, ""horizon_h"": 6, ""ma_windows"": [8, 24, 96], ""mtf_intervals"": [""1d""], ""ret_windows"": [1, 2, 4, 8, 24], ""rsi_period"": 14, ""target_threshold"": 0.004, ""vol_windows"": [12, 48]}","{""colsample_bytree"": 1.0, ""gamma"": 0.0, ""learning_rate"": 0.03, ""max_depth"": 5, ""min_child_weight"": 1, ""n_estimators"": 250, ""subsample"": 0.7}",4,3982,0.7277749874434958,0.012752636446086943,5.34312625263027e+21,2374.4351995711604,0.1298266129012533,50.249425650183916
stage2,4422,36,0.58,74933,24,"{""atr_period"": 21, ""horizon_h"": 6, ""ma_windows"": [8, 24, 96], ""mtf_intervals"": [""1d""], ""ret_windows"": [1, 2, 4, 8, 24], ""rsi_period"": 14, ""target_threshold"": 0.004, ""vol_windows"": [12, 48]}","{""colsample_bytree"": 1.0, ""gamma"": 0.0, ""learning_rate"": 0.03, ""max_depth"": 5, ""min_child_weight"": 1, ""n_estimators"": 250, ""subsample"": 0.7}",4,3427,0.7449664429530202,0.01369612182878148,1.1972176373819379e+20,2374.4351995711604,0.10246331362828776,46.48601256114072
stage2,4422,36,0.6,74933,24,"{""atr_period"": 21, ""horizon_h"": 6, ""ma_windows"": [8, 24, 96], ""mtf_intervals"": [""1d""], ""ret_windows"": [1, 2, 4, 8, 24], ""rsi_period"": 14, ""target_threshold"": 0.004, ""vol_windows"": [12, 48]}","{""colsample_bytree"": 1.0, ""gamma"": 0.0, ""learning_rate"": 0.03, ""max_depth"": 5, ""min_child_weight"": 1, ""n_estimators"": 250, ""subsample"": 0.7}",4,3041,0.7602762249260112,0.014412873247252432,5.56174585889508e+18,2374.4351995711604,0.089689322692876,43.441123040837354
stage2,4422,36,0.62,74933,24,"{""atr_period"": 21, ""horizon_h"": 6, ""ma_windows"": [8, 24, 96], ""mtf_intervals"": [""1d""], ""ret_windows"": [1, 2, 4, 8, 24], ""rsi_period"": 14, ""target_threshold"": 0.004, ""vol_windows"": [12, 48]}","{""colsample_bytree"": 1.0, ""gamma"": 0.0, ""learning_rate"": 0.03, ""max_depth"": 5, ""min_child_weight"": 1, ""n_estimators"": 250, ""subsample"": 0.7}",4,2705,0.7741219963031424,0.015246047129239739,4.2997833175593216e+17,2374.4351995711604,0.08968932269287588,40.89893252379333
stage2,4422,36,0.65,74933,24,"{""atr_period"": 21, ""horizon_h"": 6, ""ma_windows"": [8, 24, 96], ""mtf_intervals"": [""1d""], ""ret_windows"": [1, 2, 4, 8, 24], ""rsi_period"": 14, ""target_threshold"": 0.004, ""vol_windows"": [12, 48]}","{""colsample_bytree"": 1.0, ""gamma"": 0.0, ""learning_rate"": 0.03, ""max_depth"": 5, ""min_child_weight"": 1, ""n_estimators"": 250, ""subsample"": 0.7}",4,2260,0.7951327433628319,0.0163996101309356,6942626795667819.0,2374.4351995711604,0.07092643614738758,36.80829645629678
stage2,4422,32,0.52,74933,24,"{""atr_period"": 21, ""horizon_h"": 6, ""ma_windows"": [8, 24, 96], ""mtf_intervals"": [""1d""], ""ret_windows"": [1, 2, 4, 8, 24], ""rsi_period"": 14, ""target_threshold"": 0.004, ""vol_windows"": [12, 48]}","{""colsample_bytree"": 0.7, ""gamma"": 0.0, ""learning_rate"": 0.03, ""max_depth"": 5, ""min_child_weight"": 1, ""n_estimators"": 250, ""subsample"": 0.7}",4,4459,0.7055393586005831,0.011948151856586197,6.292439186398245e+22,2374.4351995711604,0.170964675094183,52.67075519357774
stage2,4422,32,0.55,74933,24,"{""atr_period"": 21, ""horizon_h"": 6, ""ma_windows"": [8, 24, 96], ""mtf_intervals"": [""1d""], ""ret_windows"": [1, 2, 4, 8, 24], ""rsi_period"": 14, ""target_threshold"": 0.004, ""vol_windows"": [12, 48]}","{""colsample_bytree"": 0.7, ""gamma"": 0.0, ""learning_rate"": 0.03, ""max_depth"": 5, ""min_child_weight"": 1, ""n_estimators"": 250, ""subsample"": 0.7}",4,3846,0.7251690067602704,0.012846238132749379,1.3729576191604288e+21,2374.4351995711604,0.1298266129012534,48.88924601587726
stage2,4422,32,0.58,74933,24,"{""atr_period"": 21, ""horizon_h"": 6, ""ma_windows"": [8, 24, 96], ""mtf_intervals"": [""1d""], ""ret_windows"": [1, 2, 4, 8, 24], ""rsi_period"": 14, ""target_threshold"": 0.004, ""vol_windows"": [12, 48]}","{""colsample_bytree"": 0.7, ""gamma"": 0.0, ""learning_rate"": 0.03, ""max_depth"": 5, ""min_child_weight"": 1, ""n_estimators"": 250, ""subsample"": 0.7}",4,3246,0.7467652495378928,0.01388479181152718,1.8849051696313532e+19,2374.4351995711604,0.1298266129012533,44.62657150630539
stage2,4422,32,0.6,74933,24,"{""atr_period"": 21, ""horizon_h"": 6, ""ma_windows"": [8, 24, 96], ""mtf_intervals"": [""1d""], ""ret_windows"": [1, 2, 4, 8, 24], ""rsi_period"": 14, ""target_threshold"": 0.004, ""vol_windows"": [12, 48]}","{""colsample_bytree"": 0.7, ""gamma"": 0.0, ""learning_rate"": 0.03, ""max_depth"": 5, ""min_child_weight"": 1, ""n_estimators"": 250, ""subsample"": 0.7}",4,2902,0.7594762232942798,0.014616334247108159,1.3670602120879352e+18,2374.4351995711604,0.1298266129012532,42.01879262370844
stage2,4422,32,0.62,74933,24,"{""atr_period"": 21, ""horizon_h"": 6, ""ma_windows"": [8, 24, 96], ""mtf_intervals"": [""1d""], ""ret_windows"": [1, 2, 4, 8, 24], ""rsi_period"": 14, ""target_threshold"": 0.004, ""vol_windows"": [12, 48]}","{""colsample_bytree"": 0.7, ""gamma"": 0.0, ""learning_rate"": 0.03, ""max_depth"": 5, ""min_child_weight"": 1, ""n_estimators"": 250, ""subsample"": 0.7}",4,2586,0.7672080433101315,0.015337741254522018,8.993434047801405e+16,2374.4351995711604,0.0847763951431213,39.3319364158581
stage2,4422,32,0.65,74933,24,"{""atr_period"": 21, ""horizon_h"": 6, ""ma_windows"": [8, 24, 96], ""mtf_intervals"": [""1d""], ""ret_windows"": [1, 2, 4, 8, 24], ""rsi_period"": 14, ""target_threshold"": 0.004, ""vol_windows"": [12, 48]}","{""colsample_bytree"": 0.7, ""gamma"": 0.0, ""learning_rate"": 0.03, ""max_depth"": 5, ""min_child_weight"": 1, ""n_estimators"": 250, ""subsample"": 0.7}",4,2119,0.7942425672487022,0.016707974673698046,1339650320438423.0,2374.4351995711604,0.06154078183779299,35.16947248019181
stage2,4422,42,0.52,74933,24,"{""atr_period"": 21, ""horizon_h"": 6, ""ma_windows"": [8, 24, 96], ""mtf_intervals"": [""1d""], ""ret_windows"": [1, 2, 4, 8, 24], ""rsi_period"": 14, ""target_threshold"": 0.004, ""vol_windows"": [12, 48]}","{""colsample_bytree"": 0.7, ""gamma"": 0.0, ""learning_rate"": 0.03, ""max_depth"": 5, ""min_child_weight"": 5, ""n_estimators"": 250, ""subsample"": 1.0}",4,4447,0.7042950303575444,0.011872514591485538,3.9143516402953935e+22,2374.4351995711604,0.1298266129012533,52.215024587044404
stage2,4422,42,0.55,74933,24,"{""atr_period"": 21, ""horizon_h"": 6, ""ma_windows"": [8, 24, 96], ""mtf_intervals"": [""1d""], ""ret_windows"": [1, 2, 4, 8, 24], ""rsi_period"": 14, ""target_threshold"": 0.004, ""vol_windows"": [12, 48]}","{""colsample_bytree"": 0.7, ""gamma"": 0.0, ""learning_rate"": 0.03, ""max_depth"": 5, ""min_child_weight"": 5, ""n_estimators"": 250, ""subsample"": 1.0}",4,3809,0.7274875295353112,0.012872990217967404,9.497403287783408e+20,2374.4351995711604,0.12982661290125286,48.52278092191704
stage2,4422,42,0.58,74933,24,"{""atr_period"": 21, ""horizon_h"": 6, ""ma_windows"": [8, 24, 96], ""mtf_intervals"": [""1d""], ""ret_windows"": [1, 2, 4, 8, 24], ""rsi_period"": 14, ""target_threshold"": 0.004, ""vol_windows"": [12, 48]}","{""colsample_bytree"": 0.7, ""gamma"": 0.0, ""learning_rate"": 0.03, ""max_depth"": 5, ""min_child_weight"": 5, ""n_estimators"": 250, ""subsample"": 1.0}",4,3253,0.7476175837688288,0.013926757098449281,2.3724836297688846e+19,2374.4351995711604,0.10246331362828753,44.871330585361484
stage2,4422,42,0.6,74933,24,"{""atr_period"": 21, ""horizon_h"": 6, ""ma_windows"": [8, 24, 96], ""mtf_intervals"": [""1d""], ""ret_windows"": [1, 2, 4, 8, 24], ""rsi_period"": 14, ""target_threshold"": 0.004, ""vol_windows"": [12, 48]}","{""colsample_bytree"": 0.7, ""gamma"": 0.0, ""learning_rate"": 0.03, ""max_depth"": 5, ""min_child_weight"": 5, ""n_estimators"": 250, ""subsample"": 1.0}",4,2906,0.7601514108740537,0.014678349929671292,1.7299068252608684e+18,2374.4351995711604,0.09220607331092212,42.27404411420254
stage2,4422,42,0.62,74933,24,"{""atr_period"": 21, ""horizon_h"": 6, ""ma_windows"": [8, 24, 96], ""mtf_intervals"": [""1d""], ""ret_windows"": [1, 2, 4, 8, 24], ""rsi_period"": 14, ""target_threshold"": 0.004, ""vol_windows"": [12, 48]}","{""colsample_bytree"": 0.7, ""gamma"": 0.0, ""learning_rate"": 0.03, ""max_depth"": 5, ""min_child_weight"": 5, ""n_estimators"": 250, ""subsample"": 1.0}",4,2580,0.774031007751938,0.015440291365584953,1.0674441985340254e+17,2374.4351995711604,0.08477639514312107,39.50957271217177
stage2,4422,42,0.65,74933,24,"{""atr_period"": 21, ""horizon_h"": 6, ""ma_windows"": [8, 24, 96], ""mtf_intervals"": [""1d""], ""ret_windows"": [1, 2, 4, 8, 24], ""rsi_period"": 14, ""target_threshold"": 0.004, ""vol_windows"": [12, 48]}","{""colsample_bytree"": 0.7, ""gamma"": 0.0, ""learning_rate"": 0.03, ""max_depth"": 5, ""min_child_weight"": 5, ""n_estimators"": 250, ""subsample"": 1.0}",4,2087,0.8001916626736943,0.016861586522041633,1086537449805206.9,2374.4351995711604,0.06154078183779277,34.96604801472488
stage2,4422,44,0.52,74933,24,"{""atr_period"": 21, ""horizon_h"": 6, ""ma_windows"": [8, 24, 96], ""mtf_intervals"": [""1d""], ""ret_windows"": [1, 2, 4, 8, 24], ""rsi_period"": 14, ""target_threshold"": 0.004, ""vol_windows"": [12, 48]}","{""colsample_bytree"": 1.0, ""gamma"": 0.0, ""learning_rate"": 0.03, ""max_depth"": 5, ""min_child_weight"": 1, ""n_estimators"": 250, ""subsample"": 1.0}",4,4583,0.7019419594152302,0.011716725917515493,9.51595145247355e+22,2374.4351995711604,0.17096467509418312,53.07964657394827
stage2,4422,44,0.55,74933,24,"{""atr_period"": 21, ""horizon_h"": 6, ""ma_windows"": [8, 24, 96], ""mtf_intervals"": [""1d""], ""ret_windows"": [1, 2, 4, 8, 24], ""rsi_period"": 14, ""target_threshold"": 0.004, ""vol_windows"": [12, 48]}","{""colsample_bytree"": 1.0, ""gamma"": 0.0, ""learning_rate"": 0.03, ""max_depth"": 5, ""min_child_weight"": 1, ""n_estimators"": 250, ""subsample"": 1.0}",4,3913,0.7291081012011245,0.012868357031844444,3.496456110686057e+21,2374.4351995711604,0.10364237021668421,49.84044902070893
stage2,4422,44,0.58,74933,24,"{""atr_period"": 21, ""horizon_h"": 6, ""ma_windows"": [8, 24, 96], ""mtf_intervals"": [""1d""], ""ret_windows"": [1, 2, 4, 8, 24], ""rsi_period"": 14, ""target_threshold"": 0.004, ""vol_windows"": [12, 48]}","{""colsample_bytree"": 1.0, ""gamma"": 0.0, ""learning_rate"": 0.03, ""max_depth"": 5, ""min_child_weight"": 1, ""n_estimators"": 250, ""subsample"": 1.0}",4,3333,0.7521752175217522,0.013901769802684101,6.578200646796978e+19,2374.4351995711604,0.10246331362828731,45.8946006925188
stage2,4422,44,0.6,74933,24,"{""atr_period"": 21, ""horizon_h"": 6, ""ma_windows"": [8, 24, 96], ""mtf_intervals"": [""1d""], ""ret_windows"": [1, 2, 4, 8, 24], ""rsi_period"": 14, ""target_threshold"": 0.004, ""vol_windows"": [12, 48]}","{""colsample_bytree"": 1.0, ""gamma"": 0.0, ""learning_rate"": 0.03, ""max_depth"": 5, ""min_child_weight"": 1, ""n_estimators"": 250, ""subsample"": 1.0}",4,2974,0.7652992602555481,0.014692314331479878,4.831172504145605e+18,2374.4351995711604,0.08968932269287588,43.306554128088536
stage2,4422,44,0.62,74933,24,"{""atr_period"": 21, ""horizon_h"": 6, ""ma_windows"": [8, 24, 96], ""mtf_intervals"": [""1d""], ""ret_windows"": [1, 2, 4, 8, 24], ""rsi_period"": 14, ""target_threshold"": 0.004, ""vol_windows"": [12, 48]}","{""colsample_bytree"": 1.0, ""gamma"": 0.0, ""learning_rate"": 0.03, ""max_depth"": 5, ""min_child_weight"": 1, ""n_estimators"": 250, ""subsample"": 1.0}",4,2636,0.7773141122913505,0.015531395266910789,3.180744524992197e+17,2374.4351995711604,0.08263081178940757,40.60584892371703
stage2,4422,44,0.65,74933,24,"{""atr_period"": 21, ""horizon_h"": 6, ""ma_windows"": [8, 24, 96], ""mtf_intervals"": [""1d""], ""ret_windows"": [1, 2, 4, 8, 24], ""rsi_period"": 14, ""target_threshold"": 0.004, ""vol_windows"": [12, 48]}","{""colsample_bytree"": 1.0, ""gamma"": 0.0, ""learning_rate"": 0.03, ""max_depth"": 5, ""min_child_weight"": 1, ""n_estimators"": 250, ""subsample"": 1.0}",4,2166,0.8028624192059095,0.01688310070575374,4234351597652003.0,2374.4351995711604,0.0709264361473877,36.32389812859874
stage2,4422,23,0.52,74933,24,"{""atr_period"": 21, ""horizon_h"": 6, ""ma_windows"": [8, 24, 96], ""mtf_intervals"": [""1d""], ""ret_windows"": [1, 2, 4, 8, 24], ""rsi_period"": 14, ""target_threshold"": 0.004, ""vol_windows"": [12, 48]}","{""colsample_bytree"": 1.0, ""gamma"": 0.2, ""learning_rate"": 0.07, ""max_depth"": 3, ""min_child_weight"": 5, ""n_estimators"": 250, ""subsample"": 0.7}",4,4312,0.6943413729128015,0.011851838016666952,7.298098277743256e+21,2374.4351995711604,0.14128490619962597,50.521546106556286
stage2,4422,23,0.55,74933,24,"{""atr_period"": 21, ""horizon_h"": 6, ""ma_windows"": [8, 24, 96], ""mtf_intervals"": [""1d""], ""ret_windows"": [1, 2, 4, 8, 24], ""rsi_period"": 14, ""target_threshold"": 0.004, ""vol_windows"": [12, 48]}","{""colsample_bytree"": 1.0, ""gamma"": 0.2, ""learning_rate"": 0.07, ""max_depth"": 3, ""min_child_weight"": 5, ""n_estimators"": 250, ""subsample"": 0.7}",4,3721,0.7156678312281645,0.012784838051343058,2.2236317349868906e+20,2374.4351995711604,0.14128490619962608,47.05501415206523
stage2,4422,23,0.58,74933,24,"{""atr_period"": 21, ""horizon_h"": 6, ""ma_windows"": [8, 24, 96], ""mtf_intervals"": [""1d""], ""ret_windows"": [1, 2, 4, 8, 24], ""rsi_period"": 14, ""target_threshold"": 0.004, ""vol_windows"": [12, 48]}","{""colsample_bytree"": 1.0, ""gamma"": 0.2, ""learning_rate"": 0.07, ""max_depth"": 3, ""min_child_weight"": 5, ""n_estimators"": 250, ""subsample"": 0.7}",4,3121,0.7356616469080423,0.013867041682105948,3.196184503146876e+18,2374.4351995711604,0.10246331362828764,42.85672342369485
stage2,4422,23,0.6,74933,24,"{""atr_period"": 21, ""horizon_h"": 6, ""ma_windows"": [8, 24, 96], ""mtf_intervals"": [""1d""], ""ret_windows"": [1, 2, 4, 8, 24], ""rsi_period"": 14, ""target_threshold"": 0.004, ""vol_windows"": [12, 48]}","{""colsample_bytree"": 1.0, ""gamma"": 0.2, ""learning_rate"": 0.07, ""max_depth"": 3, ""min_child_weight"": 5, ""n_estimators"": 250, ""subsample"": 0.7}",4,2782,0.7473040977713875,0.014551815946373713,2.01515488880829e+17,2374.4351995711604,0.10246331362828798,40.107668790212124
stage2,4422,23,0.62,74933,24,"{""atr_period"": 21, ""horizon_h"": 6, ""ma_windows"": [8, 24, 96], ""mtf_intervals"": [""1d""], ""ret_windows"": [1, 2, 4, 8, 24], ""rsi_period"": 14, ""target_threshold"": 0.004, ""vol_windows"": [12, 48]}","{""colsample_bytree"": 1.0, ""gamma"": 0.2, ""learning_rate"": 0.07, ""max_depth"": 3, ""min_child_weight"": 5, ""n_estimators"": 250, ""subsample"": 0.7}",4,2460,0.7613821138211382,0.015432066588604519,1.6648678304953398e+16,2374.4351995711604,0.10246331362828753,37.63243779405401
stage2,4422,23,0.65,74933,24,"{""atr_period"": 21, ""horizon_h"": 6, ""ma_windows"": [8, 24, 96], ""mtf_intervals"": [""1d""], ""ret_windows"": [1, 2, 4, 8, 24], ""rsi_period"": 14, ""target_threshold"": 0.004, ""vol_windows"": [12, 48]}","{""colsample_bytree"": 1.0, ""gamma"": 0.2, ""learning_rate"": 0.07, ""max_depth"": 3, ""min_child_weight"": 5, ""n_estimators"": 250, ""subsample"": 0.7}",4,2021,0.7783275606135577,0.016634740827565497,228878043080639.78,2374.4351995711604,0.07092643614738736,33.384487171691795
stage2,5574,51,0.52,74318,24,"{""atr_period"": 14, ""horizon_h"": 6, ""ma_windows"": [6, 18, 72], ""mtf_intervals"": [""1d""], ""ret_windows"": [1, 2, 4, 8, 24], ""rsi_period"": 7, ""target_threshold"": 0.004, ""vol_windows"": [24, 48]}","{""colsample_bytree"": 0.7, ""gamma"": 0.2, ""learning_rate"": 0.07, ""max_depth"": 5, ""min_child_weight"": 5, ""n_estimators"": 250, ""subsample"": 0.7}",4,4771,0.6872773003563194,0.011219900062351068,8.081442555271168e+22,831.2673808836377,0.13803269267428397,52.91700713098164
stage2,5574,51,0.55,74318,24,"{""atr_period"": 14, ""horizon_h"": 6, ""ma_windows"": [6, 18, 72], ""mtf_intervals"": [""1d""], ""ret_windows"": [1, 2, 4, 8, 24], ""rsi_period"": 7, ""target_threshold"": 0.004, ""vol_windows"": [24, 48]}","{""colsample_bytree"": 0.7, ""gamma"": 0.2, ""learning_rate"": 0.07, ""max_depth"": 5, ""min_child_weight"": 5, ""n_estimators"": 250, ""subsample"": 0.7}",4,4184,0.7105640535372849,0.012050984333368923,3.758432242432262e+21,831.2673808836377,0.13803269267428409,49.87413163768581
stage2,5574,51,0.58,74318,24,"{""atr_period"": 14, ""horizon_h"": 6, ""ma_windows"": [6, 18, 72], ""mtf_intervals"": [""1d""], ""ret_windows"": [1, 2, 4, 8, 24], ""rsi_period"": 7, ""target_threshold"": 0.004, ""vol_windows"": [24, 48]}","{""colsample_bytree"": 0.7, ""gamma"": 0.2, ""learning_rate"": 0.07, ""max_depth"": 5, ""min_child_weight"": 5, ""n_estimators"": 250, ""subsample"": 0.7}",4,3586,0.7350808700501952,0.013074784797919724,1.1404177730912916e+20,831.2673808836377,0.1256789786432767,46.412920007880274
stage2,5574,51,0.6,74318,24,"{""atr_period"": 14, ""horizon_h"": 6, ""ma_windows"": [6, 18, 72], ""mtf_intervals"": [""1d""], ""ret_windows"": [1, 2, 4, 8, 24], ""rsi_period"": 7, ""target_threshold"": 0.004, ""vol_windows"": [24, 48]}","{""colsample_bytree"": 0.7, ""gamma"": 0.2, ""learning_rate"": 0.07, ""max_depth"": 5, ""min_child_weight"": 5, ""n_estimators"": 250, ""subsample"": 0.7}",4,3248,0.7447660098522167,0.013692937070491002,1.0487977593125362e+19,831.2673808836377,0.09398504840013067,44.05512506416788
stage2,5574,51,0.62,74318,24,"{""atr_period"": 14, ""horizon_h"": 6, ""ma_windows"": [6, 18, 72], ""mtf_intervals"": [""1d""], ""ret_windows"": [1, 2, 4, 8, 24], ""rsi_period"": 7, ""target_threshold"": 0.004, ""vol_windows"": [24, 48]}","{""colsample_bytree"": 0.7, ""gamma"": 0.2, ""learning_rate"": 0.07, ""max_depth"": 5, ""min_child_weight"": 5, ""n_estimators"": 250, ""subsample"": 0.7}",4,2902,0.7636113025499656,0.014456533568203433,8.710587045990351e+17,831.2673808836377,0.09398504840013067,41.58803455495792
stage2,5574,51,0.65,74318,24,"{""atr_period"": 14, ""horizon_h"": 6, ""ma_windows"": [6, 18, 72], ""mtf_intervals"": [""1d""], ""ret_windows"": [1, 2, 4, 8, 24], ""rsi_period"": 7, ""target_threshold"": 0.004, ""vol_windows"": [24, 48]}","{""colsample_bytree"": 0.7, ""gamma"": 0.2, ""learning_rate"": 0.07, ""max_depth"": 5, ""min_child_weight"": 5, ""n_estimators"": 250, ""subsample"": 0.7}",4,2429,0.7859201317414574,0.01554234716057519,1.3967074282669522e+16,831.2673808836377,0.08263081178940745,37.48723859444453
stage2,5574,58,0.52,74318,24,"{""atr_period"": 14, ""horizon_h"": 6, ""ma_windows"": [6, 18, 72], ""mtf_intervals"": [""1d""], ""ret_windows"": [1, 2, 4, 8, 24], ""rsi_period"": 7, ""target_threshold"": 0.004, ""vol_windows"": [24, 48]}","{""colsample_bytree"": 0.7, ""gamma"": 0.0, ""learning_rate"": 0.07, ""max_depth"": 5, ""min_child_weight"": 5, ""n_estimators"": 250, ""subsample"": 1.0}",4,4714,0.6885871871022486,0.011275299822908395,5.5793401715524505e+22,831.2673808836377,0.1298266129012532,52.55210140825899
stage2,5574,58,0.55,74318,24,"{""atr_period"": 14, ""horizon_h"": 6, ""ma_windows"": [6, 18, 72], ""mtf_intervals"": [""1d""], ""ret_windows"": [1, 2, 4, 8, 24], ""rsi_period"": 7, ""target_threshold"": 0.004, ""vol_windows"": [24, 48]}","{""colsample_bytree"": 0.7, ""gamma"": 0.0, ""learning_rate"": 0.07, ""max_depth"": 5, ""min_child_weight"": 5, ""n_estimators"": 250, ""subsample"": 1.0}",4,4107,0.7107377647918188,0.012182382462434358,2.5589808875324514e+21,831.2673808836377,0.1298266129012534,49.49503200638191
stage2,5574,58,0.58,74318,24,"{""atr_period"": 14, ""horizon_h"": 6, ""ma_windows"": [6, 18, 72], ""mtf_intervals"": [""1d""], ""ret_windows"": [1, 2, 4, 8, 24], ""rsi_period"": 7, ""target_threshold"": 0.004, ""vol_windows"": [24, 48]}","{""colsample_bytree"": 0.7, ""gamma"": 0.0, ""learning_rate"": 0.07, ""max_depth"": 5, ""min_child_weight"": 5, ""n_estimators"": 250, ""subsample"": 1.0}",4,3539,0.7355185080531224,0.01318256404678245,9.045474734288108e+19,831.2673808836377,0.1298266129012533,46.180343382548024
stage2,5574,58,0.6,74318,24,"{""atr_period"": 14, ""horizon_h"": 6, ""ma_windows"": [6, 18, 72], ""mtf_intervals"": [""1d""], ""ret_windows"": [1, 2, 4, 8, 24], ""rsi_period"": 7, ""target_threshold"": 0.004, ""vol_windows"": [24, 48]}","{""colsample_bytree"": 0.7, ""gamma"": 0.0, ""learning_rate"": 0.07, ""max_depth"": 5, ""min_child_weight"": 5, ""n_estimators"": 250, ""subsample"": 1.0}",4,3187,0.7496077816128021,0.013858999667234563,7.753915723749124e+18,831.2673808836377,0.1044971044270383,43.75303931475182
stage2,5574,58,0.62,74318,24,"{""atr_period"": 14, ""horizon_h"": 6, ""ma_windows"": [6, 18, 72], ""mtf_intervals"": [""1d""], ""ret_windows"": [1, 2, 4, 8, 24], ""rsi_period"": 7, ""target_threshold"": 0.004, ""vol_windows"": [24, 48]}","{""colsample_bytree"": 0.7, ""gamma"": 0.0, ""learning_rate"": 0.07, ""max_depth"": 5, ""min_child_weight"": 5, ""n_estimators"": 250, ""subsample"": 1.0}",4,2853,0.7623554153522608,0.014525925261007759,5.249987840705798e+17,831.2673808836377,0.09398504840013056,41.0812715516134
stage2,5574,58,0.65,74318,24,"{""atr_period"": 14, ""horizon_h"": 6, ""ma_windows"": [6, 18, 72], ""mtf_intervals"": [""1d""], ""ret_windows"": [1, 2, 4, 8, 24], ""rsi_period"": 7, ""target_threshold"": 0.004, ""vol_windows"": [24, 48]}","{""colsample_bytree"": 0.7, ""gamma"": 0.0, ""learning_rate"": 0.07, ""max_depth"": 5, ""min_child_weight"": 5, ""n_estimators"": 250, ""subsample"": 1.0}",4,2416,0.7893211920529801,0.01566132666834384,1.5058033094998516e+16,831.2673808836377,0.07092643614738747,37.57197235308658
stage2,5574,50,0.52,74318,24,"{""atr_period"": 14, ""horizon_h"": 6, ""ma_windows"": [6, 18, 72], ""mtf_intervals"": [""1d""], ""ret_windows"": [1, 2, 4, 8, 24], ""rsi_period"": 7, ""target_threshold"": 0.004, ""vol_windows"": [24, 48]}","{""colsample_bytree"": 0.7, ""gamma"": 0.0, ""learning_rate"": 0.07, ""max_depth"": 5, ""min_child_weight"": 5, ""n_estimators"": 250, ""subsample"": 0.7}",4,4753,0.6867241742057648,0.011166826523165353,5.139354544489562e+22,831.2673808836377,0.20574704495756846,52.429639971520004
stage2,5574,50,0.55,74318,24,"{""atr_period"": 14, ""horizon_h"": 6, ""ma_windows"": [6, 18, 72], ""mtf_intervals"": [""1d""], ""ret_windows"": [1, 2, 4, 8, 24], ""rsi_period"": 7, ""target_threshold"": 0.004, ""vol_windows"": [24, 48]}","{""colsample_bytree"": 0.7, ""gamma"": 0.0, ""learning_rate"": 0.07, ""max_depth"": 5, ""min_child_weight"": 5, ""n_estimators"": 250, ""subsample"": 0.7}",4,4198,0.7115292996665079,0.012024114823518154,3.958451837137374e+21,831.2673808836377,0.13803269267428386,49.926539963466766
stage2,5574,50,0.58,74318,24,"{""atr_period"": 14, ""horizon_h"": 6, ""ma_windows"": [6, 18, 72], ""mtf_intervals"": [""1d""], ""ret_windows"": [1, 2, 4, 8, 24], ""rsi_period"": 7, ""target_threshold"": 0.004, ""vol_windows"": [24, 48]}","{""colsample_bytree"": 0.7, ""gamma"": 0.0, ""learning_rate"": 0.07, ""max_depth"": 5, ""min_child_weight"": 5, ""n_estimators"": 250, ""subsample"": 0.7}",4,3559,0.7355998876088788,0.013140259983646183,1.0108715263085083e+20,831.2673808836377,0.13803269267428386,46.28710035960649
stage2,5574,50,0.6,74318,24,"{""atr_period"": 14, ""horizon_h"": 6, ""ma_windows"": [6, 18, 72], ""mtf_intervals"": [""1d""], ""ret_windows"": [1, 2, 4, 8, 24], ""rsi_period"": 7, ""target_threshold"": 0.004, ""vol_windows"": [24, 48]}","{""colsample_bytree"": 0.7, ""gamma"": 0.0, ""learning_rate"": 0.07, ""max_depth"": 5, ""min_child_weight"": 5, ""n_estimators"": 250, ""subsample"": 0.7}",4,3225,0.7463565891472869,0.01368646088090832,7.574284915535575e+18,831.2673808836377,0.10678658164305055,43.72447428778645
stage2,5574,50,0.62,74318,24,"{""atr_period"": 14, ""horizon_h"": 6, ""ma_windows"": [6, 18, 72], ""mtf_intervals"": [""1d""], ""ret_windows"": [1, 2, 4, 8, 24], ""rsi_period"": 7, ""target_threshold"": 0.004, ""vol_windows"": [24, 48]}","{""colsample_bytree"": 0.7, ""gamma"": 0.0, ""learning_rate"": 0.07, ""max_depth"": 5, ""min_child_weight"": 5, ""n_estimators"": 250, ""subsample"": 0.7}",4,2892,0.7617565698478561,0.014401389184981602,6.500258318552518e+17,831.2673808836377,0.09015169082008134,41.29532902227457
stage2,5574,50,0.65,74318,24,"{""atr_period"": 14, ""horizon_h"": 6, ""ma_windows"": [6, 18, 72], ""mtf_intervals"": [""1d""], ""ret_windows"": [1, 2, 4, 8, 24], ""rsi_period"": 7, ""target_threshold"": 0.004, ""vol_windows"": [24, 48]}","{""colsample_bytree"": 0.7, ""gamma"": 0.0, ""learning_rate"": 0.07, ""max_depth"": 5, ""min_child_weight"": 5, ""n_estimators"": 250, ""subsample"": 0.7}",4,2433,0.7838060008220304,0.015478467597004445,1.274206603370389e+16,831.2673808836377,0.09015169082008123,37.38948189698088
stage2,5574,48,0.52,74318,24,"{""atr_period"": 14, ""horizon_h"": 6, ""ma_windows"": [6, 18, 72], ""mtf_intervals"": [""1d""], ""ret_windows"": [1, 2, 4, 8, 24], ""rsi_period"": 7, ""target_threshold"": 0.004, ""vol_windows"": [24, 48]}","{""colsample_bytree"": 0.7, ""gamma"": 0.0, ""learning_rate"": 0.07, ""max_depth"": 5, ""min_child_weight"": 1, ""n_estimators"": 250, ""subsample"": 0.7}",4,4758,0.6908364859184531,0.011224480853168031,7.171247710685419e+22,831.2673808836377,0.13409529450999302,52.80236909187293
stage2,5574,48,0.55,74318,24,"{""atr_period"": 14, ""horizon_h"": 6, ""ma_windows"": [6, 18, 72], ""mtf_intervals"": [""1d""], ""ret_windows"": [1, 2, 4, 8, 24], ""rsi_period"": 7, ""target_threshold"": 0.004, ""vol_windows"": [24, 48]}","{""colsample_bytree"": 0.7, ""gamma"": 0.0, ""learning_rate"": 0.07, ""max_depth"": 5, ""min_child_weight"": 1, ""n_estimators"": 250, ""subsample"": 0.7}",4,4142,0.712216320618059,0.012151998794309908,3.448935775525481e+21,831.2673808836377,0.1256789786432767,49.796502222996416
stage2,5574,48,0.58,74318,24,"{""atr_period"": 14, ""horizon_h"": 6, ""ma_windows"": [6, 18, 72], ""mtf_intervals"": [""1d""], ""ret_windows"": [1, 2, 4, 8, 24], ""rsi_period"": 7, ""target_threshold"": 0.004, ""vol_windows"": [24, 48]}","{""colsample_bytree"": 0.7, ""gamma"": 0.0, ""learning_rate"": 0.07, ""max_depth"": 5, ""min_child_weight"": 1, ""n_estimators"": 250, ""subsample"": 0.7}",4,3601,0.7331296861982782,0.013082482129057355,1.4267277239003695e+20,831.2673808836377,0.11267891743735681,46.641909524289574
stage2,5574,48,0.6,74318,24,"{""atr_period"": 14, ""horizon_h"": 6, ""ma_windows"": [6, 18, 72], ""mtf_intervals"": [""1d""], ""ret_windows"": [1, 2, 4, 8, 24], ""rsi_period"": 7, ""target_threshold"": 0.004, ""vol_windows"": [24, 48]}","{""colsample_bytree"": 0.7, ""gamma"": 0.0, ""learning_rate"": 0.07, ""max_depth"": 5, ""min_child_weight"": 1, ""n_estimators"": 250, ""subsample"": 0.7}",4,3260,0.745398773006135,0.013694822601387347,1.2495776313725606e+19,831.2673808836377,0.11267891743735681,44.22146050669711
stage2,5574,48,0.62,74318,24,"{""atr_period"": 14, ""horizon_h"": 6, ""ma_windows"": [6, 18, 72], ""mtf_intervals"": [""1d""], ""ret_windows"": [1, 2, 4, 8, 24], ""rsi_period"": 7, ""target_threshold"": 0.004, ""vol_windows"": [24, 48]}","{""colsample_bytree"": 0.7, ""gamma"": 0.0, ""learning_rate"": 0.07, ""max_depth"": 5, ""min_child_weight"": 1, ""n_estimators"": 250, ""subsample"": 0.7}",4,2887,0.7616903359889158,0.014535240722697641,8.835169074735873e+17,831.2673808836377,0.08263081178940723,41.60700561209073
stage2,5574,48,0.65,74318,24,"{""atr_period"": 14, ""horizon_h"": 6, ""ma_windows"": [6, 18, 72], ""mtf_intervals"": [""1d""], ""ret_windows"": [1, 2, 4, 8, 24], ""rsi_period"": 7, ""target_threshold"": 0.004, ""vol_windows"": [24, 48]}","{""colsample_bytree"": 0.7, ""gamma"": 0.0, ""learning_rate"": 0.07, ""max_depth"": 5, ""min_child_weight"": 1, ""n_estimators"": 250, ""subsample"": 0.7}",4,2456,0.7829804560260586,0.01555431370677809,2.152238692934885e+16,831.2673808836377,0.08263081178940734,37.91737350942512
stage2,5574,57,0.52,74318,24,"{""atr_period"": 14, ""horizon_h"": 6, ""ma_windows"": [6, 18, 72], ""mtf_intervals"": [""1d""], ""ret_windows"": [1, 2, 4, 8, 24], ""rsi_period"": 7, ""target_threshold"": 0.004, ""vol_windows"": [24, 48]}","{""colsample_bytree"": 0.7, ""gamma"": 0.2, ""learning_rate"": 0.07, ""max_depth"": 5, ""min_child_weight"": 1, ""n_estimators"": 250, ""subsample"": 1.0}",4,4769,0.6909205284126652,0.011294731970858427,1.1299811884411481e+23,831.2673808836377,0.13803269267428397,53.25573605621137
stage2,5574,57,0.55,74318,24,"{""atr_period"": 14, ""horizon_h"": 6, ""ma_windows"": [6, 18, 72], ""mtf_intervals"": [""1d""], ""ret_windows"": [1, 2, 4, 8, 24], ""rsi_period"": 7, ""target_threshold"": 0.004, ""vol_windows"": [24, 48]}","{""colsample_bytree"": 0.7, ""gamma"": 0.2, ""learning_rate"": 0.07, ""max_depth"": 5, ""min_child_weight"": 1, ""n_estimators"": 250, ""subsample"": 1.0}",4,4160,0.7091346153846154,0.012065479505223464,3.0118439286601595e+21,831.2673808836377,0.13803269267428397,49.651654626968536
stage2,5574,57,0.58,74318,24,"{""atr_period"": 14, ""horizon_h"": 6, ""ma_windows"": [6, 18, 72], ""mtf_intervals"": [""1d""], ""ret_windows"": [1, 2, 4, 8, 24], ""rsi_period"": 7, ""target_threshold"": 0.004, ""vol_windows"": [24, 48]}","{""colsample_bytree"": 0.7, ""gamma"": 0.2, ""learning_rate"": 0.07, ""max_depth"": 5, ""min_child_weight"": 1, ""n_estimators"": 250, ""subsample"": 1.0}",4,3552,0.7317004504504504,0.012947133278712565,4.713802301460718e+19,831.2673808836377,0.13803269267428409,45.519532712178766
stage2,5574,57,0.6,74318,24,"{""atr_period"": 14, ""horizon_h"": 6, ""ma_windows"": [6, 18, 72], ""mtf_intervals"": [""1d""], ""ret_windows"": [1, 2, 4, 8, 24], ""rsi_period"": 7, ""target_threshold"": 0.004, ""vol_windows"": [24, 48]}","{""colsample_bytree"": 0.7, ""gamma"": 0.2, ""learning_rate"": 0.07, ""max_depth"": 5, ""min_child_weight"": 1, ""n_estimators"": 250, ""subsample"": 1.0}",4,3190,0.7523510971786834,0.013755960876877998,5.862697818603771e+18,831.2673808836377,0.13803269267428409,43.45805376856218
stage2,5574,57,0.62,74318,24,"{""atr_period"": 14, ""horizon_h"": 6, ""ma_windows"": [6, 18, 72], ""mtf_intervals"": [""1d""], ""ret_windows"": [1, 2, 4, 8, 24], ""rsi_period"": 7, ""target_threshold"": 0.004, ""vol_windows"": [24, 48]}","{""colsample_bytree"": 0.7, ""gamma"": 0.2, ""learning_rate"": 0.07, ""max_depth"": 5, ""min_child_weight"": 1, ""n_estimators"": 250, ""subsample"": 1.0}",4,2889,0.7642782969885774,0.014370597272970832,5.7090936712103155e+17,831.2673808836377,0.12513030546126214,41.14982912842916
stage2,5574,57,0.65,74318,24,"{""atr_period"": 14, ""horizon_h"": 6, ""ma_windows"": [6, 18, 72], ""mtf_intervals"": [""1d""], ""ret_windows"": [1, 2, 4, 8, 24], ""rsi_period"": 7, ""target_threshold"": 0.004, ""vol_windows"": [24, 48]}","{""colsample_bytree"": 0.7, ""gamma"": 0.2, ""learning_rate"": 0.07, ""max_depth"": 5, ""min_child_weight"": 1, ""n_estimators"": 250, ""subsample"": 1.0}",4,2405,0.7837837837837838,0.015607152696526605,1.1172039369838414e+16,831.2673808836377,0.08263081178940734,37.26275940966602
stage2,5574,61,0.52,74318,24,"{""atr_period"": 14, ""horizon_h"": 6, ""ma_windows"": [6, 18, 72], ""mtf_intervals"": [""1d""], ""ret_windows"": [1, 2, 4, 8, 24], ""rsi_period"": 7, ""target_threshold"": 0.004, ""vol_windows"": [24, 48]}","{""colsample_bytree"": 1.0, ""gamma"": 0.2, ""learning_rate"": 0.07, ""max_depth"": 5, ""min_child_weight"": 1, ""n_estimators"": 250, ""subsample"": 1.0}",4,4795,0.6907194994786235,0.011169402269417927,8.332654799860334e+22,831.2673808836377,0.18188126947447614,52.92804433773822
stage2,5574,61,0.55,74318,24,"{""atr_period"": 14, ""horizon_h"": 6, ""ma_windows"": [6, 18, 72], ""mtf_intervals"": [""1d""], ""ret_windows"": [1, 2, 4, 8, 24], ""rsi_period"": 7, ""target_threshold"": 0.004, ""vol_windows"": [24, 48]}","{""colsample_bytree"": 1.0, ""gamma"": 0.2, ""learning_rate"": 0.07, ""max_depth"": 5, ""min_child_weight"": 1, ""n_estimators"": 250, ""subsample"": 1.0}",4,4159,0.713873527290214,0.012074208034021485,3.0798409246202077e+21,831.2673808836377,0.17096467509418312,49.66137504923332
stage2,5574,61,0.58,74318,24,"{""atr_period"": 14, ""horizon_h"": 6, ""ma_windows"": [6, 18, 72], ""mtf_intervals"": [""1d""], ""ret_windows"": [1, 2, 4, 8, 24], ""rsi_period"": 7, ""target_threshold"": 0.004, ""vol_windows"": [24, 48]}","{""colsample_bytree"": 1.0, ""gamma"": 0.2, ""learning_rate"": 0.07, ""max_depth"": 5, ""min_child_weight"": 1, ""n_estimators"": 250, ""subsample"": 1.0}",4,3595,0.7329624478442281,0.013021773486241684,1.0720467542994905e+20,831.2673808836377,0.17096467509418312,46.32633334428203
stage2,5574,61,0.6,74318,24,"{""atr_period"": 14, ""horizon_h"": 6, ""ma_windows"": [6, 18, 72], ""mtf_intervals"": [""1d""], ""ret_windows"": [1, 2, 4, 8, 24], ""rsi_period"": 7, ""target_threshold"": 0.004, ""vol_windows"": [24, 48]}","{""colsample_bytree"": 1.0, ""gamma"": 0.2, ""learning_rate"": 0.07, ""max_depth"": 5, ""min_child_weight"": 1, ""n_estimators"": 250, ""subsample"": 1.0}",4,3258,0.7476979742173112,0.013675068276888443,1.1506794388155503e+19,831.2673808836377,0.11744206402674362,44.138307244735685
stage2,5574,61,0.62,74318,24,"{""atr_period"": 14, ""horizon_h"": 6, ""ma_windows"": [6, 18, 72], ""mtf_intervals"": [""1d""], ""ret_windows"": [1, 2, 4, 8, 24], ""rsi_period"": 7, ""target_threshold"": 0.004, ""vol_windows"": [24, 48]}","{""colsample_bytree"": 1.0, ""gamma"": 0.2, ""learning_rate"": 0.07, ""max_depth"": 5, ""min_child_weight"": 1, ""n_estimators"": 250, ""subsample"": 1.0}",4,2924,0.7582079343365253,0.014142849797266351,4.889173398607924e+17,831.2673808836377,0.08968932269287588,41.00583431545826
stage2,5574,61,0.65,74318,24,"{""atr_period"": 14, ""horizon_h"": 6, ""ma_windows"": [6, 18, 72], ""mtf_intervals"": [""1d""], ""ret_windows"": [1, 2, 4, 8, 24], ""rsi_period"": 7, ""target_threshold"": 0.004, ""vol_windows"": [24, 48]}","{""colsample_bytree"": 1.0, ""gamma"": 0.2, ""learning_rate"": 0.07, ""max_depth"": 5, ""min_child_weight"": 1, ""n_estimators"": 250, ""subsample"": 1.0}",4,2485,0.7835010060362173,0.01532016458522123,1.9046644157687796e+16,831.2673808836377,0.08263081178940745,37.79371403688006
stage2,5574,38,0.52,74318,24,"{""atr_period"": 14, ""horizon_h"": 6, ""ma_windows"": [6, 18, 72], ""mtf_intervals"": [""1d""], ""ret_windows"": [1, 2, 4, 8, 24], ""rsi_period"": 7, ""target_threshold"": 0.004, ""vol_windows"": [24, 48]}","{""colsample_bytree"": 1.0, ""gamma"": 0.0, ""learning_rate"": 0.03, ""max_depth"": 5, ""min_child_weight"": 5, ""n_estimators"": 250, ""subsample"": 0.7}",4,4504,0.7007104795737122,0.01171725141632283,3.853896431573916e+22,831.2673808836377,0.1298266129012533,52.195349831069095
stage2,5574,38,0.55,74318,24,"{""atr_period"": 14, ""horizon_h"": 6, ""ma_windows"": [6, 18, 72], ""mtf_intervals"": [""1d""], ""ret_windows"": [1, 2, 4, 8, 24], ""rsi_period"": 7, ""target_threshold"": 0.004, ""vol_windows"": [24, 48]}","{""colsample_bytree"": 1.0, ""gamma"": 0.0, ""learning_rate"": 0.03, ""max_depth"": 5, ""min_child_weight"": 5, ""n_estimators"": 250, ""subsample"": 0.7}",4,3914,0.7225344915687276,0.012646975891887464,1.5156954327240776e+21,831.2673808836377,0.1298266129012534,48.984451411954055
stage2,5574,38,0.58,74318,24,"{""atr_period"": 14, ""horizon_h"": 6, ""ma_windows"": [6, 18, 72], ""mtf_intervals"": [""1d""], ""ret_windows"": [1, 2, 4, 8, 24], ""rsi_period"": 7, ""target_threshold"": 0.004, ""vol_windows"": [24, 48]}","{""colsample_bytree"": 1.0, ""gamma"": 0.0, ""learning_rate"": 0.03, ""max_depth"": 5, ""min_child_weight"": 5, ""n_estimators"": 250, ""subsample"": 0.7}",4,3374,0.7436277415530528,0.013617446399246154,4.5016695384425275e+19,831.2673808836377,0.1298266129012534,45.49249356138506
stage2,5574,38,0.6,74318,24,"{""atr_period"": 14, ""horizon_h"": 6, ""ma_windows"": [6, 18, 72], ""mtf_intervals"": [""1d""], ""ret_windows"": [1, 2, 4, 8, 24], ""rsi_period"": 7, ""target_threshold"": 0.004, ""vol_windows"": [24, 48]}","{""colsample_bytree"": 1.0, ""gamma"": 0.0, ""learning_rate"": 0.03, ""max_depth"": 5, ""min_child_weight"": 5, ""n_estimators"": 250, ""subsample"": 0.7}",4,2983,0.7576265504525646,0.01439714256667596,2.312636632787635e+18,831.2673808836377,0.1174420640267434,42.547477295882636
stage2,5574,38,0.62,74318,24,"{""atr_period"": 14, ""horizon_h"": 6, ""ma_windows"": [6, 18, 72], ""mtf_intervals"": [""1d""], ""ret_windows"": [1, 2, 4, 8, 24], ""rsi_period"": 7, ""target_threshold"": 0.004, ""vol_windows"": [24, 48]}","{""colsample_bytree"": 1.0, ""gamma"": 0.0, ""learning_rate"": 0.03, ""max_depth"": 5, ""min_child_weight"": 5, ""n_estimators"": 250, ""subsample"": 0.7}",4,2660,0.775187969924812,0.015255271274350083,2.2401597972961786e+17,831.2673808836377,0.08968932269287577,40.24784166708815
stage2,5574,38,0.65,74318,24,"{""atr_period"": 14, ""horizon_h"": 6, ""ma_windows"": [6, 18, 72], ""mtf_intervals"": [""1d""], ""ret_windows"": [1, 2, 4, 8, 24], ""rsi_period"": 7, ""target_threshold"": 0.004, ""vol_windows"": [24, 48]}","{""colsample_bytree"": 1.0, ""gamma"": 0.0, ""learning_rate"": 0.03, ""max_depth"": 5, ""min_child_weight"": 5, ""n_estimators"": 250, ""subsample"": 0.7}",4,2176,0.8023897058823529,0.016491598356664694,2166693013537800.8,831.2673808836377,0.08263081178940734,35.6445075888291
stage2,5574,36,0.52,74318,24,"{""atr_period"": 14, ""horizon_h"": 6, ""ma_windows"": [6, 18, 72], ""mtf_intervals"": [""1d""], ""ret_windows"": [1, 2, 4, 8, 24], ""rsi_period"": 7, ""target_threshold"": 0.004, ""vol_windows"": [24, 48]}","{""colsample_bytree"": 1.0, ""gamma"": 0.0, ""learning_rate"": 0.03, ""max_depth"": 5, ""min_child_weight"": 1, ""n_estimators"": 250, ""subsample"": 0.7}",4,4501,0.7025105532103977,0.011670789002651201,3.0170855196022423e+22,831.2673808836377,0.12982661290125308,51.951624799690364
stage2,5574,36,0.55,74318,24,"{""atr_period"": 14, ""horizon_h"": 6, ""ma_windows"": [6, 18, 72], ""mtf_intervals"": [""1d""], ""ret_windows"": [1, 2, 4, 8, 24], ""rsi_period"": 7, ""target_threshold"": 0.004, ""vol_windows"": [24, 48]}","{""colsample_bytree"": 1.0, ""gamma"": 0.0, ""learning_rate"": 0.03, ""max_depth"": 5, ""min_child_weight"": 1, ""n_estimators"": 250, ""subsample"": 0.7}",4,3891,0.7221793883320483,0.01266732461167303,1.2314878918934e+21,831.2673808836377,0.12982661290125308,48.77667886051461
stage2,5574,36,0.58,74318,24,"{""atr_period"": 14, ""horizon_h"": 6, ""ma_windows"": [6, 18, 72], ""mtf_intervals"": [""1d""], ""ret_windows"": [1, 2, 4, 8, 24], ""rsi_period"": 7, ""target_threshold"": 0.004, ""vol_windows"": [24, 48]}","{""colsample_bytree"": 1.0, ""gamma"": 0.0, ""learning_rate"": 0.03, ""max_depth"": 5, ""min_child_weight"": 1, ""n_estimators"": 250, ""subsample"": 0.7}",4,3356,0.7461263408820024,0.01366377167876289,4.128058220890071e+19,831.2673808836377,0.1298266129012533,45.40822183854954
stage2,5574,36,0.6,74318,24,"{""atr_period"": 14, ""horizon_h"": 6, ""ma_windows"": [6, 18, 72], ""mtf_intervals"": [""1d""], ""ret_windows"": [1, 2, 4, 8, 24], ""rsi_period"": 7, ""target_threshold"": 0.004, ""vol_windows"": [24, 48]}","{""colsample_bytree"": 1.0, ""gamma"": 0.0, ""learning_rate"": 0.03, ""max_depth"": 5, ""min_child_weight"": 1, ""n_estimators"": 250, ""subsample"": 0.7}",4,2990,0.7595317725752508,0.01439794074990529,2.5699601219185536e+18,831.2673808836377,0.10246331362828764,42.66199934316165
stage2,5574,36,0.62,74318,24,"{""atr_period"": 14, ""horizon_h"": 6, ""ma_windows"": [6, 18, 72], ""mtf_intervals"": [""1d""], ""ret_windows"": [1, 2, 4, 8, 24], ""rsi_period"": 7, ""target_threshold"": 0.004, ""vol_windows"": [24, 48]}","{""colsample_bytree"": 1.0, ""gamma"": 0.0, ""learning_rate"": 0.03, ""max_depth"": 5, ""min_child_weight"": 1, ""n_estimators"": 250, ""subsample"": 0.7}",4,2669,0.7736980142375421,0.01515815190443325,1.9828720481495632e+17,831.2673808836377,0.08263081178940734,40.12740112470297
stage2,5574,36,0.65,74318,24,"{""atr_period"": 14, ""horizon_h"": 6, ""ma_windows"": [6, 18, 72], ""mtf_intervals"": [""1d""], ""ret_windows"": [1, 2, 4, 8, 24], ""rsi_period"": 7, ""target_threshold"": 0.004, ""vol_windows"": [24, 48]}","{""colsample_bytree"": 1.0, ""gamma"": 0.0, ""learning_rate"": 0.03, ""max_depth"": 5, ""min_child_weight"": 1, ""n_estimators"": 250, ""subsample"": 0.7}",4,2221,0.7996398018910401,0.01653141487005503,4908475447011097.0,831.2673808836377,0.08263081178940745,36.46038754349029
stage2,5574,32,0.52,74318,24,"{""atr_period"": 14, ""horizon_h"": 6, ""ma_windows"": [6, 18, 72], ""mtf_intervals"": [""1d""], ""ret_windows"": [1, 2, 4, 8, 24], ""rsi_period"": 7, ""target_threshold"": 0.004, ""vol_windows"": [24, 48]}","{""colsample_bytree"": 0.7, ""gamma"": 0.0, ""learning_rate"": 0.03, ""max_depth"": 5, ""min_child_weight"": 1, ""n_estimators"": 250, ""subsample"": 0.7}",4,4417,0.7016074258546525,0.011769633470711941,1.7663734718852372e+22,831.2673808836377,0.14128490619962608,51.41060116002556
stage2,5574,32,0.55,74318,24,"{""atr_period"": 14, ""horizon_h"": 6, ""ma_windows"": [6, 18, 72], ""mtf_intervals"": [""1d""], ""ret_windows"": [1, 2, 4, 8, 24], ""rsi_period"": 7, ""target_threshold"": 0.004, ""vol_windows"": [24, 48]}","{""colsample_bytree"": 0.7, ""gamma"": 0.0, ""learning_rate"": 0.03, ""max_depth"": 5, ""min_child_weight"": 1, ""n_estimators"": 250, ""subsample"": 0.7}",4,3797,0.7271530155385831,0.012797159673886815,6.158764287834649e+20,831.2673808836377,0.1298266129012533,48.08876439805003
stage2,5574,32,0.58,74318,24,"{""atr_period"": 14, ""horizon_h"": 6, ""ma_windows"": [6, 18, 72], ""mtf_intervals"": [""1d""], ""ret_windows"": [1, 2, 4, 8, 24], ""rsi_period"": 7, ""target_threshold"": 0.004, ""vol_windows"": [24, 48]}","{""colsample_bytree"": 0.7, ""gamma"": 0.0, ""learning_rate"": 0.03, ""max_depth"": 5, ""min_child_weight"": 1, ""n_estimators"": 250, ""subsample"": 0.7}",4,3247,0.7465352633199877,0.013787507056560608,1.4027479506966317e+19,831.2673808836377,0.12513030546126191,44.33251301599414
stage2,5574,32,0.6,74318,24,"{""atr_period"": 14, ""horizon_h"": 6, ""ma_windows"": [6, 18, 72], ""mtf_intervals"": [""1d""], ""ret_windows"": [1, 2, 4, 8, 24], ""rsi_period"": 7, ""target_threshold"": 0.004, ""vol_windows"": [24, 48]}","{""colsample_bytree"": 0.7, ""gamma"": 0.0, ""learning_rate"": 0.03, ""max_depth"": 5, ""min_child_weight"": 1, ""n_estimators"": 250, ""subsample"": 0.7}",4,2889,0.7601246105919003,0.014577552642131491,1.0183787984049569e+18,831.2673808836377,0.12513030546126225,41.72689858028309
stage2,5574,32,0.62,74318,24,"{""atr_period"": 14, ""horizon_h"": 6, ""ma_windows"": [6, 18, 72], ""mtf_intervals"": [""1d""], ""ret_windows"": [1, 2, 4, 8, 24], ""rsi_period"": 7, ""target_threshold"": 0.004, ""vol_windows"": [24, 48]}","{""colsample_bytree"": 0.7, ""gamma"": 0.0, ""learning_rate"": 0.03, ""max_depth"": 5, ""min_child_weight"": 1, ""n_estimators"": 250, ""subsample"": 0.7}",4,2558,0.7752150117279124,0.015363687244783389,6.309198755082407e+16,831.2673808836377,0.09602929724673981,38.9784370349353
stage2,5574,32,0.65,74318,24,"{""atr_period"": 14, ""horizon_h"": 6, ""ma_windows"": [6, 18, 72], ""mtf_intervals"": [""1d""], ""ret_windows"": [1, 2, 4, 8, 24], ""rsi_period"": 7, ""target_threshold"": 0.004, ""vol_windows"": [24, 48]}","{""colsample_bytree"": 0.7, ""gamma"": 0.0, ""learning_rate"": 0.03, ""max_depth"": 5, ""min_child_weight"": 1, ""n_estimators"": 250, ""subsample"": 0.7}",4,2081,0.80634310427679,0.016917154681753338,1103733169072007.4,831.2673808836377,0.07092643614738747,34.982423121673335
stage2,5574,42,0.52,74318,24,"{""atr_period"": 14, ""horizon_h"": 6, ""ma_windows"": [6, 18, 72], ""mtf_intervals"": [""1d""], ""ret_windows"": [1, 2, 4, 8, 24], ""rsi_period"": 7, ""target_threshold"": 0.004, ""vol_windows"": [24, 48]}","{""colsample_bytree"": 0.7, ""gamma"": 0.0, ""learning_rate"": 0.03, ""max_depth"": 5, ""min_child_weight"": 5, ""n_estimators"": 250, ""subsample"": 1.0}",4,4424,0.7047920433996383,0.011831979604721753,2.5215266725572265e+22,831.2673808836377,0.14128490619962608,51.76958360485701
stage2,5574,42,0.55,74318,24,"{""atr_period"": 14, ""horizon_h"": 6, ""ma_windows"": [6, 18, 72], ""mtf_intervals"": [""1d""], ""ret_windows"": [1, 2, 4, 8, 24], ""rsi_period"": 7, ""target_threshold"": 0.004, ""vol_windows"": [24, 48]}","{""colsample_bytree"": 0.7, ""gamma"": 0.0, ""learning_rate"": 0.03, ""max_depth"": 5, ""min_child_weight"": 5, ""n_estimators"": 250, ""subsample"": 1.0}",4,3745,0.7308411214953271,0.012949293544671978,5.613328067063164e+20,831.2673808836377,0.1298266129012534,48.00019958095791
stage2,5574,42,0.58,74318,24,"{""atr_period"": 14, ""horizon_h"": 6, ""ma_windows"": [6, 18, 72], ""mtf_intervals"": [""1d""], ""ret_windows"": [1, 2, 4, 8, 24], ""rsi_period"": 7, ""target_threshold"": 0.004, ""vol_windows"": [24, 48]}","{""colsample_bytree"": 0.7, ""gamma"": 0.0, ""learning_rate"": 0.03, ""max_depth"": 5, ""min_child_weight"": 5, ""n_estimators"": 250, ""subsample"": 1.0}",4,3214,0.7451773490976976,0.013833983615958076,1.0362372656688945e+19,831.2673808836377,0.12982661290125352,44.02661334717399
stage2,5574,42,0.6,74318,24,"{""atr_period"": 14, ""horizon_h"": 6, ""ma_windows"": [6, 18, 72], ""mtf_intervals"": [""1d""], ""ret_windows"": [1, 2, 4, 8, 24], ""rsi_period"": 7, ""target_threshold"": 0.004, ""vol_windows"": [24, 48]}","{""colsample_bytree"": 0.7, ""gamma"": 0.0, ""learning_rate"": 0.03, ""max_depth"": 5, ""min_child_weight"": 5, ""n_estimators"": 250, ""subsample"": 1.0}",4,2853,0.7595513494567122,0.014612021262503366,6.6586714544657e+17,831.2673808836377,0.12513030546126203,41.30183866117534
stage2,5574,42,0.62,74318,24,"{""atr_period"": 14, ""horizon_h"": 6, ""ma_windows"": [6, 18, 72], ""mtf_intervals"": [""1d""], ""ret_windows"": [1, 2, 4, 8, 24], ""rsi_period"": 7, ""target_threshold"": 0.004, ""vol_windows"": [24, 48]}","{""colsample_bytree"": 0.7, ""gamma"": 0.0, ""learning_rate"": 0.03, ""max_depth"": 5, ""min_child_weight"": 5, ""n_estimators"": 250, ""subsample"": 1.0}",4,2522,0.7755749405233942,0.015435822498021157,4.369984470224295e+16,831.2673808836377,0.12513030546126214,38.597502322953744
stage2,5574,42,0.65,74318,24,"{""atr_period"": 14, ""horizon_h"": 6, ""ma_windows"": [6, 18, 72], ""mtf_intervals"": [""1d""], ""ret_windows"": [1, 2, 4, 8, 24], ""rsi_period"": 7, ""target_threshold"": 0.004, ""vol_windows"": [24, 48]}","{""colsample_bytree"": 0.7, ""gamma"": 0.0, ""learning_rate"": 0.03, ""max_depth"": 5, ""min_child_weight"": 5, ""n_estimators"": 250, ""subsample"": 1.0}",4,2085,0.7971223021582734,0.01675929095698737,852762645190100.9,831.2673808836377,0.07092643614738736,34.71581131714516
stage2,5574,44,0.52,74318,24,"{""atr_period"": 14, ""horizon_h"": 6, ""ma_windows"": [6, 18, 72], ""mtf_intervals"": [""1d""], ""ret_windows"": [1, 2, 4, 8, 24], ""rsi_period"": 7, ""target_threshold"": 0.004, ""vol_windows"": [24, 48]}","{""colsample_bytree"": 1.0, ""gamma"": 0.0, ""learning_rate"": 0.03, ""max_depth"": 5, ""min_child_weight"": 1, ""n_estimators"": 250, ""subsample"": 1.0}",4,4456,0.7010771992818672,0.011637259948641045,1.5441930001005446e+22,831.2673808836377,0.13803269267428409,51.27631698240233
stage2,5574,44,0.55,74318,24,"{""atr_period"": 14, ""horizon_h"": 6, ""ma_windows"": [6, 18, 72], ""mtf_intervals"": [""1d""], ""ret_windows"": [1, 2, 4, 8, 24], ""rsi_period"": 7, ""target_threshold"": 0.004, ""vol_windows"": [24, 48]}","{""colsample_bytree"": 1.0, ""gamma"": 0.0, ""learning_rate"": 0.03, ""max_depth"": 5, ""min_child_weight"": 1, ""n_estimators"": 250, ""subsample"": 1.0}",4,3861,0.7223517223517224,0.01264221586891014,7.672781075507144e+20,831.2673808836377,0.1298266129012532,48.303486799252546
stage2,5574,44,0.58,74318,24,"{""atr_period"": 14, ""horizon_h"": 6, ""ma_windows"": [6, 18, 72], ""mtf_intervals"": [""1d""], ""ret_windows"": [1, 2, 4, 8, 24], ""rsi_period"": 7, ""target_threshold"": 0.004, ""vol_windows"": [24, 48]}","{""colsample_bytree"": 1.0, ""gamma"": 0.0, ""learning_rate"": 0.03, ""max_depth"": 5, ""min_child_weight"": 1, ""n_estimators"": 250, ""subsample"": 1.0}",4,3289,0.7403466099118273,0.013655362299866544,1.6174983868557412e+19,831.2673808836377,0.12982661290125352,44.466604396849945
stage2,5574,44,0.6,74318,24,"{""atr_period"": 14, ""horizon_h"": 6, ""ma_windows"": [6, 18, 72], ""mtf_intervals"": [""1d""], ""ret_windows"": [1, 2, 4, 8, 24], ""rsi_period"": 7, ""target_threshold"": 0.004, ""vol_windows"": [24, 48]}","{""colsample_bytree"": 1.0, ""gamma"": 0.0, ""learning_rate"": 0.03, ""max_depth"": 5, ""min_child_weight"": 1, ""n_estimators"": 250, ""subsample"": 1.0}",4,2885,0.7594454072790294,0.014508905319852017,7.877044248534508e+17,831.2673808836377,0.09056270507392461,41.48624553488414
stage2,5574,44,0.62,74318,24,"{""atr_period"": 14, ""horizon_h"": 6, ""ma_windows"": [6, 18, 72], ""mtf_intervals"": [""1d""], ""ret_windows"": [1, 2, 4, 8, 24], ""rsi_period"": 7, ""target_threshold"": 0.004, ""vol_windows"": [24, 48]}","{""colsample_bytree"": 1.0, ""gamma"": 0.0, ""learning_rate"": 0.03, ""max_depth"": 5, ""min_child_weight"": 1, ""n_estimators"": 250, ""subsample"": 1.0}",4,2562,0.7685402029664324,0.015156687041461878,3.953616486070377e+16,831.2673808836377,0.09056270507392439,38.50679652020443
stage2,5574,44,0.65,74318,24,"{""atr_period"": 14, ""horizon_h"": 6, ""ma_windows"": [6, 18, 72], ""mtf_intervals"": [""1d""], ""ret_windows"": [1, 2, 4, 8, 24], ""rsi_period"": 7, ""target_threshold"": 0.004, ""vol_windows"": [24, 48]}","{""colsample_bytree"": 1.0, ""gamma"": 0.0, ""learning_rate"": 0.03, ""max_depth"": 5, ""min_child_weight"": 1, ""n_estimators"": 250, ""subsample"": 1.0}",4,2122,0.8034872761545712,0.016613828140652962,1163723324832478.5,831.2673808836377,0.07092643614738736,35.03063825049867
stage2,5574,23,0.52,74318,24,"{""atr_period"": 14, ""horizon_h"": 6, ""ma_windows"": [6, 18, 72], ""mtf_intervals"": [""1d""], ""ret_windows"": [1, 2, 4, 8, 24], ""rsi_period"": 7, ""target_threshold"": 0.004, ""vol_windows"": [24, 48]}","{""colsample_bytree"": 1.0, ""gamma"": 0.2, ""learning_rate"": 0.07, ""max_depth"": 3, ""min_child_weight"": 5, ""n_estimators"": 250, ""subsample"": 0.7}",4,4223,0.6983187307601232,0.011939085803588314,3.7082371312152693e+21,831.2673808836377,0.1454973785441026,49.8462625315432
stage2,5574,23,0.55,74318,24,"{""atr_period"": 14, ""horizon_h"": 6, ""ma_windows"": [6, 18, 72], ""mtf_intervals"": [""1d""], ""ret_windows"": [1, 2, 4, 8, 24], ""rsi_period"": 7, ""target_threshold"": 0.004, ""vol_windows"": [24, 48]}","{""colsample_bytree"": 1.0, ""gamma"": 0.2, ""learning_rate"": 0.07, ""max_depth"": 3, ""min_child_weight"": 5, ""n_estimators"": 250, ""subsample"": 0.7}",4,3644,0.718715697036224,0.012831798585006321,9.990866055175342e+19,831.2673808836377,0.1298266129012532,46.263501687857925
stage2,5574,23,0.58,74318,24,"{""atr_period"": 14, ""horizon_h"": 6, ""ma_windows"": [6, 18, 72], ""mtf_intervals"": [""1d""], ""ret_windows"": [1, 2, 4, 8, 24], ""rsi_period"": 7, ""target_threshold"": 0.004, ""vol_windows"": [24, 48]}","{""colsample_bytree"": 1.0, ""gamma"": 0.2, ""learning_rate"": 0.07, ""max_depth"": 3, ""min_child_weight"": 5, ""n_estimators"": 250, ""subsample"": 0.7}",4,3098,0.7336991607488702,0.01371848170823118,1.4814530678692675e+18,831.2673808836377,0.10246331362828776,42.08503060808106
stage2,5574,23,0.6,74318,24,"{""atr_period"": 14, ""horizon_h"": 6, ""ma_windows"": [6, 18, 72], ""mtf_intervals"": [""1d""], ""ret_windows"": [1, 2, 4, 8, 24], ""rsi_period"": 7, ""target_threshold"": 0.004, ""vol_windows"": [24, 48]}","{""colsample_bytree"": 1.0, ""gamma"": 0.2, ""learning_rate"": 0.07, ""max_depth"": 3, ""min_child_weight"": 5, ""n_estimators"": 250, ""subsample"": 0.7}",4,2750,0.7461818181818182,0.014431727012034462,9.193630616427398e+16,831.2673808836377,0.10246331362828787,39.3210400217188
stage2,5574,23,0.62,74318,24,"{""atr_period"": 14, ""horizon_h"": 6, ""ma_windows"": [6, 18, 72], ""mtf_intervals"": [""1d""], ""ret_windows"": [1, 2, 4, 8, 24], ""rsi_period"": 7, ""target_threshold"": 0.004, ""vol_windows"": [24, 48]}","{""colsample_bytree"": 1.0, ""gamma"": 0.2, ""learning_rate"": 0.07, ""max_depth"": 3, ""min_child_weight"": 5, ""n_estimators"": 250, ""subsample"": 0.7}",4,2418,0.7622001654259719,0.015365525188083371,7517351434818149.0,831.2673808836377,0.08477639514312107,36.8462864042916
stage2,5574,23,0.65,74318,24,"{""atr_period"": 14, ""horizon_h"": 6, ""ma_windows"": [6, 18, 72], ""mtf_intervals"": [""1d""], ""ret_windows"": [1, 2, 4, 8, 24], ""rsi_period"": 7, ""target_threshold"": 0.004, ""vol_windows"": [24, 48]}","{""colsample_bytree"": 1.0, ""gamma"": 0.2, ""learning_rate"": 0.07, ""max_depth"": 3, ""min_child_weight"": 5, ""n_estimators"": 250, ""subsample"": 0.7}",4,1956,0.7862985685071575,0.016880366455010298,126191779458439.27,831.2673808836377,0.0709264361473877,32.79744249328803
stage2,750,51,0.52,74318,24,"{""atr_period"": 21, ""horizon_h"": 6, ""ma_windows"": [6, 18, 72], ""mtf_intervals"": [""1d""], ""ret_windows"": [1, 3, 6, 12, 24], ""rsi_period"": 7, ""target_threshold"": 0.004, ""vol_windows"": [24, 72]}","{""colsample_bytree"": 0.7, ""gamma"": 0.2, ""learning_rate"": 0.07, ""max_depth"": 5, ""min_child_weight"": 5, ""n_estimators"": 250, ""subsample"": 0.7}",4,4673,0.693772736999786,0.011339694064954919,4.7182741188028374e+22,831.2673808836377,0.20574704495756846,52.351177345443865
stage2,750,51,0.55,74318,24,"{""atr_period"": 21, ""horizon_h"": 6, ""ma_windows"": [6, 18, 72], ""mtf_intervals"": [""1d""], ""ret_windows"": [1, 3, 6, 12, 24], ""rsi_period"": 7, ""target_threshold"": 0.004, ""vol_windows"": [24, 72]}","{""colsample_bytree"": 0.7, ""gamma"": 0.2, ""learning_rate"": 0.07, ""max_depth"": 5, ""min_child_weight"": 5, ""n_estimators"": 250, ""subsample"": 0.7}",4,4082,0.7153356197942186,0.01223474500133174,2.3264176452735266e+21,831.2673808836377,0.20574704495756846,49.36588947936828
stage2,750,51,0.58,74318,24,"{""atr_period"": 21, ""horizon_h"": 6, ""ma_windows"": [6, 18, 72], ""mtf_intervals"": [""1d""], ""ret_windows"": [1, 3, 6, 12, 24], ""rsi_period"": 7, ""target_threshold"": 0.004, ""vol_windows"": [24, 72]}","{""colsample_bytree"": 0.7, ""gamma"": 0.2, ""learning_rate"": 0.07, ""max_depth"": 5, ""min_child_weight"": 5, ""n_estimators"": 250, ""subsample"": 0.7}",4,3526,0.7334089619965967,0.013209568453891119,8.372018943616867e+19,831.2673808836377,0.20574704495756846,46.06354202895262
stage2,750,51,0.6,74318,24,"{""atr_period"": 21, ""horizon_h"": 6, ""ma_windows"": [6, 18, 72], ""mtf_intervals"": [""1d""], ""ret_windows"": [1, 3, 6, 12, 24], ""rsi_period"": 7, ""target_threshold"": 0.004, ""vol_windows"": [24, 72]}","{""colsample_bytree"": 0.7, ""gamma"": 0.2, ""learning_rate"": 0.07, ""max_depth"": 5, ""min_child_weight"": 5, ""n_estimators"": 250, ""subsample"": 0.7}",4,3173,0.7529152221872045,0.014004678517788187,1.021792908055692e+19,831.2673808836377,0.08968932269287577,44.04020054868459
stage2,750,51,0.62,74318,24,"{""atr_period"": 21, ""horizon_h"": 6, ""ma_windows"": [6, 18, 72], ""mtf_intervals"": [""1d""], ""ret_windows"": [1, 3, 6, 12, 24], ""rsi_period"": 7, ""target_threshold"": 0.004, ""vol_windows"": [24, 72]}","{""colsample_bytree"": 0.7, ""gamma"": 0.2, ""learning_rate"": 0.07, ""max_depth"": 5, ""min_child_weight"": 5, ""n_estimators"": 250, ""subsample"": 0.7}",4,2837,0.7705322523792739,0.014819749245452417,9.552101916847918e+17,831.2673808836377,0.08968932269287577,41.69084694169946
stage2,750,51,0.65,74318,24,"{""atr_period"": 21, ""horizon_h"": 6, ""ma_windows"": [6, 18, 72], ""mtf_intervals"": [""1d""], ""ret_windows"": [1, 3, 6, 12, 24], ""rsi_period"": 7, ""target_threshold"": 0.004, ""vol_windows"": [24, 72]}","{""colsample_bytree"": 0.7, ""gamma"": 0.2, ""learning_rate"": 0.07, ""max_depth"": 5, ""min_child_weight"": 5, ""n_estimators"": 250, ""subsample"": 0.7}",4,2408,0.792358803986711,0.01587526938653015,2.195979180667016e+16,831.2673808836377,0.0847763951431213,37.946490531646546
stage2,750,58,0.52,74318,24,"{""atr_period"": 21, ""horizon_h"": 6, ""ma_windows"": [6, 18, 72], ""mtf_intervals"": [""1d""], ""ret_windows"": [1, 3, 6, 12, 24], ""rsi_period"": 7, ""target_threshold"": 0.004, ""vol_windows"": [24, 72]}","{""colsample_bytree"": 0.7, ""gamma"": 0.0, ""learning_rate"": 0.07, ""max_depth"": 5, ""min_child_weight"": 5, ""n_estimators"": 250, ""subsample"": 1.0}",4,4719,0.6893409620682348,0.011310633488676952,6.910299070302228e+22,831.2673808836377,0.170964675094183,52.74636046352518
stage2,750,58,0.55,74318,24,"{""atr_period"": 21, ""horizon_h"": 6, ""ma_windows"": [6, 18, 72], ""mtf_intervals"": [""1d""], ""ret_windows"": [1, 3, 6, 12, 24], ""rsi_period"": 7, ""target_threshold"": 0.004, ""vol_windows"": [24, 72]}","{""colsample_bytree"": 0.7, ""gamma"": 0.0, ""learning_rate"": 0.07, ""max_depth"": 5, ""min_child_weight"": 5, ""n_estimators"": 250, ""subsample"": 1.0}",4,4109,0.7155025553662692,0.012253079302569417,3.4963059092994114e+21,831.2673808836377,0.13803269267428397,49.807404241876554
stage2,750,58,0.58,74318,24,"{""atr_period"": 21, ""horizon_h"": 6, ""ma_windows"": [6, 18, 72], ""mtf_intervals"": [""1d""], ""ret_windows"": [1, 3, 6, 12, 24], ""rsi_period"": 7, ""target_threshold"": 0.004, ""vol_windows"": [24, 72]}","{""colsample_bytree"": 0.7, ""gamma"": 0.0, ""learning_rate"": 0.07, ""max_depth"": 5, ""min_child_weight"": 5, ""n_estimators"": 250, ""subsample"": 1.0}",4,3548,0.7344983089064262,0.013131024074387872,8.467639040745121e+19,831.2673808836377,0.1256789786432767,46.11517584337951
stage2,750,58,0.6,74318,24,"{""atr_period"": 21, ""horizon_h"": 6, ""ma_windows"": [6, 18, 72], ""mtf_intervals"": [""1d""], ""ret_windows"": [1, 3, 6, 12, 24], ""rsi_period"": 7, ""target_threshold"": 0.004, ""vol_windows"": [24, 72]}","{""colsample_bytree"": 0.7, ""gamma"": 0.0, ""learning_rate"": 0.07, ""max_depth"": 5, ""min_child_weight"": 5, ""n_estimators"": 250, ""subsample"": 1.0}",4,3211,0.7480535658673311,0.013860781171475316,1.0895291303836262e+19,831.2673808836377,0.0901522330879263,44.099115364841126
stage2,750,58,0.62,74318,24,"{""atr_period"": 21, ""horizon_h"": 6, ""ma_windows"": [6, 18, 72], ""mtf_intervals"": [""1d""], ""ret_windows"": [1, 3, 6, 12, 24], ""rsi_period"": 7, ""target_threshold"": 0.004, ""vol_windows"": [24, 72]}","{""colsample_bytree"": 0.7, ""gamma"": 0.0, ""learning_rate"": 0.07, ""max_depth"": 5, ""min_child_weight"": 5, ""n_estimators"": 250, ""subsample"": 1.0}",4,2875,0.7593043478260869,0.01448008409323936,6.354896259843814e+17,831.2673808836377,0.08477639514312107,41.27406811466339
stage2,750,58,0.65,74318,24,"{""atr_period"": 21, ""horizon_h"": 6, ""ma_windows"": [6, 18, 72], ""mtf_intervals"": [""1d""], ""ret_windows"": [1, 3, 6, 12, 24], ""rsi_period"": 7, ""target_threshold"": 0.004, ""vol_windows"": [24, 72]}","{""colsample_bytree"": 0.7, ""gamma"": 0.0, ""learning_rate"": 0.07, ""max_depth"": 5, ""min_child_weight"": 5, ""n_estimators"": 250, ""subsample"": 1.0}",4,2397,0.785982478097622,0.015731761434654892,1.3183105989173752e+16,831.2673808836377,0.08477639514312107,37.42996443187517
stage2,750,50,0.52,74318,24,"{""atr_period"": 21, ""horizon_h"": 6, ""ma_windows"": [6, 18, 72], ""mtf_intervals"": [""1d""], ""ret_windows"": [1, 3, 6, 12, 24], ""rsi_period"": 7, ""target_threshold"": 0.004, ""vol_windows"": [24, 72]}","{""colsample_bytree"": 0.7, ""gamma"": 0.0, ""learning_rate"": 0.07, ""max_depth"": 5, ""min_child_weight"": 5, ""n_estimators"": 250, ""subsample"": 0.7}",4,4682,0.6971379752242631,0.011421934400021894,7.628580117916183e+22,831.2673808836377,0.20574704495756835,52.83498611473268
stage2,750,50,0.55,74318,24,"{""atr_period"": 21, ""horizon_h"": 6, ""ma_windows"": [6, 18, 72], ""mtf_intervals"": [""1d""], ""ret_windows"": [1, 3, 6, 12, 24], ""rsi_period"": 7, ""target_threshold"": 0.004, ""vol_windows"": [24, 72]}","{""colsample_bytree"": 0.7, ""gamma"": 0.0, ""learning_rate"": 0.07, ""max_depth"": 5, ""min_child_weight"": 5, ""n_estimators"": 250, ""subsample"": 0.7}",4,4076,0.7195780176643768,0.012289090145978501,2.691015531985147e+21,831.2673808836377,0.20574704495756857,49.51530720925013
stage2,750,50,0.58,74318,24,"{""atr_period"": 21, ""horizon_h"": 6, ""ma_windows"": [6, 18, 72], ""mtf_intervals"": [""1d""], ""ret_windows"": [1, 3, 6, 12, 24], ""rsi_period"": 7, ""target_threshold"": 0.004, ""vol_windows"": [24, 72]}","{""colsample_bytree"": 0.7, ""gamma"": 0.0, ""learning_rate"": 0.07, ""max_depth"": 5, ""min_child_weight"": 5, ""n_estimators"": 250, ""subsample"": 0.7}",4,3544,0.7381489841986456,0.01320071326930571,1.0257999160521558e+20,831.2673808836377,0.20574704495756857,46.270425945052054
stage2,750,50,0.6,74318,24,"{""atr_period"": 21, ""horizon_h"": 6, ""ma_windows"": [6, 18, 72], ""mtf_intervals"": [""1d""], ""ret_windows"": [1, 3, 6, 12, 24], ""rsi_period"": 7, ""target_threshold"": 0.004, ""vol_windows"": [24, 72]}","{""colsample_bytree"": 0.7, ""gamma"": 0.0, ""learning_rate"": 0.07, ""max_depth"": 5, ""min_child_weight"": 5, ""n_estimators"": 250, ""subsample"": 0.7}",4,3169,0.7544966866519407,0.014032397906102166,1.0493300687933893e+19,831.2673808836377,0.08968932269287588,44.068280568932074
stage2,750,50,0.62,74318,24,"{""atr_period"": 21, ""horizon_h"": 6, ""ma_windows"": [6, 18, 72], ""mtf_intervals"": [""1d""], ""ret_windows"": [1, 3, 6, 12, 24], ""rsi_period"": 7, ""target_threshold"": 0.004, ""vol_windows"": [24, 72]}","{""colsample_bytree"": 0.7, ""gamma"": 0.0, ""learning_rate"": 0.07, ""max_depth"": 5, ""min_child_weight"": 5, ""n_estimators"": 250, ""subsample"": 0.7}",4,2822,0.7678951098511694,0.014723105994067582,5.846842624971167e+17,831.2673808836377,0.08316373560654866,41.20036744224313
stage2,750,50,0.65,74318,24,"{""atr_period"": 21, ""horizon_h"": 6, ""ma_windows"": [6, 18, 72], ""mtf_intervals"": [""1d""], ""ret_windows"": [1, 3, 6, 12, 24], ""rsi_period"": 7, ""target_threshold"": 0.004, ""vol_windows"": [24, 72]}","{""colsample_bytree"": 0.7, ""gamma"": 0.0, ""learning_rate"": 0.07, ""max_depth"": 5, ""min_child_weight"": 5, ""n_estimators"": 250, ""subsample"": 0.7}",4,2406,0.7921862011637573,0.015908270777132763,2.3061559399510428e+16,831.2673808836377,0.08263081178940745,37.99664325228799
stage2,750,48,0.52,74318,24,"{""atr_period"": 21, ""horizon_h"": 6, ""ma_windows"": [6, 18, 72], ""mtf_intervals"": [""1d""], ""ret_windows"": [1, 3, 6, 12, 24], ""rsi_period"": 7, ""target_threshold"": 0.004, ""vol_windows"": [24, 72]}","{""colsample_bytree"": 0.7, ""gamma"": 0.0, ""learning_rate"": 0.07, ""max_depth"": 5, ""min_child_weight"": 1, ""n_estimators"": 250, ""subsample"": 0.7}",4,4730,0.6997885835095138,0.011419984778886014,1.3052384380524224e+23,831.2673808836377,0.20574704495756857,53.37416009665926
stage2,750,48,0.55,74318,24,"{""atr_period"": 21, ""horizon_h"": 6, ""ma_windows"": [6, 18, 72], ""mtf_intervals"": [""1d""], ""ret_windows"": [1, 3, 6, 12, 24], ""rsi_period"": 7, ""target_threshold"": 0.004, ""vol_windows"": [24, 72]}","{""colsample_bytree"": 0.7, ""gamma"": 0.0, ""learning_rate"": 0.07, ""max_depth"": 5, ""min_child_weight"": 1, ""n_estimators"": 250, ""subsample"": 0.7}",4,4130,0.7174334140435835,0.012213618393700318,3.8044824679383265e+21,831.2673808836377,0.20574704495756846,49.85924907716116
stage2,750,48,0.58,74318,24,"{""atr_period"": 21, ""horizon_h"": 6, ""ma_windows"": [6, 18, 72], ""mtf_intervals"": [""1d""], ""ret_windows"": [1, 3, 6, 12, 24], ""rsi_period"": 7, ""target_threshold"": 0.004, ""vol_windows"": [24, 72]}","{""colsample_bytree"": 0.7, ""gamma"": 0.0, ""learning_rate"": 0.07, ""max_depth"": 5, ""min_child_weight"": 1, ""n_estimators"": 250, ""subsample"": 0.7}",4,3589,0.7369740874895514,0.013177185396027791,1.7036163481457426e+20,831.2673808836377,0.13803269267428409,46.81043552195939
stage2,750,48,0.6,74318,24,"{""atr_period"": 21, ""horizon_h"": 6, ""ma_windows"": [6, 18, 72], ""mtf_intervals"": [""1d""], ""ret_windows"": [1, 3, 6, 12, 24], ""rsi_period"": 7, ""target_threshold"": 0.004, ""vol_windows"": [24, 72]}","{""colsample_bytree"": 0.7, ""gamma"": 0.0, ""learning_rate"": 0.07, ""max_depth"": 5, ""min_child_weight"": 1, ""n_estimators"": 250, ""subsample"": 0.7}",4,3217,0.7519428038545228,0.013850714496004717,1.1466928402606184e+19,831.2673808836377,0.089689322692876,44.153514072857455
stage2,750,48,0.62,74318,24,"{""atr_period"": 21, ""horizon_h"": 6, ""ma_windows"": [6, 18, 72], ""mtf_intervals"": [""1d""], ""ret_windows"": [1, 3, 6, 12, 24], ""rsi_period"": 7, ""target_threshold"": 0.004, ""vol_windows"": [24, 72]}","{""colsample_bytree"": 0.7, ""gamma"": 0.0, ""learning_rate"": 0.07, ""max_depth"": 5, ""min_child_weight"": 1, ""n_estimators"": 250, ""subsample"": 0.7}",4,2891,0.7675544794188862,0.01455947120371897,1.0027931766283442e+18,831.2673808836377,0.08968932269287577,41.734995648670534
stage2,750,48,0.65,74318,24,"{""atr_period"": 21, ""horizon_h"": 6, ""ma_windows"": [6, 18, 72], ""mtf_intervals"": [""1d""], ""ret_windows"": [1, 3, 6, 12, 24], ""rsi_period"": 7, ""target_threshold"": 0.004, ""vol_windows"": [24, 72]}","{""colsample_bytree"": 0.7, ""gamma"": 0.0, ""learning_rate"": 0.07, ""max_depth"": 5, ""min_child_weight"": 1, ""n_estimators"": 250, ""subsample"": 0.7}",4,2419,0.7899958660603555,0.01565918748550228,1.572049938630623e+16,831.2673808836377,0.08263081178940745,37.609696735821494
stage2,750,57,0.52,74318,24,"{""atr_period"": 21, ""horizon_h"": 6, ""ma_windows"": [6, 18, 72], ""mtf_intervals"": [""1d""], ""ret_windows"": [1, 3, 6, 12, 24], ""rsi_period"": 7, ""target_threshold"": 0.004, ""vol_windows"": [24, 72]}","{""colsample_bytree"": 0.7, ""gamma"": 0.2, ""learning_rate"": 0.07, ""max_depth"": 5, ""min_child_weight"": 1, ""n_estimators"": 250, ""subsample"": 1.0}",4,4690,0.7002132196162046,0.011456757968786617,9.88669421830516e+22,831.2673808836377,0.17096467509418312,53.11440418254995
stage2,750,57,0.55,74318,24,"{""atr_period"": 21, ""horizon_h"": 6, ""ma_windows"": [6, 18, 72], ""mtf_intervals"": [""1d""], ""ret_windows"": [1, 3, 6, 12, 24], ""rsi_period"": 7, ""target_threshold"": 0.004, ""vol_windows"": [24, 72]}","{""colsample_bytree"": 0.7, ""gamma"": 0.2, ""learning_rate"": 0.07, ""max_depth"": 5, ""min_child_weight"": 1, ""n_estimators"": 250, ""subsample"": 1.0}",4,4094,0.7208109428431851,0.012382746444785698,4.94111483654774e+21,831.2673808836377,0.1591656145250897,50.14800585259873
stage2,750,57,0.58,74318,24,"{""atr_period"": 21, ""horizon_h"": 6, ""ma_windows"": [6, 18, 72], ""mtf_intervals"": [""1d""], ""ret_windows"": [1, 3, 6, 12, 24], ""rsi_period"": 7, ""target_threshold"": 0.004, ""vol_windows"": [24, 72]}","{""colsample_bytree"": 0.7, ""gamma"": 0.2, ""learning_rate"": 0.07, ""max_depth"": 5, ""min_child_weight"": 1, ""n_estimators"": 250, ""subsample"": 1.0}",4,3526,0.7368122518434487,0.013266079391828426,1.0265542464227431e+20,831.2673808836377,0.1174420640267434,46.31476706656112
stage2,750,57,0.6,74318,24,"{""atr_period"": 21, ""horizon_h"": 6, ""ma_windows"": [6, 18, 72], ""mtf_intervals"": [""1d""], ""ret_windows"": [1, 3, 6, 12, 24], ""rsi_period"": 7, ""target_threshold"": 0.004, ""vol_windows"": [24, 72]}","{""colsample_bytree"": 0.7, ""gamma"": 0.2, ""learning_rate"": 0.07, ""max_depth"": 5, ""min_child_weight"": 1, ""n_estimators"": 250, ""subsample"": 1.0}",4,3209,0.7472732938610159,0.013825863859858704,9.474322818810724e+18,831.2673808836377,0.11744206402674351,43.944821465951286
stage2,750,57,0.62,74318,24,"{""atr_period"": 21, ""horizon_h"": 6, ""ma_windows"": [6, 18, 72], ""mtf_intervals"": [""1d""], ""ret_windows"": [1, 3, 6, 12, 24], ""rsi_period"": 7, ""target_threshold"": 0.004, ""vol_windows"": [24, 72]}","{""colsample_bytree"": 0.7, ""gamma"": 0.2, ""learning_rate"": 0.07, ""max_depth"": 5, ""min_child_weight"": 1, ""n_estimators"": 250, ""subsample"": 1.0}",4,2871,0.7621037965865552,0.014587641492307341,8.099795190929915e+17,831.2673808836377,0.1126789174373567,41.50583006767614
stage2,750,57,0.65,74318,24,"{""atr_period"": 21, ""horizon_h"": 6, ""ma_windows"": [6, 18, 72], ""mtf_intervals"": [""1d""], ""ret_windows"": [1, 3, 6, 12, 24], ""rsi_period"": 7, ""target_threshold"": 0.004, ""vol_windows"": [24, 72]}","{""colsample_bytree"": 0.7, ""gamma"": 0.2, ""learning_rate"": 0.07, ""max_depth"": 5, ""min_child_weight"": 1, ""n_estimators"": 250, ""subsample"": 1.0}",4,2420,0.7847107438016528,0.01570376531176165,1.7550162176840466e+16,831.2673808836377,0.08316373560654877,37.71565643535762
stage2,750,61,0.52,74318,24,"{""atr_period"": 21, ""horizon_h"": 6, ""ma_windows"": [6, 18, 72], ""mtf_intervals"": [""1d""], ""ret_windows"": [1, 3, 6, 12, 24], ""rsi_period"": 7, ""target_threshold"": 0.004, ""vol_windows"": [24, 72]}","{""colsample_bytree"": 1.0, ""gamma"": 0.2, ""learning_rate"": 0.07, ""max_depth"": 5, ""min_child_weight"": 1, ""n_estimators"": 250, ""subsample"": 1.0}",4,4778,0.691084135621599,0.011151775410193668,6.335832628803491e+22,831.2673808836377,0.18188126947447614,52.65423416116528
stage2,750,61,0.55,74318,24,"{""atr_period"": 21, ""horizon_h"": 6, ""ma_windows"": [6, 18, 72], ""mtf_intervals"": [""1d""], ""ret_windows"": [1, 3, 6, 12, 24], ""rsi_period"": 7, ""target_threshold"": 0.004, ""vol_windows"": [24, 72]}","{""colsample_bytree"": 1.0, ""gamma"": 0.2, ""learning_rate"": 0.07, ""max_depth"": 5, ""min_child_weight"": 1, ""n_estimators"": 250, ""subsample"": 1.0}",4,4174,0.7127455678006708,0.01206357979718021,3.503496771458729e+21,831.2673808836377,0.17096467509418323,49.78927125525503
stage2,750,61,0.58,74318,24,"{""atr_period"": 21, ""horizon_h"": 6, ""ma_windows"": [6, 18, 72], ""mtf_intervals"": [""1d""], ""ret_windows"": [1, 3, 6, 12, 24], ""rsi_period"": 7, ""target_threshold"": 0.004, ""vol_windows"": [24, 72]}","{""colsample_bytree"": 1.0, ""gamma"": 0.2, ""learning_rate"": 0.07, ""max_depth"": 5, ""min_child_weight"": 1, ""n_estimators"": 250, ""subsample"": 1.0}",4,3599,0.7304806890803001,0.012961711526038209,9.073598955883758e+19,831.2673808836377,0.1591656145250897,46.162981186302595
stage2,750,61,0.6,74318,24,"{""atr_period"": 21, ""horizon_h"": 6, ""ma_windows"": [6, 18, 72], ""mtf_intervals"": [""1d""], ""ret_windows"": [1, 3, 6, 12, 24], ""rsi_period"": 7, ""target_threshold"": 0.004, ""vol_windows"": [24, 72]}","{""colsample_bytree"": 1.0, ""gamma"": 0.2, ""learning_rate"": 0.07, ""max_depth"": 5, ""min_child_weight"": 1, ""n_estimators"": 250, ""subsample"": 1.0}",4,3270,0.7446483180428135,0.013589380455440466,1.0217796246206007e+19,831.2673808836377,0.11744206402674351,44.01637526999428
stage2,750,61,0.62,74318,24,"{""atr_period"": 21, ""horizon_h"": 6, ""ma_windows"": [6, 18, 72], ""mtf_intervals"": [""1d""], ""ret_windows"": [1, 3, 6, 12, 24], ""rsi_period"": 7, ""target_threshold"": 0.004, ""vol_windows"": [24, 72]}","{""colsample_bytree"": 1.0, ""gamma"": 0.2, ""learning_rate"": 0.07, ""max_depth"": 5, ""min_child_weight"": 1, ""n_estimators"": 250, ""subsample"": 1.0}",4,2954,0.7586323628977657,0.014301963654359153,1.1724889143837824e+18,831.2673808836377,0.08968932269287577,41.88213737870973
stage2,750,61,0.65,74318,24,"{""atr_period"": 21, ""horizon_h"": 6, ""ma_windows"": [6, 18, 72], ""mtf_intervals"": [""1d""], ""ret_windows"": [1, 3, 6, 12, 24], ""rsi_period"": 7, ""target_threshold"": 0.004, ""vol_windows"": [24, 72]}","{""colsample_bytree"": 1.0, ""gamma"": 0.2, ""learning_rate"": 0.07, ""max_depth"": 5, ""min_child_weight"": 1, ""n_estimators"": 250, ""subsample"": 1.0}",4,2526,0.784639746634996,0.015414744721352102,4.4624887755184024e+16,831.2673808836377,0.08263081178940734,38.646782468901435
stage2,750,38,0.52,74318,24,"{""atr_period"": 21, ""horizon_h"": 6, ""ma_windows"": [6, 18, 72], ""mtf_intervals"": [""1d""], ""ret_windows"": [1, 3, 6, 12, 24], ""rsi_period"": 7, ""target_threshold"": 0.004, ""vol_windows"": [24, 72]}","{""colsample_bytree"": 1.0, ""gamma"": 0.0, ""learning_rate"": 0.03, ""max_depth"": 5, ""min_child_weight"": 5, ""n_estimators"": 250, ""subsample"": 0.7}",4,4480,0.703125,0.011766277123248911,3.639273353857722e+22,831.2673808836377,0.1340952945099929,52.13823864925925
stage2,750,38,0.55,74318,24,"{""atr_period"": 21, ""horizon_h"": 6, ""ma_windows"": [6, 18, 72], ""mtf_intervals"": [""1d""], ""ret_windows"": [1, 3, 6, 12, 24], ""rsi_period"": 7, ""target_threshold"": 0.004, ""vol_windows"": [24, 72]}","{""colsample_bytree"": 1.0, ""gamma"": 0.0, ""learning_rate"": 0.03, ""max_depth"": 5, ""min_child_weight"": 5, ""n_estimators"": 250, ""subsample"": 0.7}",4,3861,0.7254597254597255,0.012750041289799046,1.1592846434241653e+21,831.2673808836377,0.1298266129012532,48.71954488529602
stage2,750,38,0.58,74318,24,"{""atr_period"": 21, ""horizon_h"": 6, ""ma_windows"": [6, 18, 72], ""mtf_intervals"": [""1d""], ""ret_windows"": [1, 3, 6, 12, 24], ""rsi_period"": 7, ""target_threshold"": 0.004, ""vol_windows"": [24, 72]}","{""colsample_bytree"": 1.0, ""gamma"": 0.0, ""learning_rate"": 0.03, ""max_depth"": 5, ""min_child_weight"": 5, ""n_estimators"": 250, ""subsample"": 0.7}",4,3298,0.747725894481504,0.01382419573895551,3.178314810860343e+19,831.2673808836377,0.11744206402674362,45.155521139006225
stage2,750,38,0.6,74318,24,"{""atr_period"": 21, ""horizon_h"": 6, ""ma_windows"": [6, 18, 72], ""mtf_intervals"": [""1d""], ""ret_windows"": [1, 3, 6, 12, 24], ""rsi_period"": 7, ""target_threshold"": 0.004, ""vol_windows"": [24, 72]}","{""colsample_bytree"": 1.0, ""gamma"": 0.0, ""learning_rate"": 0.03, ""max_depth"": 5, ""min_child_weight"": 5, ""n_estimators"": 250, ""subsample"": 0.7}",4,2980,0.7600671140939598,0.01446176876646624,2.697504076033638e+18,831.2673808836377,0.08968932269287588,42.717761783143494
stage2,750,38,0.62,74318,24,"{""atr_period"": 21, ""horizon_h"": 6, ""ma_windows"": [6, 18, 72], ""mtf_intervals"": [""1d""], ""ret_windows"": [1, 3, 6, 12, 24], ""rsi_period"": 7, ""target_threshold"": 0.004, ""vol_windows"": [24, 72]}","{""colsample_bytree"": 1.0, ""gamma"": 0.0, ""learning_rate"": 0.03, ""max_depth"": 5, ""min_child_weight"": 5, ""n_estimators"": 250, ""subsample"": 0.7}",4,2635,0.7772296015180266,0.01537414656669344,2.0885500097579066e+17,831.2673808836377,0.08477639514312119,40.182805287043045
stage2,750,38,0.65,74318,24,"{""atr_period"": 21, ""horizon_h"": 6, ""ma_windows"": [6, 18, 72], ""mtf_intervals"": [""1d""], ""ret_windows"": [1, 3, 6, 12, 24], ""rsi_period"": 7, ""target_threshold"": 0.004, ""vol_windows"": [24, 72]}","{""colsample_bytree"": 1.0, ""gamma"": 0.0, ""learning_rate"": 0.03, ""max_depth"": 5, ""min_child_weight"": 5, ""n_estimators"": 250, ""subsample"": 0.7}",4,2152,0.8080855018587361,0.016877748385406437,3324649585468078.0,831.2673808836377,0.08263081178940712,36.0803156583112
stage2,750,36,0.52,74318,24,"{""atr_period"": 21, ""horizon_h"": 6, ""ma_windows"": [6, 18, 72], ""mtf_intervals"": [""1d""], ""ret_windows"": [1, 3, 6, 12, 24], ""rsi_period"": 7, ""target_threshold"": 0.004, ""vol_windows"": [24, 72]}","{""colsample_bytree"": 1.0, ""gamma"": 0.0, ""learning_rate"": 0.03, ""max_depth"": 5, ""min_child_weight"": 1, ""n_estimators"": 250, ""subsample"": 0.7}",4,4453,0.7046934650797215,0.011818973488169042,3.3449141719189017e+22,831.2673808836377,0.1298266129012532,52.05770633401935
stage2,750,36,0.55,74318,24,"{""atr_period"": 21, ""horizon_h"": 6, ""ma_windows"": [6, 18, 72], ""mtf_intervals"": [""1d""], ""ret_windows"": [1, 3, 6, 12, 24], ""rsi_period"": 7, ""target_threshold"": 0.004, ""vol_windows"": [24, 72]}","{""colsample_bytree"": 1.0, ""gamma"": 0.0, ""learning_rate"": 0.03, ""max_depth"": 5, ""min_child_weight"": 1, ""n_estimators"": 250, ""subsample"": 0.7}",4,3863,0.7256018638363966,0.012792195782706881,1.3913384945777348e+21,831.2673808836377,0.1298266129012533,48.90245893330225
stage2,750,36,0.58,74318,24,"{""atr_period"": 21, ""horizon_h"": 6, ""ma_windows"": [6, 18, 72], ""mtf_intervals"": [""1d""], ""ret_windows"": [1, 3, 6, 12, 24], ""rsi_period"": 7, ""target_threshold"": 0.004, ""vol_windows"": [24, 72]}","{""colsample_bytree"": 1.0, ""gamma"": 0.0, ""learning_rate"": 0.03, ""max_depth"": 5, ""min_child_weight"": 1, ""n_estimators"": 250, ""subsample"": 0.7}",4,3308,0.748186215235792,0.013794449799987375,3.3008900896901317e+19,831.2673808836377,0.11744206402674351,45.193492461713966
stage2,750,36,0.6,74318,24,"{""atr_period"": 21, ""horizon_h"": 6, ""ma_windows"": [6, 18, 72], ""mtf_intervals"": [""1d""], ""ret_windows"": [1, 3, 6, 12, 24], ""rsi_period"": 7, ""target_threshold"": 0.004, ""vol_windows"": [24, 72]}","{""colsample_bytree"": 1.0, ""gamma"": 0.0, ""learning_rate"": 0.03, ""max_depth"": 5, ""min_child_weight"": 1, ""n_estimators"": 250, ""subsample"": 0.7}",4,2972,0.7597577388963661,0.014497122309513987,2.662120589582989e+18,831.2673808836377,0.08968932269287588,42.704593201455744
stage2,750,36,0.62,74318,24,"{""atr_period"": 21, ""horizon_h"": 6, ""ma_windows"": [6, 18, 72], ""mtf_intervals"": [""1d""], ""ret_windows"": [1, 3, 6, 12, 24], ""rsi_period"": 7, ""target_threshold"": 0.004, ""vol_windows"": [24, 72]}","{""colsample_bytree"": 1.0, ""gamma"": 0.0, ""learning_rate"": 0.03, ""max_depth"": 5, ""min_child_weight"": 1, ""n_estimators"": 250, ""subsample"": 0.7}",4,2631,0.7791714177118966,0.015397793699323443,2.0930374621528464e+17,831.2673808836377,0.08968932269287577,40.18423774540314
stage2,750,36,0.65,74318,24,"{""atr_period"": 21, ""horizon_h"": 6, ""ma_windows"": [6, 18, 72], ""mtf_intervals"": [""1d""], ""ret_windows"": [1, 3, 6, 12, 24], ""rsi_period"": 7, ""target_threshold"": 0.004, ""vol_windows"": [24, 72]}","{""colsample_bytree"": 1.0, ""gamma"": 0.0, ""learning_rate"": 0.03, ""max_depth"": 5, ""min_child_weight"": 1, ""n_estimators"": 250, ""subsample"": 0.7}",4,2161,0.8037945395650162,0.01680723280129936,3313174803349558.5,831.2673808836377,0.08263081178940734,36.07286136786254
stage2,750,32,0.52,74318,24,"{""atr_period"": 21, ""horizon_h"": 6, ""ma_windows"": [6, 18, 72], ""mtf_intervals"": [""1d""], ""ret_windows"": [1, 3, 6, 12, 24], ""rsi_period"": 7, ""target_threshold"": 0.004, ""vol_windows"": [24, 72]}","{""colsample_bytree"": 0.7, ""gamma"": 0.0, ""learning_rate"": 0.03, ""max_depth"": 5, ""min_child_weight"": 1, ""n_estimators"": 250, ""subsample"": 0.7}",4,4388,0.7087511394712853,0.011902894749326045,2.246250104824939e+22,831.2673808836377,0.1750315517613954,51.64084254534222
stage2,750,32,0.55,74318,24,"{""atr_period"": 21, ""horizon_h"": 6, ""ma_windows"": [6, 18, 72], ""mtf_intervals"": [""1d""], ""ret_windows"": [1, 3, 6, 12, 24], ""rsi_period"": 7, ""target_threshold"": 0.004, ""vol_windows"": [24, 72]}","{""colsample_bytree"": 0.7, ""gamma"": 0.0, ""learning_rate"": 0.03, ""max_depth"": 5, ""min_child_weight"": 1, ""n_estimators"": 250, ""subsample"": 0.7}",4,3754,0.729621736814065,0.012876414598198592,4.8035055511331786e+20,831.2673808836377,0.11744206402674329,47.8490355086148
stage2,750,32,0.58,74318,24,"{""atr_period"": 21, ""horizon_h"": 6, ""ma_windows"": [6, 18, 72], ""mtf_intervals"": [""1d""], ""ret_windows"": [1, 3, 6, 12, 24], ""rsi_period"": 7, ""target_threshold"": 0.004, ""vol_windows"": [24, 72]}","{""colsample_bytree"": 0.7, ""gamma"": 0.0, ""learning_rate"": 0.03, ""max_depth"": 5, ""min_child_weight"": 1, ""n_estimators"": 250, ""subsample"": 0.7}",4,3206,0.7464129756706176,0.013867946073671531,1.034388499665816e+19,831.2673808836377,0.1174420640267434,44.032280114533926
stage2,750,32,0.6,74318,24,"{""atr_period"": 21, ""horizon_h"": 6, ""ma_windows"": [6, 18, 72], ""mtf_intervals"": [""1d""], ""ret_windows"": [1, 3, 6, 12, 24], ""rsi_period"": 7, ""target_threshold"": 0.004, ""vol_windows"": [24, 72]}","{""colsample_bytree"": 0.7, ""gamma"": 0.0, ""learning_rate"": 0.03, ""max_depth"": 5, ""min_child_weight"": 1, ""n_estimators"": 250, ""subsample"": 0.7}",4,2850,0.7582456140350877,0.014610357649020944,6.369943502817893e+17,831.2673808836377,0.08477639514312096,41.276628336032836
stage2,750,32,0.62,74318,24,"{""atr_period"": 21, ""horizon_h"": 6, ""ma_windows"": [6, 18, 72], ""mtf_intervals"": [""1d""], ""ret_windows"": [1, 3, 6, 12, 24], ""rsi_period"": 7, ""target_threshold"": 0.004, ""vol_windows"": [24, 72]}","{""colsample_bytree"": 0.7, ""gamma"": 0.0, ""learning_rate"": 0.03, ""max_depth"": 5, ""min_child_weight"": 1, ""n_estimators"": 250, ""subsample"": 0.7}",4,2526,0.777513855898654,0.01550726353204049,5.547448631448263e+16,831.2673808836377,0.08477639514312119,38.85838059932418
stage2,750,32,0.65,74318,24,"{""atr_period"": 21, ""horizon_h"": 6, ""ma_windows"": [6, 18, 72], ""mtf_intervals"": [""1d""], ""ret_windows"": [1, 3, 6, 12, 24], ""rsi_period"": 7, ""target_threshold"": 0.004, ""vol_windows"": [24, 72]}","{""colsample_bytree"": 0.7, ""gamma"": 0.0, ""learning_rate"": 0.03, ""max_depth"": 5, ""min_child_weight"": 1, ""n_estimators"": 250, ""subsample"": 0.7}",4,2097,0.8016213638531235,0.01673320207904523,983883301191904.0,831.2673808836377,0.08316373560654888,34.8561092495096
stage2,750,42,0.52,74318,24,"{""atr_period"": 21, ""horizon_h"": 6, ""ma_windows"": [6, 18, 72], ""mtf_intervals"": [""1d""], ""ret_windows"": [1, 3, 6, 12, 24], ""rsi_period"": 7, ""target_threshold"": 0.004, ""vol_windows"": [24, 72]}","{""colsample_bytree"": 0.7, ""gamma"": 0.0, ""learning_rate"": 0.03, ""max_depth"": 5, ""min_child_weight"": 5, ""n_estimators"": 250, ""subsample"": 1.0}",4,4411,0.7068691906597143,0.011812121939082171,1.9813599615639188e+22,831.2673808836377,0.1750315517613953,51.51313205623688
stage2,750,42,0.55,74318,24,"{""atr_period"": 21, ""horizon_h"": 6, ""ma_windows"": [6, 18, 72], ""mtf_intervals"": [""1d""], ""ret_windows"": [1, 3, 6, 12, 24], ""rsi_period"": 7, ""target_threshold"": 0.004, ""vol_windows"": [24, 72]}","{""colsample_bytree"": 0.7, ""gamma"": 0.0, ""learning_rate"": 0.03, ""max_depth"": 5, ""min_child_weight"": 5, ""n_estimators"": 250, ""subsample"": 1.0}",4,3759,0.7289172652301144,0.01287823577131951,5.1463892708718464e+20,831.2673808836377,0.17096467509418323,47.89067457701777
stage2,750,42,0.58,74318,24,"{""atr_period"": 21, ""horizon_h"": 6, ""ma_windows"": [6, 18, 72], ""mtf_intervals"": [""1d""], ""ret_windows"": [1, 3, 6, 12, 24], ""rsi_period"": 7, ""target_threshold"": 0.004, ""vol_windows"": [24, 72]}","{""colsample_bytree"": 0.7, ""gamma"": 0.0, ""learning_rate"": 0.03, ""max_depth"": 5, ""min_child_weight"": 5, ""n_estimators"": 250, ""subsample"": 1.0}",4,3187,0.7455287103859429,0.01388100877059876,8.305711438268718e+18,831.2673808836377,0.11744206402674362,43.81222508359865
stage2,750,42,0.6,74318,24,"{""atr_period"": 21, ""horizon_h"": 6, ""ma_windows"": [6, 18, 72], ""mtf_intervals"": [""1d""], ""ret_windows"": [1, 3, 6, 12, 24], ""rsi_period"": 7, ""target_threshold"": 0.004, ""vol_windows"": [24, 72]}","{""colsample_bytree"": 0.7, ""gamma"": 0.0, ""learning_rate"": 0.03, ""max_depth"": 5, ""min_child_weight"": 5, ""n_estimators"": 250, ""subsample"": 1.0}",4,2841,0.7543118620204153,0.014590032484513118,5.2710374925000826e+17,831.2673808836377,0.08968932269287588,41.08149887986923
stage2,750,42,0.62,74318,24,"{""atr_period"": 21, ""horizon_h"": 6, ""ma_windows"": [6, 18, 72], ""mtf_intervals"": [""1d""], ""ret_windows"": [1, 3, 6, 12, 24], ""rsi_period"": 7, ""target_threshold"": 0.004, ""vol_windows"": [24, 72]}","{""colsample_bytree"": 0.7, ""gamma"": 0.0, ""learning_rate"": 0.03, ""max_depth"": 5, ""min_child_weight"": 5, ""n_estimators"": 250, ""subsample"": 1.0}",4,2484,0.7709339774557166,0.01541612595266056,2.3390812886233704e+16,831.2673808836377,0.08477639514312107,37.98880772049707
stage2,750,42,0.65,74318,24,"{""atr_period"": 21, ""horizon_h"": 6, ""ma_windows"": [6, 18, 72], ""mtf_intervals"": [""1d""], ""ret_windows"": [1, 3, 6, 12, 24], ""rsi_period"": 7, ""target_threshold"": 0.004, ""vol_windows"": [24, 72]}","{""colsample_bytree"": 0.7, ""gamma"": 0.0, ""learning_rate"": 0.03, ""max_depth"": 5, ""min_child_weight"": 5, ""n_estimators"": 250, ""subsample"": 1.0}",4,2037,0.8016691212567502,0.017003885769728,629422568434823.1,831.2673808836377,0.0709264361473877,34.41772712206753
stage2,750,44,0.52,74318,24,"{""atr_period"": 21, ""horizon_h"": 6, ""ma_windows"": [6, 18, 72], ""mtf_intervals"": [""1d""], ""ret_windows"": [1, 3, 6, 12, 24], ""rsi_period"": 7, ""target_threshold"": 0.004, ""vol_windows"": [24, 72]}","{""colsample_bytree"": 1.0, ""gamma"": 0.0, ""learning_rate"": 0.03, ""max_depth"": 5, ""min_child_weight"": 1, ""n_estimators"": 250, ""subsample"": 1.0}",4,4427,0.7083803930426925,0.011792738292300178,2.200549704939888e+22,831.2673808836377,0.17096467509418323,51.621143124129226
stage2,750,44,0.55,74318,24,"{""atr_period"": 21, ""horizon_h"": 6, ""ma_windows"": [6, 18, 72], ""mtf_intervals"": [""1d""], ""ret_windows"": [1, 3, 6, 12, 24], ""rsi_period"": 7, ""target_threshold"": 0.004, ""vol_windows"": [24, 72]}","{""colsample_bytree"": 1.0, ""gamma"": 0.0, ""learning_rate"": 0.03, ""max_depth"": 5, ""min_child_weight"": 1, ""n_estimators"": 250, ""subsample"": 1.0}",4,3797,0.7232025283118251,0.012708316066050551,4.416938806649176e+20,831.2673808836377,0.11744206402674362,47.75865625751111
stage2,750,44,0.58,74318,24,"{""atr_period"": 21, ""horizon_h"": 6, ""ma_windows"": [6, 18, 72], ""mtf_intervals"": [""1d""], ""ret_windows"": [1, 3, 6, 12, 24], ""rsi_period"": 7, ""target_threshold"": 0.004, ""vol_windows"": [24, 72]}","{""colsample_bytree"": 1.0, ""gamma"": 0.0, ""learning_rate"": 0.03, ""max_depth"": 5, ""min_child_weight"": 1, ""n_estimators"": 250, ""subsample"": 1.0}",4,3259,0.7447069653267874,0.013746828727437214,1.4477758283185816e+19,831.2673808836377,0.11744206402674351,44.3661644042358
stage2,750,44,0.6,74318,24,"{""atr_period"": 21, ""horizon_h"": 6, ""ma_windows"": [6, 18, 72], ""mtf_intervals"": [""1d""], ""ret_windows"": [1, 3, 6, 12, 24], ""rsi_period"": 7, ""target_threshold"": 0.004, ""vol_windows"": [24, 72]}","{""colsample_bytree"": 1.0, ""gamma"": 0.0, ""learning_rate"": 0.03, ""max_depth"": 5, ""min_child_weight"": 1, ""n_estimators"": 250, ""subsample"": 1.0}",4,2894,0.7629578438147893,0.014644437472098306,1.3227337662462502e+18,831.2673808836377,0.1174420640267434,41.995033046704755
stage2,750,44,0.62,74318,24,"{""atr_period"": 21, ""horizon_h"": 6, ""ma_windows"": [6, 18, 72], ""mtf_intervals"": [""1d""], ""ret_windows"": [1, 3, 6, 12, 24], ""rsi_period"": 7, ""target_threshold"": 0.004, ""vol_windows"": [24, 72]}","{""colsample_bytree"": 1.0, ""gamma"": 0.0, ""learning_rate"": 0.03, ""max_depth"": 5, ""min_child_weight"": 1, ""n_estimators"": 250, ""subsample"": 1.0}",4,2586,0.7764887857695282,0.015438774600437077,1.164745219410878e+17,831.2673808836377,0.08968932269287588,39.59630551228705
stage2,750,44,0.65,74318,24,"{""atr_period"": 21, ""horizon_h"": 6, ""ma_windows"": [6, 18, 72], ""mtf_intervals"": [""1d""], ""ret_windows"": [1, 3, 6, 12, 24], ""rsi_period"": 7, ""target_threshold"": 0.004, ""vol_windows"": [24, 72]}","{""colsample_bytree"": 1.0, ""gamma"": 0.0, ""learning_rate"": 0.03, ""max_depth"": 5, ""min_child_weight"": 1, ""n_estimators"": 250, ""subsample"": 1.0}",4,2150,0.8,0.016649782165382546,1976442208392121.8,831.2673808836377,0.08263081178940745,35.55195761029967
stage2,750,23,0.52,74318,24,"{""atr_period"": 21, ""horizon_h"": 6, ""ma_windows"": [6, 18, 72], ""mtf_intervals"": [""1d""], ""ret_windows"": [1, 3, 6, 12, 24], ""rsi_period"": 7, ""target_threshold"": 0.004, ""vol_windows"": [24, 72]}","{""colsample_bytree"": 1.0, ""gamma"": 0.2, ""learning_rate"": 0.07, ""max_depth"": 3, ""min_child_weight"": 5, ""n_estimators"": 250, ""subsample"": 0.7}",4,4180,0.7,0.012028960846724772,3.236749509627948e+21,831.2673808836377,0.1454973785441025,49.71233953883194
stage2,750,23,0.55,74318,24,"{""atr_period"": 21, ""horizon_h"": 6, ""ma_windows"": [6, 18, 72], ""mtf_intervals"": [""1d""], ""ret_windows"": [1, 3, 6, 12, 24], ""rsi_period"": 7, ""target_threshold"": 0.004, ""vol_windows"": [24, 72]}","{""colsample_bytree"": 1.0, ""gamma"": 0.2, ""learning_rate"": 0.07, ""max_depth"": 3, ""min_child_weight"": 5, ""n_estimators"": 250, ""subsample"": 0.7}",4,3564,0.7182940516273849,0.01290419297540757,4.654595541634384e+19,831.2673808836377,0.13409529450999302,45.497792924824246
stage2,750,23,0.58,74318,24,"{""atr_period"": 21, ""horizon_h"": 6, ""ma_windows"": [6, 18, 72], ""mtf_intervals"": [""1d""], ""ret_windows"": [1, 3, 6, 12, 24], ""rsi_period"": 7, ""target_threshold"": 0.004, ""vol_windows"": [24, 72]}","{""colsample_bytree"": 1.0, ""gamma"": 0.2, ""learning_rate"": 0.07, ""max_depth"": 3, ""min_child_weight"": 5, ""n_estimators"": 250, ""subsample"": 0.7}",4,3027,0.7347208457218368,0.013791670864649224,7.032146997413688e+17,831.2673808836377,0.1298266129012533,41.327635382176275
stage2,750,23,0.6,74318,24,"{""atr_period"": 21, ""horizon_h"": 6, ""ma_windows"": [6, 18, 72], ""mtf_intervals"": [""1d""], ""ret_windows"": [1, 3, 6, 12, 24], ""rsi_period"": 7, ""target_threshold"": 0.004, ""vol_windows"": [24, 72]}","{""colsample_bytree"": 1.0, ""gamma"": 0.2, ""learning_rate"": 0.07, ""max_depth"": 3, ""min_child_weight"": 5, ""n_estimators"": 250, ""subsample"": 0.7}",4,2688,0.7481398809523809,0.014587788393654225,5.734835709940121e+16,831.2673808836377,0.1298266129012534,38.83822149662084
stage2,750,23,0.62,74318,24,"{""atr_period"": 21, ""horizon_h"": 6, ""ma_windows"": [6, 18, 72], ""mtf_intervals"": [""1d""], ""ret_windows"": [1, 3, 6, 12, 24], ""rsi_period"": 7, ""target_threshold"": 0.004, ""vol_windows"": [24, 72]}","{""colsample_bytree"": 1.0, ""gamma"": 0.2, ""learning_rate"": 0.07, ""max_depth"": 3, ""min_child_weight"": 5, ""n_estimators"": 250, ""subsample"": 0.7}",4,2380,0.7626050420168067,0.0154258641614239,4865288944491121.0,831.2673808836377,0.08968932269287588,36.409548786839
stage2,750,23,0.65,74318,24,"{""atr_period"": 21, ""horizon_h"": 6, ""ma_windows"": [6, 18, 72], ""mtf_intervals"": [""1d""], ""ret_windows"": [1, 3, 6, 12, 24], ""rsi_period"": 7, ""target_threshold"": 0.004, ""vol_windows"": [24, 72]}","{""colsample_bytree"": 1.0, ""gamma"": 0.2, ""learning_rate"": 0.07, ""max_depth"": 3, ""min_child_weight"": 5, ""n_estimators"": 250, ""subsample"": 0.7}",4,1929,0.7801969932607569,0.016839925721861777,74488556973552.58,831.2673808836377,0.07092643614738736,32.2650804141561
stage2,8423,51,0.52,74772,27,"{""atr_period"": 21, ""horizon_h"": 6, ""ma_windows"": [8, 24, 96], ""mtf_intervals"": [""4h"", ""1d""], ""ret_windows"": [1, 6, 12, 24, 48], ""rsi_period"": 21, ""target_threshold"": 0.006, ""vol_windows"": [24, 48]}","{""colsample_bytree"": 0.7, ""gamma"": 0.2, ""learning_rate"": 0.07, ""max_depth"": 5, ""min_child_weight"": 5, ""n_estimators"": 250, ""subsample"": 0.7}",4,3334,0.7393521295740851,0.014851474352459114,1.5381446297710342e+21,2192.578913547333,0.07884120533897343,49.055736752909056
stage2,8423,51,0.55,74772,27,"{""atr_period"": 21, ""horizon_h"": 6, ""ma_windows"": [8, 24, 96], ""mtf_intervals"": [""4h"", ""1d""], ""ret_windows"": [1, 6, 12, 24, 48], ""rsi_period"": 21, ""target_threshold"": 0.006, ""vol_windows"": [24, 48]}","{""colsample_bytree"": 0.7, ""gamma"": 0.2, ""learning_rate"": 0.07, ""max_depth"": 5, ""min_child_weight"": 5, ""n_estimators"": 250, ""subsample"": 0.7}",4,2992,0.7576871657754011,0.01562741518067985,1.00937288110592e+20,2192.578913547333,0.07422883788216605,46.355085723218316
stage2,8423,51,0.58,74772,27,"{""atr_period"": 21, ""horizon_h"": 6, ""ma_windows"": [8, 24, 96], ""mtf_intervals"": [""4h"", ""1d""], ""ret_windows"": [1, 6, 12, 24, 48], ""rsi_period"": 21, ""target_threshold"": 0.006, ""vol_windows"": [24, 48]}","{""colsample_bytree"": 0.7, ""gamma"": 0.2, ""learning_rate"": 0.07, ""max_depth"": 5, ""min_child_weight"": 5, ""n_estimators"": 250, ""subsample"": 0.7}",4,2637,0.7773985589685248,0.01650699387466539,4.153594576979608e+18,2192.578913547333,0.07422883788216617,43.1873661755913
stage2,8423,51,0.6,74772,27,"{""atr_period"": 21, ""horizon_h"": 6, ""ma_windows"": [8, 24, 96], ""mtf_intervals"": [""4h"", ""1d""], ""ret_windows"": [1, 6, 12, 24, 48], ""rsi_period"": 21, ""target_threshold"": 0.006, ""vol_windows"": [24, 48]}","{""colsample_bytree"": 0.7, ""gamma"": 0.2, ""learning_rate"": 0.07, ""max_depth"": 5, ""min_child_weight"": 5, ""n_estimators"": 250, ""subsample"": 0.7}",4,2420,0.7913223140495868,0.017099892396685527,4.9774618127538195e+17,2192.578913547333,0.07438050509704186,41.08153340371708
stage2,8423,51,0.62,74772,27,"{""atr_period"": 21, ""horizon_h"": 6, ""ma_windows"": [8, 24, 96], ""mtf_intervals"": [""4h"", ""1d""], ""ret_windows"": [1, 6, 12, 24, 48], ""rsi_period"": 21, ""target_threshold"": 0.006, ""vol_windows"": [24, 48]}","{""colsample_bytree"": 0.7, ""gamma"": 0.2, ""learning_rate"": 0.07, ""max_depth"": 5, ""min_child_weight"": 5, ""n_estimators"": 250, ""subsample"": 0.7}",4,2185,0.8054919908466819,0.01788583170300349,5.1091032362600824e+16,2192.578913547333,0.07125685940208049,38.824237201394546
stage2,8423,51,0.65,74772,27,"{""atr_period"": 21, ""horizon_h"": 6, ""ma_windows"": [8, 24, 96], ""mtf_intervals"": [""4h"", ""1d""], ""ret_windows"": [1, 6, 12, 24, 48], ""rsi_period"": 21, ""target_threshold"": 0.006, ""vol_windows"": [24, 48]}","{""colsample_bytree"": 0.7, ""gamma"": 0.2, ""learning_rate"": 0.07, ""max_depth"": 5, ""min_child_weight"": 5, ""n_estimators"": 250, ""subsample"": 0.7}",4,1928,0.825207468879668,0.01866226141598256,2405304134389300.5,2192.578913547333,0.041857261497263876,35.8049881853616
stage2,8423,58,0.52,74772,27,"{""atr_period"": 21, ""horizon_h"": 6, ""ma_windows"": [8, 24, 96], ""mtf_intervals"": [""4h"", ""1d""], ""ret_windows"": [1, 6, 12, 24, 48], ""rsi_period"": 21, ""target_threshold"": 0.006, ""vol_windows"": [24, 48]}","{""colsample_bytree"": 0.7, ""gamma"": 0.0, ""learning_rate"": 0.07, ""max_depth"": 5, ""min_child_weight"": 5, ""n_estimators"": 250, ""subsample"": 1.0}",4,3305,0.7443267776096822,0.014934825782480652,1.310920285261237e+21,2192.578913547333,0.07823454942399288,48.900839104913494
stage2,8423,58,0.55,74772,27,"{""atr_period"": 21, ""horizon_h"": 6, ""ma_windows"": [8, 24, 96], ""mtf_intervals"": [""4h"", ""1d""], ""ret_windows"": [1, 6, 12, 24, 48], ""rsi_period"": 21, ""target_threshold"": 0.006, ""vol_windows"": [24, 48]}","{""colsample_bytree"": 0.7, ""gamma"": 0.0, ""learning_rate"": 0.07, ""max_depth"": 5, ""min_child_weight"": 5, ""n_estimators"": 250, ""subsample"": 1.0}",4,2938,0.7631041524846834,0.01579322756951331,7.053543897625094e+19,2192.578913547333,0.07884120533897343,46.00005547779808
stage2,8423,58,0.58,74772,27,"{""atr_period"": 21, ""horizon_h"": 6, ""ma_windows"": [8, 24, 96], ""mtf_intervals"": [""4h"", ""1d""], ""ret_windows"": [1, 6, 12, 24, 48], ""rsi_period"": 21, ""target_threshold"": 0.006, ""vol_windows"": [24, 48]}","{""colsample_bytree"": 0.7, ""gamma"": 0.0, ""learning_rate"": 0.07, ""max_depth"": 5, ""min_child_weight"": 5, ""n_estimators"": 250, ""subsample"": 1.0}",4,2566,0.7837100545596258,0.01675781928214573,2.453561011315126e+18,2192.578913547333,0.07438050509704175,42.66791246254105
stage2,8423,58,0.6,74772,27,"{""atr_period"": 21, ""horizon_h"": 6, ""ma_windows"": [8, 24, 96], ""mtf_intervals"": [""4h"", ""1d""], ""ret_windows"": [1, 6, 12, 24, 48], ""rsi_period"": 21, ""target_threshold"": 0.006, ""vol_windows"": [24, 48]}","{""colsample_bytree"": 0.7, ""gamma"": 0.0, ""learning_rate"": 0.07, ""max_depth"": 5, ""min_child_weight"": 5, ""n_estimators"": 250, ""subsample"": 1.0}",4,2355,0.7978768577494693,0.01737848383237135,3.1658511565249344e+17,2192.578913547333,0.07438050509704197,40.636507632462326
stage2,8423,58,0.62,74772,27,"{""atr_period"": 21, ""horizon_h"": 6, ""ma_windows"": [8, 24, 96], ""mtf_intervals"": [""4h"", ""1d""], ""ret_windows"": [1, 6, 12, 24, 48], ""rsi_period"": 21, ""target_threshold"": 0.006, ""vol_windows"": [24, 48]}","{""colsample_bytree"": 0.7, ""gamma"": 0.0, ""learning_rate"": 0.07, ""max_depth"": 5, ""min_child_weight"": 5, ""n_estimators"": 250, ""subsample"": 1.0}",4,2140,0.8098130841121496,0.018051112151076455,3.259219173300491e+16,2192.578913547333,0.07438050509704186,38.377918249151804
stage2,8423,58,0.65,74772,27,"{""atr_period"": 21, ""horizon_h"": 6, ""ma_windows"": [8, 24, 96], ""mtf_intervals"": [""4h"", ""1d""], ""ret_windows"": [1, 6, 12, 24, 48], ""rsi_period"": 21, ""target_threshold"": 0.006, ""vol_windows"": [24, 48]}","{""colsample_bytree"": 0.7, ""gamma"": 0.0, ""learning_rate"": 0.07, ""max_depth"": 5, ""min_child_weight"": 5, ""n_estimators"": 250, ""subsample"": 1.0}",4,1862,0.8276047261009667,0.019023519889835378,1366764290892324.0,2192.578913547333,0.07438050509704186,35.228304197212836
stage2,8423,50,0.52,74772,27,"{""atr_period"": 21, ""horizon_h"": 6, ""ma_windows"": [8, 24, 96], ""mtf_intervals"": [""4h"", ""1d""], ""ret_windows"": [1, 6, 12, 24, 48], ""rsi_period"": 21, ""target_threshold"": 0.006, ""vol_windows"": [24, 48]}","{""colsample_bytree"": 0.7, ""gamma"": 0.0, ""learning_rate"": 0.07, ""max_depth"": 5, ""min_child_weight"": 5, ""n_estimators"": 250, ""subsample"": 0.7}",4,3353,0.7390396659707724,0.01485182677878097,2.0308247298012676e+21,2192.578913547333,0.07422883788216605,49.33566086232685
stage2,8423,50,0.55,74772,27,"{""atr_period"": 21, ""horizon_h"": 6, ""ma_windows"": [8, 24, 96], ""mtf_intervals"": [""4h"", ""1d""], ""ret_windows"": [1, 6, 12, 24, 48], ""rsi_period"": 21, ""target_threshold"": 0.006, ""vol_windows"": [24, 48]}","{""colsample_bytree"": 0.7, ""gamma"": 0.0, ""learning_rate"": 0.07, ""max_depth"": 5, ""min_child_weight"": 5, ""n_estimators"": 250, ""subsample"": 0.7}",4,3000,0.757,0.015584846267791278,1.0081213620882583e+20,2192.578913547333,0.07422883788216605,46.352954772381054
stage2,8423,50,0.58,74772,27,"{""atr_period"": 21, ""horizon_h"": 6, ""ma_windows"": [8, 24, 96], ""mtf_intervals"": [""4h"", ""1d""], ""ret_windows"": [1, 6, 12, 24, 48], ""rsi_period"": 21, ""target_threshold"": 0.006, ""vol_windows"": [24, 48]}","{""colsample_bytree"": 0.7, ""gamma"": 0.0, ""learning_rate"": 0.07, ""max_depth"": 5, ""min_child_weight"": 5, ""n_estimators"": 250, ""subsample"": 0.7}",4,2644,0.7738275340393344,0.016417571489342,3.688116098931887e+18,2192.578913547333,0.07438050509704186,43.064859805876964
stage2,8423,50,0.6,74772,27,"{""atr_period"": 21, ""horizon_h"": 6, ""ma_windows"": [8, 24, 96], ""mtf_intervals"": [""4h"", ""1d""], ""ret_windows"": [1, 6, 12, 24, 48], ""rsi_period"": 21, ""target_threshold"": 0.006, ""vol_windows"": [24, 48]}","{""colsample_bytree"": 0.7, ""gamma"": 0.0, ""learning_rate"": 0.07, ""max_depth"": 5, ""min_child_weight"": 5, ""n_estimators"": 250, ""subsample"": 0.7}",4,2410,0.7921161825726141,0.01706281122194564,3.8549310480258906e+17,2192.578913547333,0.07438050509704175,40.82630488466464
stage2,8423,50,0.62,74772,27,"{""atr_period"": 21, ""horizon_h"": 6, ""ma_windows"": [8, 24, 96], ""mtf_intervals"": [""4h"", ""1d""], ""ret_windows"": [1, 6, 12, 24, 48], ""rsi_period"": 21, ""target_threshold"": 0.006, ""vol_windows"": [24, 48]}","{""colsample_bytree"": 0.7, ""gamma"": 0.0, ""learning_rate"": 0.07, ""max_depth"": 5, ""min_child_weight"": 5, ""n_estimators"": 250, ""subsample"": 0.7}",4,2206,0.8077969174977334,0.01772726990601784,5.267371153262815e+16,2192.578913547333,0.07438050509704175,38.85375833429959
stage2,8423,50,0.65,74772,27,"{""atr_period"": 21, ""horizon_h"": 6, ""ma_windows"": [8, 24, 96], ""mtf_intervals"": [""4h"", ""1d""], ""ret_windows"": [1, 6, 12, 24, 48], ""rsi_period"": 21, ""target_threshold"": 0.006, ""vol_windows"": [24, 48]}","{""colsample_bytree"": 0.7, ""gamma"": 0.0, ""learning_rate"": 0.07, ""max_depth"": 5, ""min_child_weight"": 5, ""n_estimators"": 250, ""subsample"": 0.7}",4,1922,0.8225806451612904,0.018697366264960755,2298188637875759.5,2192.578913547333,0.0532293775227084,35.75192641630405
stage2,8423,48,0.52,74772,27,"{""atr_period"": 21, ""horizon_h"": 6, ""ma_windows"": [8, 24, 96], ""mtf_intervals"": [""4h"", ""1d""], ""ret_windows"": [1, 6, 12, 24, 48], ""rsi_period"": 21, ""target_threshold"": 0.006, ""vol_windows"": [24, 48]}","{""colsample_bytree"": 0.7, ""gamma"": 0.0, ""learning_rate"": 0.07, ""max_depth"": 5, ""min_child_weight"": 1, ""n_estimators"": 250, ""subsample"": 0.7}",4,3364,0.7425683709869203,0.01476463860619148,1.7911441161743324e+21,2192.578913547333,0.0720349392247488,49.21329587561861
stage2,8423,48,0.55,74772,27,"{""atr_period"": 21, ""horizon_h"": 6, ""ma_windows"": [8, 24, 96], ""mtf_intervals"": [""4h"", ""1d""], ""ret_windows"": [1, 6, 12, 24, 48], ""rsi_period"": 21, ""target_threshold"": 0.006, ""vol_windows"": [24, 48]}","{""colsample_bytree"": 0.7, ""gamma"": 0.0, ""learning_rate"": 0.07, ""max_depth"": 5, ""min_child_weight"": 1, ""n_estimators"": 250, ""subsample"": 0.7}",4,2987,0.7592902577837295,0.015617495497686547,9.040013075249437e+19,2192.578913547333,0.07899211691902852,46.24365349941602
stage2,8423,48,0.58,74772,27,"{""atr_period"": 21, ""horizon_h"": 6, ""ma_windows"": [8, 24, 96], ""mtf_intervals"": [""4h"", ""1d""], ""ret_windows"": [1, 6, 12, 24, 48], ""rsi_period"": 21, ""target_threshold"": 0.006, ""vol_windows"": [24, 48]}","{""colsample_bytree"": 0.7, ""gamma"": 0.0, ""learning_rate"": 0.07, ""max_depth"": 5, ""min_child_weight"": 1, ""n_estimators"": 250, ""subsample"": 0.7}",4,2637,0.7770193401592719,0.016458545416932733,3.649446535225146e+18,2192.578913547333,0.07899211691902841,43.05489497280808
stage2,8423,48,0.6,74772,27,"{""atr_period"": 21, ""horizon_h"": 6, ""ma_windows"": [8, 24, 96], ""mtf_intervals"": [""4h"", ""1d""], ""ret_windows"": [1, 6, 12, 24, 48], ""rsi_period"": 21, ""target_threshold"": 0.006, ""vol_windows"": [24, 48]}","{""colsample_bytree"": 0.7, ""gamma"": 0.0, ""learning_rate"": 0.07, ""max_depth"": 5, ""min_child_weight"": 1, ""n_estimators"": 250, ""subsample"": 0.7}",4,2440,0.7905737704918033,0.017019727457594284,5.7356293498882566e+17,2192.578913547333,0.07899211691902841,41.219764841482615
stage2,8423,48,0.62,74772,27,"{""atr_period"": 21, ""horizon_h"": 6, ""ma_windows"": [8, 24, 96], ""mtf_intervals"": [""4h"", ""1d""], ""ret_windows"": [1, 6, 12, 24, 48], ""rsi_period"": 21, ""target_threshold"": 0.006, ""vol_windows"": [24, 48]}","{""colsample_bytree"": 0.7, ""gamma"": 0.0, ""learning_rate"": 0.07, ""max_depth"": 5, ""min_child_weight"": 1, ""n_estimators"": 250, ""subsample"": 0.7}",4,2228,0.8056552962298025,0.017661537764083413,6.666273735840075e+16,2192.578913547333,0.07422883788216617,39.08712465158504
stage2,8423,48,0.65,74772,27,"{""atr_period"": 21, ""horizon_h"": 6, ""ma_windows"": [8, 24, 96], ""mtf_intervals"": [""4h"", ""1d""], ""ret_windows"": [1, 6, 12, 24, 48], ""rsi_period"": 21, ""target_threshold"": 0.006, ""vol_windows"": [24, 48]}","{""colsample_bytree"": 0.7, ""gamma"": 0.0, ""learning_rate"": 0.07, ""max_depth"": 5, ""min_child_weight"": 1, ""n_estimators"": 250, ""subsample"": 0.7}",4,1957,0.8150229943791517,0.018409820745078853,2508724796183245.0,2192.578913547333,0.07422883788216594,35.82073351214708
stage2,8423,57,0.52,74772,27,"{""atr_period"": 21, ""horizon_h"": 6, ""ma_windows"": [8, 24, 96], ""mtf_intervals"": [""4h"", ""1d""], ""ret_windows"": [1, 6, 12, 24, 48], ""rsi_period"": 21, ""target_threshold"": 0.006, ""vol_windows"": [24, 48]}","{""colsample_bytree"": 0.7, ""gamma"": 0.2, ""learning_rate"": 0.07, ""max_depth"": 5, ""min_child_weight"": 1, ""n_estimators"": 250, ""subsample"": 1.0}",4,3304,0.7433414043583535,0.014866377945412854,1.0347392968336415e+21,2192.578913547333,0.07884120533897332,48.66262000512665
stage2,8423,57,0.55,74772,27,"{""atr_period"": 21, ""horizon_h"": 6, ""ma_windows"": [8, 24, 96], ""mtf_intervals"": [""4h"", ""1d""], ""ret_windows"": [1, 6, 12, 24, 48], ""rsi_period"": 21, ""target_threshold"": 0.006, ""vol_windows"": [24, 48]}","{""colsample_bytree"": 0.7, ""gamma"": 0.2, ""learning_rate"": 0.07, ""max_depth"": 5, ""min_child_weight"": 1, ""n_estimators"": 250, ""subsample"": 1.0}",4,2941,0.763685821149269,0.01574242315143734,6.399199444821521e+19,2192.578913547333,0.07884120533897354,45.902757102143276
stage2,8423,57,0.58,74772,27,"{""atr_period"": 21, ""horizon_h"": 6, ""ma_windows"": [8, 24, 96], ""mtf_intervals"": [""4h"", ""1d""], ""ret_windows"": [1, 6, 12, 24, 48], ""rsi_period"": 21, ""target_threshold"": 0.006, ""vol_windows"": [24, 48]}","{""colsample_bytree"": 0.7, ""gamma"": 0.2, ""learning_rate"": 0.07, ""max_depth"": 5, ""min_child_weight"": 1, ""n_estimators"": 250, ""subsample"": 1.0}",4,2593,0.7828769764751253,0.016628050379171172,2.7540081046673096e+18,2192.578913547333,0.07899211691902841,42.77941894282012
stage2,8423,57,0.6,74772,27,"{""atr_period"": 21, ""horizon_h"": 6, ""ma_windows"": [8, 24, 96], ""mtf_intervals"": [""4h"", ""1d""], ""ret_windows"": [1, 6, 12, 24, 48], ""rsi_period"": 21, ""target_threshold"": 0.006, ""vol_windows"": [24, 48]}","{""colsample_bytree"": 0.7, ""gamma"": 0.2, ""learning_rate"": 0.07, ""max_depth"": 5, ""min_child_weight"": 1, ""n_estimators"": 250, ""subsample"": 1.0}",4,2366,0.7958579881656804,0.017224881661565605,2.66749907144939e+17,2192.578913547333,0.07125685940208049,40.46394495111882
stage2,8423,57,0.62,74772,27,"{""atr_period"": 21, ""horizon_h"": 6, ""ma_windows"": [8, 24, 96], ""mtf_intervals"": [""4h"", ""1d""], ""ret_windows"": [1, 6, 12, 24, 48], ""rsi_period"": 21, ""target_threshold"": 0.006, ""vol_windows"": [24, 48]}","{""colsample_bytree"": 0.7, ""gamma"": 0.2, ""learning_rate"": 0.07, ""max_depth"": 5, ""min_child_weight"": 1, ""n_estimators"": 250, ""subsample"": 1.0}",4,2164,0.8045286506469501,0.017726900300247303,2.5141028741822244e+16,2192.578913547333,0.07125685940208037,38.11308721097205
stage2,8423,57,0.65,74772,27,"{""atr_period"": 21, ""horizon_h"": 6, ""ma_windows"": [8, 24, 96], ""mtf_intervals"": [""4h"", ""1d""], ""ret_windows"": [1, 6, 12, 24, 48], ""rsi_period"": 21, ""target_threshold"": 0.006, ""vol_windows"": [24, 48]}","{""colsample_bytree"": 0.7, ""gamma"": 0.2, ""learning_rate"": 0.07, ""max_depth"": 5, ""min_child_weight"": 1, ""n_estimators"": 250, ""subsample"": 1.0}",4,1876,0.8192963752665245,0.018669669978585,930194713517860.4,2192.578913547333,0.054652592210135076,34.84388321347202
stage2,8423,61,0.52,74772,27,"{""atr_period"": 21, ""horizon_h"": 6, ""ma_windows"": [8, 24, 96], ""mtf_intervals"": [""4h"", ""1d""], ""ret_windows"": [1, 6, 12, 24, 48], ""rsi_period"": 21, ""target_threshold"": 0.006, ""vol_windows"": [24, 48]}","{""colsample_bytree"": 1.0, ""gamma"": 0.2, ""learning_rate"": 0.07, ""max_depth"": 5, ""min_child_weight"": 1, ""n_estimators"": 250, ""subsample"": 1.0}",4,3380,0.73698224852071,0.014740446845607238,2.0784063282703649e+21,2192.578913547333,0.07884120533897343,49.35397713549627
stage2,8423,61,0.55,74772,27,"{""atr_period"": 21, ""horizon_h"": 6, ""ma_windows"": [8, 24, 96], ""mtf_intervals"": [""4h"", ""1d""], ""ret_windows"": [1, 6, 12, 24, 48], ""rsi_period"": 21, ""target_threshold"": 0.006, ""vol_windows"": [24, 48]}","{""colsample_bytree"": 1.0, ""gamma"": 0.2, ""learning_rate"": 0.07, ""max_depth"": 5, ""min_child_weight"": 1, ""n_estimators"": 250, ""subsample"": 1.0}",4,3008,0.7519946808510638,0.015472381866104126,8.126037206325405e+19,2192.578913547333,0.07884120533897365,46.130144340058635
stage2,8423,61,0.58,74772,27,"{""atr_period"": 21, ""horizon_h"": 6, ""ma_windows"": [8, 24, 96], ""mtf_intervals"": [""4h"", ""1d""], ""ret_windows"": [1, 6, 12, 24, 48], ""rsi_period"": 21, ""target_threshold"": 0.006, ""vol_windows"": [24, 48]}","{""colsample_bytree"": 1.0, ""gamma"": 0.2, ""learning_rate"": 0.07, ""max_depth"": 5, ""min_child_weight"": 1, ""n_estimators"": 250, ""subsample"": 1.0}",4,2659,0.7739751786385859,0.016433745411159235,4.886995741904827e+18,2192.578913547333,0.07438050509704186,43.346569274521435
stage2,8423,61,0.6,74772,27,"{""atr_period"": 21, ""horizon_h"": 6, ""ma_windows"": [8, 24, 96], ""mtf_intervals"": [""4h"", ""1d""], ""ret_windows"": [1, 6, 12, 24, 48], ""rsi_period"": 21, ""target_threshold"": 0.006, ""vol_windows"": [24, 48]}","{""colsample_bytree"": 1.0, ""gamma"": 0.2, ""learning_rate"": 0.07, ""max_depth"": 5, ""min_child_weight"": 1, ""n_estimators"": 250, ""subsample"": 1.0}",4,2452,0.785889070146819,0.01693326327683589,5.6951539564850765e+17,2192.578913547333,0.07438050509704164,41.21054932083951
stage2,8423,61,0.62,74772,27,"{""atr_period"": 21, ""horizon_h"": 6, ""ma_windows"": [8, 24, 96], ""mtf_intervals"": [""4h"", ""1d""], ""ret_windows"": [1, 6, 12, 24, 48], ""rsi_period"": 21, ""target_threshold"": 0.006, ""vol_windows"": [24, 48]}","{""colsample_bytree"": 1.0, ""gamma"": 0.2, ""learning_rate"": 0.07, ""max_depth"": 5, ""min_child_weight"": 1, ""n_estimators"": 250, ""subsample"": 1.0}",4,2239,0.8021438142027691,0.01761114677074744,7.227960777210366e+16,2192.578913547333,0.07438050509704186,39.16473240709307
stage2,8423,61,0.65,74772,27,"{""atr_period"": 21, ""horizon_h"": 6, ""ma_windows"": [8, 24, 96], ""mtf_intervals"": [""4h"", ""1d""], ""ret_windows"": [1, 6, 12, 24, 48], ""rsi_period"": 21, ""target_threshold"": 0.006, ""vol_windows"": [24, 48]}","{""colsample_bytree"": 1.0, ""gamma"": 0.2, ""learning_rate"": 0.07, ""max_depth"": 5, ""min_child_weight"": 1, ""n_estimators"": 250, ""subsample"": 1.0}",4,1966,0.8214649033570702,0.018559005952173094,3932112327333138.5,2192.578913547333,0.07125685940208049,36.27796870487001
stage2,8423,38,0.52,74772,27,"{""atr_period"": 21, ""horizon_h"": 6, ""ma_windows"": [8, 24, 96], ""mtf_intervals"": [""4h"", ""1d""], ""ret_windows"": [1, 6, 12, 24, 48], ""rsi_period"": 21, ""target_threshold"": 0.006, ""vol_windows"": [24, 48]}","{""colsample_bytree"": 1.0, ""gamma"": 0.0, ""learning_rate"": 0.03, ""max_depth"": 5, ""min_child_weight"": 5, ""n_estimators"": 250, ""subsample"": 0.7}",4,3071,0.7564311299251059,0.015510238072432877,2.3755618340865973e+20,2192.578913547333,0.07899211691902852,47.206666581171916
stage2,8423,38,0.55,74772,27,"{""atr_period"": 21, ""horizon_h"": 6, ""ma_windows"": [8, 24, 96], ""mtf_intervals"": [""4h"", ""1d""], ""ret_windows"": [1, 6, 12, 24, 48], ""rsi_period"": 21, ""target_threshold"": 0.006, ""vol_windows"": [24, 48]}","{""colsample_bytree"": 1.0, ""gamma"": 0.0, ""learning_rate"": 0.03, ""max_depth"": 5, ""min_child_weight"": 5, ""n_estimators"": 250, ""subsample"": 0.7}",4,2685,0.7772811918063315,0.016513393167153393,9.164496846993754e+18,2192.578913547333,0.07438050509704197,43.97861050051067
stage2,8423,38,0.58,74772,27,"{""atr_period"": 21, ""horizon_h"": 6, ""ma_windows"": [8, 24, 96], ""mtf_intervals"": [""4h"", ""1d""], ""ret_windows"": [1, 6, 12, 24, 48], ""rsi_period"": 21, ""target_threshold"": 0.006, ""vol_windows"": [24, 48]}","{""colsample_bytree"": 1.0, ""gamma"": 0.0, ""learning_rate"": 0.03, ""max_depth"": 5, ""min_child_weight"": 5, ""n_estimators"": 250, ""subsample"": 0.7}",4,2337,0.7976037655113393,0.017467708757410858,2.8492727005134797e+17,2192.578913547333,0.07422883788216617,40.5317206133371
stage2,8423,38,0.6,74772,27,"{""atr_period"": 21, ""horizon_h"": 6, ""ma_windows"": [8, 24, 96], ""mtf_intervals"": [""4h"", ""1d""], ""ret_windows"": [1, 6, 12, 24, 48], ""rsi_period"": 21, ""target_threshold"": 0.006, ""vol_windows"": [24, 48]}","{""colsample_bytree"": 1.0, ""gamma"": 0.0, ""learning_rate"": 0.03, ""max_depth"": 5, ""min_child_weight"": 5, ""n_estimators"": 250, ""subsample"": 0.7}",4,2125,0.8075294117647058,0.01794875273445979,2.027661074879261e+16,2192.578913547333,0.07110468036280448,37.90230564793253
stage2,8423,38,0.62,74772,27,"{""atr_period"": 21, ""horizon_h"": 6, ""ma_windows"": [8, 24, 96], ""mtf_intervals"": [""4h"", ""1d""], ""ret_windows"": [1, 6, 12, 24, 48], ""rsi_period"": 21, ""target_threshold"": 0.006, ""vol_windows"": [24, 48]}","{""colsample_bytree"": 1.0, ""gamma"": 0.0, ""learning_rate"": 0.03, ""max_depth"": 5, ""min_child_weight"": 5, ""n_estimators"": 250, ""subsample"": 0.7}",4,1927,0.8142189932537623,0.018473401127442557,1649975139925571.8,2192.578913547333,0.041857261497263876,35.41777038887181
stage2,8423,38,0.65,74772,27,"{""atr_period"": 21, ""horizon_h"": 6, ""ma_windows"": [8, 24, 96], ""mtf_intervals"": [""4h"", ""1d""], ""ret_windows"": [1, 6, 12, 24, 48], ""rsi_period"": 21, ""target_threshold"": 0.006, ""vol_windows"": [24, 48]}","{""colsample_bytree"": 1.0, ""gamma"": 0.0, ""learning_rate"": 0.03, ""max_depth"": 5, ""min_child_weight"": 5, ""n_estimators"": 250, ""subsample"": 0.7}",4,1618,0.8349814585908529,0.019618284335149158,36545908488484.586,2192.578913547333,0.041857261497263876,31.633593163803994
stage2,8423,36,0.52,74772,27,"{""atr_period"": 21, ""horizon_h"": 6, ""ma_windows"": [8, 24, 96], ""mtf_intervals"": [""4h"", ""1d""], ""ret_windows"": [1, 6, 12, 24, 48], ""rsi_period"": 21, ""target_threshold"": 0.006, ""vol_windows"": [24, 48]}","{""colsample_bytree"": 1.0, ""gamma"": 0.0, ""learning_rate"": 0.03, ""max_depth"": 5, ""min_child_weight"": 1, ""n_estimators"": 250, ""subsample"": 0.7}",4,3115,0.7528089887640449,0.015355059157301348,2.892542128875746e+20,2192.578913547333,0.07884120533897343,47.399504666327
stage2,8423,36,0.55,74772,27,"{""atr_period"": 21, ""horizon_h"": 6, ""ma_windows"": [8, 24, 96], ""mtf_intervals"": [""4h"", ""1d""], ""ret_windows"": [1, 6, 12, 24, 48], ""rsi_period"": 21, ""target_threshold"": 0.006, ""vol_windows"": [24, 48]}","{""colsample_bytree"": 1.0, ""gamma"": 0.0, ""learning_rate"": 0.03, ""max_depth"": 5, ""min_child_weight"": 1, ""n_estimators"": 250, ""subsample"": 0.7}",4,2709,0.7774086378737541,0.016529155244422084,1.4110779573503027e+19,2192.578913547333,0.07438050509704175,44.41044058765392
stage2,8423,36,0.58,74772,27,"{""atr_period"": 21, ""horizon_h"": 6, ""ma_windows"": [8, 24, 96], ""mtf_intervals"": [""4h"", ""1d""], ""ret_windows"": [1, 6, 12, 24, 48], ""rsi_period"": 21, ""target_threshold"": 0.006, ""vol_windows"": [24, 48]}","{""colsample_bytree"": 1.0, ""gamma"": 0.0, ""learning_rate"": 0.03, ""max_depth"": 5, ""min_child_weight"": 1, ""n_estimators"": 250, ""subsample"": 0.7}",4,2350,0.7931914893617021,0.017467399412568425,3.5400528287186874e+17,2192.578913547333,0.07110468036280437,40.74682827790848
stage2,8423,36,0.6,74772,27,"{""atr_period"": 21, ""horizon_h"": 6, ""ma_windows"": [8, 24, 96], ""mtf_intervals"": [""4h"", ""1d""], ""ret_windows"": [1, 6, 12, 24, 48], ""rsi_period"": 21, ""target_threshold"": 0.006, ""vol_windows"": [24, 48]}","{""colsample_bytree"": 1.0, ""gamma"": 0.0, ""learning_rate"": 0.03, ""max_depth"": 5, ""min_child_weight"": 1, ""n_estimators"": 250, ""subsample"": 0.7}",4,2126,0.8071495766698025,0.01808611708797775,2.7350421690266164e+16,2192.578913547333,0.05465259221013519,38.21059064388568
stage2,8423,36,0.62,74772,27,"{""atr_period"": 21, ""horizon_h"": 6, ""ma_windows"": [8, 24, 96], ""mtf_intervals"": [""4h"", ""1d""], ""ret_windows"": [1, 6, 12, 24, 48], ""rsi_period"": 21, ""target_threshold"": 0.006, ""vol_windows"": [24, 48]}","{""colsample_bytree"": 1.0, ""gamma"": 0.0, ""learning_rate"": 0.03, ""max_depth"": 5, ""min_child_weight"": 1, ""n_estimators"": 250, ""subsample"": 0.7}",4,1922,0.8152965660770031,0.018471786909504066,1494700015091334.8,2192.578913547333,0.04776729754259379,35.316829822183216
stage2,8423,36,0.65,74772,27,"{""atr_period"": 21, ""horizon_h"": 6, ""ma_windows"": [8, 24, 96], ""mtf_intervals"": [""4h"", ""1d""], ""ret_windows"": [1, 6, 12, 24, 48], ""rsi_period"": 21, ""target_threshold"": 0.006, ""vol_windows"": [24, 48]}","{""colsample_bytree"": 1.0, ""gamma"": 0.0, ""learning_rate"": 0.03, ""max_depth"": 5, ""min_child_weight"": 1, ""n_estimators"": 250, ""subsample"": 0.7}",4,1629,0.8348680171884592,0.019580045664395314,42397569530886.26,2192.578913547333,0.041857261497263876,31.78171830245601
stage2,8423,32,0.52,74772,27,"{""atr_period"": 21, ""horizon_h"": 6, ""ma_windows"": [8, 24, 96], ""mtf_intervals"": [""4h"", ""1d""], ""ret_windows"": [1, 6, 12, 24, 48], ""rsi_period"": 21, ""target_threshold"": 0.006, ""vol_windows"": [24, 48]}","{""colsample_bytree"": 0.7, ""gamma"": 0.0, ""learning_rate"": 0.03, ""max_depth"": 5, ""min_child_weight"": 1, ""n_estimators"": 250, ""subsample"": 0.7}",4,3028,0.7556142668428005,0.015516650582268239,1.2551582649328668e+20,2192.578913547333,0.07884120533897354,46.5681675474929
stage2,8423,32,0.55,74772,27,"{""atr_period"": 21, ""horizon_h"": 6, ""ma_windows"": [8, 24, 96], ""mtf_intervals"": [""4h"", ""1d""], ""ret_windows"": [1, 6, 12, 24, 48], ""rsi_period"": 21, ""target_threshold"": 0.006, ""vol_windows"": [24, 48]}","{""colsample_bytree"": 0.7, ""gamma"": 0.0, ""learning_rate"": 0.03, ""max_depth"": 5, ""min_child_weight"": 1, ""n_estimators"": 250, ""subsample"": 0.7}",4,2653,0.7794949114210328,0.016564899187123637,6.236773428321764e+18,2192.578913547333,0.07422883788216605,43.59599534744096
stage2,8423,32,0.58,74772,27,"{""atr_period"": 21, ""horizon_h"": 6, ""ma_windows"": [8, 24, 96], ""mtf_intervals"": [""4h"", ""1d""], ""ret_windows"": [1, 6, 12, 24, 48], ""rsi_period"": 21, ""target_threshold"": 0.006, ""vol_windows"": [24, 48]}","{""colsample_bytree"": 0.7, ""gamma"": 0.0, ""learning_rate"": 0.03, ""max_depth"": 5, ""min_child_weight"": 1, ""n_estimators"": 250, ""subsample"": 0.7}",4,2309,0.7951494153313122,0.017417804107684738,1.565447262290843e+17,2192.578913547333,0.0711046803628046,39.93202777960684
stage2,8423,32,0.6,74772,27,"{""atr_period"": 21, ""horizon_h"": 6, ""ma_windows"": [8, 24, 96], ""mtf_intervals"": [""4h"", ""1d""], ""ret_windows"": [1, 6, 12, 24, 48], ""rsi_period"": 21, ""target_threshold"": 0.006, ""vol_windows"": [24, 48]}","{""colsample_bytree"": 0.7, ""gamma"": 0.0, ""learning_rate"": 0.03, ""max_depth"": 5, ""min_child_weight"": 1, ""n_estimators"": 250, ""subsample"": 0.7}",4,2065,0.8053268765133171,0.018020068229695364,8063781829784051.0,2192.578913547333,0.07110468036280448,36.979028757902235
stage2,8423,32,0.62,74772,27,"{""atr_period"": 21, ""horizon_h"": 6, ""ma_windows"": [8, 24, 96], ""mtf_intervals"": [""4h"", ""1d""], ""ret_windows"": [1, 6, 12, 24, 48], ""rsi_period"": 21, ""target_threshold"": 0.006, ""vol_windows"": [24, 48]}","{""colsample_bytree"": 0.7, ""gamma"": 0.0, ""learning_rate"": 0.03, ""max_depth"": 5, ""min_child_weight"": 1, ""n_estimators"": 250, ""subsample"": 0.7}",4,1844,0.81941431670282,0.018810366784950606,665368284007051.1,2192.578913547333,0.054652592210135076,34.510049905361655
stage2,8423,32,0.65,74772,27,"{""atr_period"": 21, ""horizon_h"": 6, ""ma_windows"": [8, 24, 96], ""mtf_intervals"": [""4h"", ""1d""], ""ret_windows"": [1, 6, 12, 24, 48], ""rsi_period"": 21, ""target_threshold"": 0.006, ""vol_windows"": [24, 48]}","{""colsample_bytree"": 0.7, ""gamma"": 0.0, ""learning_rate"": 0.03, ""max_depth"": 5, ""min_child_weight"": 1, ""n_estimators"": 250, ""subsample"": 0.7}",4,1541,0.8377676833225178,0.0199534928871467,13605023595978.371,2192.578913547333,0.05465259221013519,30.643976016173152
stage2,8423,42,0.52,74772,27,"{""atr_period"": 21, ""horizon_h"": 6, ""ma_windows"": [8, 24, 96], ""mtf_intervals"": [""4h"", ""1d""], ""ret_windows"": [1, 6, 12, 24, 48], ""rsi_period"": 21, ""target_threshold"": 0.006, ""vol_windows"": [24, 48]}","{""colsample_bytree"": 0.7, ""gamma"": 0.0, ""learning_rate"": 0.03, ""max_depth"": 5, ""min_child_weight"": 5, ""n_estimators"": 250, ""subsample"": 1.0}",4,2989,0.7587822014051522,0.015614604354360902,9.185893864508011e+19,2192.578913547333,0.07361914435845174,46.26191882245474
stage2,8423,42,0.55,74772,27,"{""atr_period"": 21, ""horizon_h"": 6, ""ma_windows"": [8, 24, 96], ""mtf_intervals"": [""4h"", ""1d""], ""ret_windows"": [1, 6, 12, 24, 48], ""rsi_period"": 21, ""target_threshold"": 0.006, ""vol_windows"": [24, 48]}","{""colsample_bytree"": 0.7, ""gamma"": 0.0, ""learning_rate"": 0.03, ""max_depth"": 5, ""min_child_weight"": 5, ""n_estimators"": 250, ""subsample"": 1.0}",4,2583,0.7804878048780488,0.01655686376510509,1.9426271358908132e+18,2192.578913547333,0.07422883788216605,42.430303659715
stage2,8423,42,0.58,74772,27,"{""atr_period"": 21, ""horizon_h"": 6, ""ma_windows"": [8, 24, 96], ""mtf_intervals"": [""4h"", ""1d""], ""ret_windows"": [1, 6, 12, 24, 48], ""rsi_period"": 21, ""target_threshold"": 0.006, ""vol_windows"": [24, 48]}","{""colsample_bytree"": 0.7, ""gamma"": 0.0, ""learning_rate"": 0.03, ""max_depth"": 5, ""min_child_weight"": 5, ""n_estimators"": 250, ""subsample"": 1.0}",4,2249,0.7976878612716763,0.017499613833540185,6.683121518945553e+16,2192.578913547333,0.07422883788216605,39.0819794403057
stage2,8423,42,0.6,74772,27,"{""atr_period"": 21, ""horizon_h"": 6, ""ma_windows"": [8, 24, 96], ""mtf_intervals"": [""4h"", ""1d""], ""ret_windows"": [1, 6, 12, 24, 48], ""rsi_period"": 21, ""target_threshold"": 0.006, ""vol_windows"": [24, 48]}","{""colsample_bytree"": 0.7, ""gamma"": 0.0, ""learning_rate"": 0.03, ""max_depth"": 5, ""min_child_weight"": 5, ""n_estimators"": 250, ""subsample"": 1.0}",4,2002,0.8066933066933067,0.018133663242150305,3287243066763341.5,2192.578913547333,0.07110468036280448,36.083697245874085
stage2,8423,42,0.62,74772,27,"{""atr_period"": 21, ""horizon_h"": 6, ""ma_windows"": [8, 24, 96], ""mtf_intervals"": [""4h"", ""1d""], ""ret_windows"": [1, 6, 12, 24, 48], ""rsi_period"": 21, ""target_threshold"": 0.006, ""vol_windows"": [24, 48]}","{""colsample_bytree"": 0.7, ""gamma"": 0.0, ""learning_rate"": 0.03, ""max_depth"": 5, ""min_child_weight"": 5, ""n_estimators"": 250, ""subsample"": 1.0}",4,1793,0.8181818181818182,0.018798569622488565,253158192111604.44,2192.578913547333,0.05465259221013519,33.54264338994275
stage2,8423,42,0.65,74772,27,"{""atr_period"": 21, ""horizon_h"": 6, ""ma_windows"": [8, 24, 96], ""mtf_intervals"": [""4h"", ""1d""], ""ret_windows"": [1, 6, 12, 24, 48], ""rsi_period"": 21, ""target_threshold"": 0.006, ""vol_windows"": [24, 48]}","{""colsample_bytree"": 0.7, ""gamma"": 0.0, ""learning_rate"": 0.03, ""max_depth"": 5, ""min_child_weight"": 5, ""n_estimators"": 250, ""subsample"": 1.0}",4,1500,0.8366666666666667,0.020116735342181717,7720080468584.087,2192.578913547333,0.05465259221013519,30.07778682326835
stage2,8423,44,0.52,74772,27,"{""atr_period"": 21, ""horizon_h"": 6, ""ma_windows"": [8, 24, 96], ""mtf_intervals"": [""4h"", ""1d""], ""ret_windows"": [1, 6, 12, 24, 48], ""rsi_period"": 21, ""target_threshold"": 0.006, ""vol_windows"": [24, 48]}","{""colsample_bytree"": 1.0, ""gamma"": 0.0, ""learning_rate"": 0.03, ""max_depth"": 5, ""min_child_weight"": 1, ""n_estimators"": 250, ""subsample"": 1.0}",4,3010,0.7538205980066445,0.015530203046494308,9.882218471698193e+19,2192.578913547333,0.07899211691902852,46.32765583942855
stage2,8423,44,0.55,74772,27,"{""atr_period"": 21, ""horizon_h"": 6, ""ma_windows"": [8, 24, 96], ""mtf_intervals"": [""4h"", ""1d""], ""ret_windows"": [1, 6, 12, 24, 48], ""rsi_period"": 21, ""target_threshold"": 0.006, ""vol_windows"": [24, 48]}","{""colsample_bytree"": 1.0, ""gamma"": 0.0, ""learning_rate"": 0.03, ""max_depth"": 5, ""min_child_weight"": 1, ""n_estimators"": 250, ""subsample"": 1.0}",4,2644,0.7738275340393344,0.016462550915008912,4.1146974629551826e+18,2192.578913547333,0.07884120533897332,43.172438816655614
stage2,8423,44,0.58,74772,27,"{""atr_period"": 21, ""horizon_h"": 6, ""ma_windows"": [8, 24, 96], ""mtf_intervals"": [""4h"", ""1d""], ""ret_windows"": [1, 6, 12, 24, 48], ""rsi_period"": 21, ""target_threshold"": 0.006, ""vol_windows"": [24, 48]}","{""colsample_bytree"": 1.0, ""gamma"": 0.0, ""learning_rate"": 0.03, ""max_depth"": 5, ""min_child_weight"": 1, ""n_estimators"": 250, ""subsample"": 1.0}",4,2282,0.7962313759859773,0.017518580700051252,1.2355587796737086e+17,2192.578913547333,0.07884120533897365,39.69318304554944
stage2,8423,44,0.6,74772,27,"{""atr_period"": 21, ""horizon_h"": 6, ""ma_windows"": [8, 24, 96], ""mtf_intervals"": [""4h"", ""1d""], ""ret_windows"": [1, 6, 12, 24, 48], ""rsi_period"": 21, ""target_threshold"": 0.006, ""vol_windows"": [24, 48]}","{""colsample_bytree"": 1.0, ""gamma"": 0.0, ""learning_rate"": 0.03, ""max_depth"": 5, ""min_child_weight"": 1, ""n_estimators"": 250, ""subsample"": 1.0}",4,2052,0.8123781676413255,0.01821462903541809,9497330422389658.0,2192.578913547333,0.07422883788216617,37.1482922933128
stage2,8423,44,0.62,74772,27,"{""atr_period"": 21, ""horizon_h"": 6, ""ma_windows"": [8, 24, 96], ""mtf_intervals"": [""4h"", ""1d""], ""ret_windows"": [1, 6, 12, 24, 48], ""rsi_period"": 21, ""target_threshold"": 0.006, ""vol_windows"": [24, 48]}","{""colsample_bytree"": 1.0, ""gamma"": 0.0, ""learning_rate"": 0.03, ""max_depth"": 5, ""min_child_weight"": 1, ""n_estimators"": 250, ""subsample"": 1.0}",4,1861,0.8210639441160666,0.01877325118849816,854147169542671.4,2192.578913547333,0.07422883788216605,34.751047370405075
stage2,8423,44,0.65,74772,27,"{""atr_period"": 21, ""horizon_h"": 6, ""ma_windows"": [8, 24, 96], ""mtf_intervals"": [""4h"", ""1d""], ""ret_windows"": [1, 6, 12, 24, 48], ""rsi_period"": 21, ""target_threshold"": 0.006, ""vol_windows"": [24, 48]}","{""colsample_bytree"": 1.0, ""gamma"": 0.0, ""learning_rate"": 0.03, ""max_depth"": 5, ""min_child_weight"": 1, ""n_estimators"": 250, ""subsample"": 1.0}",4,1580,0.8424050632911393,0.01995556436446454,29390793045738.67,2192.578913547333,0.05322937752270851,31.418656456305516
stage2,8423,23,0.52,74772,27,"{""atr_period"": 21, ""horizon_h"": 6, ""ma_windows"": [8, 24, 96], ""mtf_intervals"": [""4h"", ""1d""], ""ret_windows"": [1, 6, 12, 24, 48], ""rsi_period"": 21, ""target_threshold"": 0.006, ""vol_windows"": [24, 48]}","{""colsample_bytree"": 1.0, ""gamma"": 0.2, ""learning_rate"": 0.07, ""max_depth"": 3, ""min_child_weight"": 5, ""n_estimators"": 250, ""subsample"": 0.7}",4,2852,0.7429873772791024,0.015495715687816628,7.937198182560816e+18,2192.578913547333,0.07422883788216605,43.79933322152912
stage2,8423,23,0.55,74772,27,"{""atr_period"": 21, ""horizon_h"": 6, ""ma_windows"": [8, 24, 96], ""mtf_intervals"": [""4h"", ""1d""], ""ret_windows"": [1, 6, 12, 24, 48], ""rsi_period"": 21, ""target_threshold"": 0.006, ""vol_windows"": [24, 48]}","{""colsample_bytree"": 1.0, ""gamma"": 0.2, ""learning_rate"": 0.07, ""max_depth"": 3, ""min_child_weight"": 5, ""n_estimators"": 250, ""subsample"": 0.7}",4,2445,0.7656441717791411,0.01648392262417714,1.7034007687232035e+17,2192.578913547333,0.07422883788216617,39.98384558538671
stage2,8423,23,0.58,74772,27,"{""atr_period"": 21, ""horizon_h"": 6, ""ma_windows"": [8, 24, 96], ""mtf_intervals"": [""4h"", ""1d""], ""ret_windows"": [1, 6, 12, 24, 48], ""rsi_period"": 21, ""target_threshold"": 0.006, ""vol_windows"": [24, 48]}","{""colsample_bytree"": 1.0, ""gamma"": 0.2, ""learning_rate"": 0.07, ""max_depth"": 3, ""min_child_weight"": 5, ""n_estimators"": 250, ""subsample"": 0.7}",4,2103,0.7831669044222539,0.017486863889095074,5194845277925583.0,2192.578913547333,0.07110468036280448,36.51731933060505
stage2,8423,23,0.6,74772,27,"{""atr_period"": 21, ""horizon_h"": 6, ""ma_windows"": [8, 24, 96], ""mtf_intervals"": [""4h"", ""1d""], ""ret_windows"": [1, 6, 12, 24, 48], ""rsi_period"": 21, ""target_threshold"": 0.006, ""vol_windows"": [24, 48]}","{""colsample_bytree"": 1.0, ""gamma"": 0.2, ""learning_rate"": 0.07, ""max_depth"": 3, ""min_child_weight"": 5, ""n_estimators"": 250, ""subsample"": 0.7}",4,1899,0.7930489731437599,0.01813239540520476,516375630279761.25,2192.578913547333,0.07092643614738736,34.22189070591304
stage2,8423,23,0.62,74772,27,"{""atr_period"": 21, ""horizon_h"": 6, ""ma_windows"": [8, 24, 96], ""mtf_intervals"": [""4h"", ""1d""], ""ret_windows"": [1, 6, 12, 24, 48], ""rsi_period"": 21, ""target_threshold"": 0.006, ""vol_windows"": [24, 48]}","{""colsample_bytree"": 1.0, ""gamma"": 0.2, ""learning_rate"": 0.07, ""max_depth"": 3, ""min_child_weight"": 5, ""n_estimators"": 250, ""subsample"": 0.7}",4,1695,0.8058997050147493,0.01894855235397894,52444568504350.69,2192.578913547333,0.060566013874518765,31.956803065630513
stage2,8423,23,0.65,74772,27,"{""atr_period"": 21, ""horizon_h"": 6, ""ma_windows"": [8, 24, 96], ""mtf_intervals"": [""4h"", ""1d""], ""ret_windows"": [1, 6, 12, 24, 48], ""rsi_period"": 21, ""target_threshold"": 0.006, ""vol_windows"": [24, 48]}","{""colsample_bytree"": 1.0, ""gamma"": 0.2, ""learning_rate"": 0.07, ""max_depth"": 3, ""min_child_weight"": 5, ""n_estimators"": 250, ""subsample"": 0.7}",4,1439,0.8200138985406532,0.01980838824125352,1481381944151.0012,2192.578913547333,0.06056601387451899,28.408191731908175
stage2,2591,51,0.52,74772,27,"{""atr_period"": 21, ""horizon_h"": 6, ""ma_windows"": [8, 24, 96], ""mtf_intervals"": [""4h"", ""1d""], ""ret_windows"": [1, 3, 6, 12, 24], ""rsi_period"": 21, ""target_threshold"": 0.006, ""vol_windows"": [24, 48]}","{""colsample_bytree"": 0.7, ""gamma"": 0.2, ""learning_rate"": 0.07, ""max_depth"": 5, ""min_child_weight"": 5, ""n_estimators"": 250, ""subsample"": 0.7}",4,3350,0.744776119402985,0.014849157952646035,1.9365395434859308e+21,2192.578913547333,0.0614904691444329,49.29905851729101
stage2,2591,51,0.55,74772,27,"{""atr_period"": 21, ""horizon_h"": 6, ""ma_windows"": [8, 24, 96], ""mtf_intervals"": [""4h"", ""1d""], ""ret_windows"": [1, 3, 6, 12, 24], ""rsi_period"": 21, ""target_threshold"": 0.006, ""vol_windows"": [24, 48]}","{""colsample_bytree"": 0.7, ""gamma"": 0.2, ""learning_rate"": 0.07, ""max_depth"": 5, ""min_child_weight"": 5, ""n_estimators"": 250, ""subsample"": 0.7}",4,2981,0.7692049647769205,0.015794148828277964,1.391925542974426e+20,2192.578913547333,0.0621081451028922,46.69305302101635
stage2,2591,51,0.58,74772,27,"{""atr_period"": 21, ""horizon_h"": 6, ""ma_windows"": [8, 24, 96], ""mtf_intervals"": [""4h"", ""1d""], ""ret_windows"": [1, 3, 6, 12, 24], ""rsi_period"": 21, ""target_threshold"": 0.006, ""vol_windows"": [24, 48]}","{""colsample_bytree"": 0.7, ""gamma"": 0.2, ""learning_rate"": 0.07, ""max_depth"": 5, ""min_child_weight"": 5, ""n_estimators"": 250, ""subsample"": 0.7}",4,2658,0.7848006019563581,0.016483038572148476,5.504275980262125e+18,2192.578913547333,0.05894308443701257,43.48229016295331
stage2,2591,51,0.6,74772,27,"{""atr_period"": 21, ""horizon_h"": 6, ""ma_windows"": [8, 24, 96], ""mtf_intervals"": [""4h"", ""1d""], ""ret_windows"": [1, 3, 6, 12, 24], ""rsi_period"": 21, ""target_threshold"": 0.006, ""vol_windows"": [24, 48]}","{""colsample_bytree"": 0.7, ""gamma"": 0.2, ""learning_rate"": 0.07, ""max_depth"": 5, ""min_child_weight"": 5, ""n_estimators"": 250, ""subsample"": 0.7}",4,2454,0.7942135289323553,0.017101394322563246,8.85592879085302e+17,2192.578913547333,0.05909725588592263,41.6676670852763
stage2,2591,51,0.62,74772,27,"{""atr_period"": 21, ""horizon_h"": 6, ""ma_windows"": [8, 24, 96], ""mtf_intervals"": [""4h"", ""1d""], ""ret_windows"": [1, 3, 6, 12, 24], ""rsi_period"": 21, ""target_threshold"": 0.006, ""vol_windows"": [24, 48]}","{""colsample_bytree"": 0.7, ""gamma"": 0.2, ""learning_rate"": 0.07, ""max_depth"": 5, ""min_child_weight"": 5, ""n_estimators"": 250, ""subsample"": 0.7}",4,2238,0.8038427167113494,0.01769491072444764,8.540761779643698e+16,2192.578913547333,0.07588403381916597,39.33290313534551
stage2,2591,51,0.65,74772,27,"{""atr_period"": 21, ""horizon_h"": 6, ""ma_windows"": [8, 24, 96], ""mtf_intervals"": [""4h"", ""1d""], ""ret_windows"": [1, 3, 6, 12, 24], ""rsi_period"": 21, ""target_threshold"": 0.006, ""vol_windows"": [24, 48]}","{""colsample_bytree"": 0.7, ""gamma"": 0.2, ""learning_rate"": 0.07, ""max_depth"": 5, ""min_child_weight"": 5, ""n_estimators"": 250, ""subsample"": 0.7}",4,1941,0.8212261720762494,0.018571418441592942,2554337756157463.5,2192.578913547333,0.051594863729161444,35.856324243056925
stage2,2591,58,0.52,74772,27,"{""atr_period"": 21, ""horizon_h"": 6, ""ma_windows"": [8, 24, 96], ""mtf_intervals"": [""4h"", ""1d""], ""ret_windows"": [1, 3, 6, 12, 24], ""rsi_period"": 21, ""target_threshold"": 0.006, ""vol_windows"": [24, 48]}","{""colsample_bytree"": 0.7, ""gamma"": 0.0, ""learning_rate"": 0.07, ""max_depth"": 5, ""min_child_weight"": 5, ""n_estimators"": 250, ""subsample"": 1.0}",4,3281,0.7476379152697349,0.014971954250066963,1.0399819167148295e+21,2192.578913547333,0.07884120533897343,48.6719556416497
stage2,2591,58,0.55,74772,27,"{""atr_period"": 21, ""horizon_h"": 6, ""ma_windows"": [8, 24, 96], ""mtf_intervals"": [""4h"", ""1d""], ""ret_windows"": [1, 3, 6, 12, 24], ""rsi_period"": 21, ""target_threshold"": 0.006, ""vol_windows"": [24, 48]}","{""colsample_bytree"": 0.7, ""gamma"": 0.0, ""learning_rate"": 0.07, ""max_depth"": 5, ""min_child_weight"": 5, ""n_estimators"": 250, ""subsample"": 1.0}",4,2914,0.7717913520933425,0.01592203799961757,7.021136500158763e+19,2192.578913547333,0.07899211691902852,46.00335519364268
stage2,2591,58,0.58,74772,27,"{""atr_period"": 21, ""horizon_h"": 6, ""ma_windows"": [8, 24, 96], ""mtf_intervals"": [""4h"", ""1d""], ""ret_windows"": [1, 3, 6, 12, 24], ""rsi_period"": 21, ""target_threshold"": 0.006, ""vol_windows"": [24, 48]}","{""colsample_bytree"": 0.7, ""gamma"": 0.0, ""learning_rate"": 0.07, ""max_depth"": 5, ""min_child_weight"": 5, ""n_estimators"": 250, ""subsample"": 1.0}",4,2600,0.785,0.01668391592710119,3.565857922426483e+18,2192.578913547333,0.07438050509704175,43.04221742512748
stage2,2591,58,0.6,74772,27,"{""atr_period"": 21, ""horizon_h"": 6, ""ma_windows"": [8, 24, 96], ""mtf_intervals"": [""4h"", ""1d""], ""ret_windows"": [1, 3, 6, 12, 24], ""rsi_period"": 21, ""target_threshold"": 0.006, ""vol_windows"": [24, 48]}","{""colsample_bytree"": 0.7, ""gamma"": 0.0, ""learning_rate"": 0.07, ""max_depth"": 5, ""min_child_weight"": 5, ""n_estimators"": 250, ""subsample"": 1.0}",4,2382,0.7934508816120907,0.01725559776829824,3.7548674934906554e+17,2192.578913547333,0.07422883788216594,40.80269064596875
stage2,2591,58,0.62,74772,27,"{""atr_period"": 21, ""horizon_h"": 6, ""ma_windows"": [8, 24, 96], ""mtf_intervals"": [""4h"", ""1d""], ""ret_windows"": [1, 3, 6, 12, 24], ""rsi_period"": 21, ""target_threshold"": 0.006, ""vol_windows"": [24, 48]}","{""colsample_bytree"": 0.7, ""gamma"": 0.0, ""learning_rate"": 0.07, ""max_depth"": 5, ""min_child_weight"": 5, ""n_estimators"": 250, ""subsample"": 1.0}",4,2171,0.8046982957162598,0.0178252497682203,3.4921808838828932e+16,2192.578913547333,0.07110468036280448,38.44269621858618
stage2,2591,58,0.65,74772,27,"{""atr_period"": 21, ""horizon_h"": 6, ""ma_windows"": [8, 24, 96], ""mtf_intervals"": [""4h"", ""1d""], ""ret_windows"": [1, 3, 6, 12, 24], ""rsi_period"": 21, ""target_threshold"": 0.006, ""vol_windows"": [24, 48]}","{""colsample_bytree"": 0.7, ""gamma"": 0.0, ""learning_rate"": 0.07, ""max_depth"": 5, ""min_child_weight"": 5, ""n_estimators"": 250, ""subsample"": 1.0}",4,1889,0.8258337744838539,0.018884054175226983,1758876076135130.0,2192.578913547333,0.054652592210135076,35.48786456375211
stage2,2591,50,0.52,74772,27,"{""atr_period"": 21, ""horizon_h"": 6, ""ma_windows"": [8, 24, 96], ""mtf_intervals"": [""4h"", ""1d""], ""ret_windows"": [1, 3, 6, 12, 24], ""rsi_period"": 21, ""target_threshold"": 0.006, ""vol_windows"": [24, 48]}","{""colsample_bytree"": 0.7, ""gamma"": 0.0, ""learning_rate"": 0.07, ""max_depth"": 5, ""min_child_weight"": 5, ""n_estimators"": 250, ""subsample"": 0.7}",4,3359,0.744566835367669,0.014839011526959855,2.1295829687809498e+21,2192.578913547333,0.0720349392247489,49.388561215019784
stage2,2591,50,0.55,74772,27,"{""atr_period"": 21, ""horizon_h"": 6, ""ma_windows"": [8, 24, 96], ""mtf_intervals"": [""4h"", ""1d""], ""ret_windows"": [1, 3, 6, 12, 24], ""rsi_period"": 21, ""target_threshold"": 0.006, ""vol_windows"": [24, 48]}","{""colsample_bytree"": 0.7, ""gamma"": 0.0, ""learning_rate"": 0.07, ""max_depth"": 5, ""min_child_weight"": 5, ""n_estimators"": 250, ""subsample"": 0.7}",4,2997,0.7654320987654321,0.015707168873662504,1.3772290063262962e+20,2192.578913547333,0.06164422326046459,46.678956292323896
stage2,2591,50,0.58,74772,27,"{""atr_period"": 21, ""horizon_h"": 6, ""ma_windows"": [8, 24, 96], ""mtf_intervals"": [""4h"", ""1d""], ""ret_windows"": [1, 3, 6, 12, 24], ""rsi_period"": 21, ""target_threshold"": 0.006, ""vol_windows"": [24, 48]}","{""colsample_bytree"": 0.7, ""gamma"": 0.0, ""learning_rate"": 0.07, ""max_depth"": 5, ""min_child_weight"": 5, ""n_estimators"": 250, ""subsample"": 0.7}",4,2664,0.7830330330330331,0.01648110907842489,6.002023197820006e+18,2192.578913547333,0.07588403381916597,43.55896156806277
stage2,2591,50,0.6,74772,27,"{""atr_period"": 21, ""horizon_h"": 6, ""ma_windows"": [8, 24, 96], ""mtf_intervals"": [""4h"", ""1d""], ""ret_windows"": [1, 3, 6, 12, 24], ""rsi_period"": 21, ""target_threshold"": 0.006, ""vol_windows"": [24, 48]}","{""colsample_bytree"": 0.7, ""gamma"": 0.0, ""learning_rate"": 0.07, ""max_depth"": 5, ""min_child_weight"": 5, ""n_estimators"": 250, ""subsample"": 0.7}",4,2445,0.8,0.017082231350430785,7.276176789493215e+17,2192.578913547333,0.07588403381916575,41.46726797277472
stage2,2591,50,0.62,74772,27,"{""atr_period"": 21, ""horizon_h"": 6, ""ma_windows"": [8, 24, 96], ""mtf_intervals"": [""4h"", ""1d""], ""ret_windows"": [1, 3, 6, 12, 24], ""rsi_period"": 21, ""target_threshold"": 0.006, ""vol_windows"": [24, 48]}","{""colsample_bytree"": 0.7, ""gamma"": 0.0, ""learning_rate"": 0.07, ""max_depth"": 5, ""min_child_weight"": 5, ""n_estimators"": 250, ""subsample"": 0.7}",4,2247,0.8068535825545171,0.017694478722834323,9.973602581054771e+16,2192.578913547333,0.07588403381916575,39.490400027658715
stage2,2591,50,0.65,74772,27,"{""atr_period"": 21, ""horizon_h"": 6, ""ma_windows"": [8, 24, 96], ""mtf_intervals"": [""4h"", ""1d""], ""ret_windows"": [1, 3, 6, 12, 24], ""rsi_period"": 21, ""target_threshold"": 0.006, ""vol_windows"": [24, 48]}","{""colsample_bytree"": 0.7, ""gamma"": 0.0, ""learning_rate"": 0.07, ""max_depth"": 5, ""min_child_weight"": 5, ""n_estimators"": 250, ""subsample"": 0.7}",4,1957,0.8257537046499744,0.018591345031195035,3551874754676450.5,2192.578913547333,0.07110468036280448,36.18003334269933
stage2,2591,48,0.52,74772,27,"{""atr_period"": 21, ""horizon_h"": 6, ""ma_windows"": [8, 24, 96], ""mtf_intervals"": [""4h"", ""1d""], ""ret_windows"": [1, 3, 6, 12, 24], ""rsi_period"": 21, ""target_threshold"": 0.006, ""vol_windows"": [24, 48]}","{""colsample_bytree"": 0.7, ""gamma"": 0.0, ""learning_rate"": 0.07, ""max_depth"": 5, ""min_child_weight"": 1, ""n_estimators"": 250, ""subsample"": 0.7}",4,3348,0.7437275985663082,0.014819251130869043,1.6973879023299681e+21,2192.578913547333,0.07203493922474902,49.16089611251375
stage2,2591,48,0.55,74772,27,"{""atr_period"": 21, ""horizon_h"": 6, ""ma_windows"": [8, 24, 96], ""mtf_intervals"": [""4h"", ""1d""], ""ret_windows"": [1, 3, 6, 12, 24], ""rsi_period"": 21, ""target_threshold"": 0.006, ""vol_windows"": [24, 48]}","{""colsample_bytree"": 0.7, ""gamma"": 0.0, ""learning_rate"": 0.07, ""max_depth"": 5, ""min_child_weight"": 1, ""n_estimators"": 250, ""subsample"": 0.7}",4,2977,0.7631844138394357,0.015644606343107895,8.426043819494523e+19,2192.578913547333,0.0621081451028922,46.18509444020481
stage2,2591,48,0.58,74772,27,"{""atr_period"": 21, ""horizon_h"": 6, ""ma_windows"": [8, 24, 96], ""mtf_intervals"": [""4h"", ""1d""], ""ret_windows"": [1, 3, 6, 12, 24], ""rsi_period"": 21, ""target_threshold"": 0.006, ""vol_windows"": [24, 48]}","{""colsample_bytree"": 0.7, ""gamma"": 0.0, ""learning_rate"": 0.07, ""max_depth"": 5, ""min_child_weight"": 1, ""n_estimators"": 250, ""subsample"": 0.7}",4,2656,0.7823795180722891,0.016490766050509264,5.434254223939783e+18,2192.578913547333,0.06226179802632248,43.4659528115932
stage2,2591,48,0.6,74772,27,"{""atr_period"": 21, ""horizon_h"": 6, ""ma_windows"": [8, 24, 96], ""mtf_intervals"": [""4h"", ""1d""], ""ret_windows"": [1, 3, 6, 12, 24], ""rsi_period"": 21, ""target_threshold"": 0.006, ""vol_windows"": [24, 48]}","{""colsample_bytree"": 0.7, ""gamma"": 0.0, ""learning_rate"": 0.07, ""max_depth"": 5, ""min_child_weight"": 1, ""n_estimators"": 250, ""subsample"": 0.7}",4,2432,0.7964638157894737,0.017051400912535254,5.437140460607478e+17,2192.578913547333,0.06226179802632248,41.17965121385898
stage2,2591,48,0.62,74772,27,"{""atr_period"": 21, ""horizon_h"": 6, ""ma_windows"": [8, 24, 96], ""mtf_intervals"": [""4h"", ""1d""], ""ret_windows"": [1, 3, 6, 12, 24], ""rsi_period"": 21, ""target_threshold"": 0.006, ""vol_windows"": [24, 48]}","{""colsample_bytree"": 0.7, ""gamma"": 0.0, ""learning_rate"": 0.07, ""max_depth"": 5, ""min_child_weight"": 1, ""n_estimators"": 250, ""subsample"": 0.7}",4,2215,0.8045146726862302,0.017694655705747228,5.716015863916249e+16,2192.578913547333,0.07899211691902863,38.93030644865669
stage2,2591,48,0.65,74772,27,"{""atr_period"": 21, ""horizon_h"": 6, ""ma_windows"": [8, 24, 96], ""mtf_intervals"": [""4h"", ""1d""], ""ret_windows"": [1, 3, 6, 12, 24], ""rsi_period"": 21, ""target_threshold"": 0.006, ""vol_windows"": [24, 48]}","{""colsample_bytree"": 0.7, ""gamma"": 0.0, ""learning_rate"": 0.07, ""max_depth"": 5, ""min_child_weight"": 1, ""n_estimators"": 250, ""subsample"": 0.7}",4,1939,0.8179473955647241,0.01847316864471888,2043019322185783.2,2192.578913547333,0.07125685940208049,35.61972000436118
stage2,2591,57,0.52,74772,27,"{""atr_period"": 21, ""horizon_h"": 6, ""ma_windows"": [8, 24, 96], ""mtf_intervals"": [""4h"", ""1d""], ""ret_windows"": [1, 3, 6, 12, 24], ""rsi_period"": 21, ""target_threshold"": 0.006, ""vol_windows"": [24, 48]}","{""colsample_bytree"": 0.7, ""gamma"": 0.2, ""learning_rate"": 0.07, ""max_depth"": 5, ""min_child_weight"": 1, ""n_estimators"": 250, ""subsample"": 1.0}",4,3349,0.7387279785010451,0.014793053866895434,1.5821288160210903e+21,2192.578913547333,0.0614904691444329,49.09163982412559
stage2,2591,57,0.55,74772,27,"{""atr_period"": 21, ""horizon_h"": 6, ""ma_windows"": [8, 24, 96], ""mtf_intervals"": [""4h"", ""1d""], ""ret_windows"": [1, 3, 6, 12, 24], ""rsi_period"": 21, ""target_threshold"": 0.006, ""vol_windows"": [24, 48]}","{""colsample_bytree"": 0.7, ""gamma"": 0.2, ""learning_rate"": 0.07, ""max_depth"": 5, ""min_child_weight"": 1, ""n_estimators"": 250, ""subsample"": 1.0}",4,2958,0.7579445571331981,0.015602471387116406,5.54881868454483e+19,2192.578913547333,0.078234549423993,45.75475996444944
stage2,2591,57,0.58,74772,27,"{""atr_period"": 21, ""horizon_h"": 6, ""ma_windows"": [8, 24, 96], ""mtf_intervals"": [""4h"", ""1d""], ""ret_windows"": [1, 3, 6, 12, 24], ""rsi_period"": 21, ""target_threshold"": 0.006, ""vol_windows"": [24, 48]}","{""colsample_bytree"": 0.7, ""gamma"": 0.2, ""learning_rate"": 0.07, ""max_depth"": 5, ""min_child_weight"": 1, ""n_estimators"": 250, ""subsample"": 1.0}",4,2621,0.7787104158718047,0.016495436244557526,3.104017497012476e+18,2192.578913547333,0.07422883788216605,42.89704631683485
stage2,2591,57,0.6,74772,27,"{""atr_period"": 21, ""horizon_h"": 6, ""ma_windows"": [8, 24, 96], ""mtf_intervals"": [""4h"", ""1d""], ""ret_windows"": [1, 3, 6, 12, 24], ""rsi_period"": 21, ""target_threshold"": 0.006, ""vol_windows"": [24, 48]}","{""colsample_bytree"": 0.7, ""gamma"": 0.2, ""learning_rate"": 0.07, ""max_depth"": 5, ""min_child_weight"": 1, ""n_estimators"": 250, ""subsample"": 1.0}",4,2381,0.7967240655186896,0.01724768246300448,3.6354324601115994e+17,2192.578913547333,0.07110468036280448,40.774483027890206
stage2,2591,57,0.62,74772,27,"{""atr_period"": 21, ""horizon_h"": 6, ""ma_windows"": [8, 24, 96], ""mtf_intervals"": [""4h"", ""1d""], ""ret_windows"": [1, 3, 6, 12, 24], ""rsi_period"": 21, ""target_threshold"": 0.006, ""vol_windows"": [24, 48]}","{""colsample_bytree"": 0.7, ""gamma"": 0.2, ""learning_rate"": 0.07, ""max_depth"": 5, ""min_child_weight"": 1, ""n_estimators"": 250, ""subsample"": 1.0}",4,2181,0.8083447959651536,0.017805253792917197,3.99907258374121e+16,2192.578913547333,0.07125685940208049,38.58091340549203
stage2,2591,57,0.65,74772,27,"{""atr_period"": 21, ""horizon_h"": 6, ""ma_windows"": [8, 24, 96], ""mtf_intervals"": [""4h"", ""1d""], ""ret_windows"": [1, 3, 6, 12, 24], ""rsi_period"": 21, ""target_threshold"": 0.006, ""vol_windows"": [24, 48]}","{""colsample_bytree"": 0.7, ""gamma"": 0.2, ""learning_rate"": 0.07, ""max_depth"": 5, ""min_child_weight"": 1, ""n_estimators"": 250, ""subsample"": 1.0}",4,1901,0.8237769594950026,0.018598120655377023,1288075514218581.5,2192.578913547333,0.07125685940208037,35.1641037530639
stage2,2591,61,0.52,74772,27,"{""atr_period"": 21, ""horizon_h"": 6, ""ma_windows"": [8, 24, 96], ""mtf_intervals"": [""4h"", ""1d""], ""ret_windows"": [1, 3, 6, 12, 24], ""rsi_period"": 21, ""target_threshold"": 0.006, ""vol_windows"": [24, 48]}","{""colsample_bytree"": 1.0, ""gamma"": 0.2, ""learning_rate"": 0.07, ""max_depth"": 5, ""min_child_weight"": 1, ""n_estimators"": 250, ""subsample"": 1.0}",4,3378,0.7424511545293073,0.01484939164242797,2.9226480060854284e+21,2192.578913547333,0.06210814510289209,49.70847899382438
stage2,2591,61,0.55,74772,27,"{""atr_period"": 21, ""horizon_h"": 6, ""ma_windows"": [8, 24, 96], ""mtf_intervals"": [""4h"", ""1d""], ""ret_windows"": [1, 3, 6, 12, 24], ""rsi_period"": 21, ""target_threshold"": 0.006, ""vol_windows"": [24, 48]}","{""colsample_bytree"": 1.0, ""gamma"": 0.2, ""learning_rate"": 0.07, ""max_depth"": 5, ""min_child_weight"": 1, ""n_estimators"": 250, ""subsample"": 1.0}",4,3020,0.7615894039735099,0.015669038206321408,1.757666709336101e+20,2192.578913547333,0.07884120533897354,46.91089228219721
stage2,2591,61,0.58,74772,27,"{""atr_period"": 21, ""horizon_h"": 6, ""ma_windows"": [8, 24, 96], ""mtf_intervals"": [""4h"", ""1d""], ""ret_windows"": [1, 3, 6, 12, 24], ""rsi_period"": 21, ""target_threshold"": 0.006, ""vol_windows"": [24, 48]}","{""colsample_bytree"": 1.0, ""gamma"": 0.2, ""learning_rate"": 0.07, ""max_depth"": 5, ""min_child_weight"": 1, ""n_estimators"": 250, ""subsample"": 1.0}",4,2693,0.77979948013368,0.01653738057807136,1.1208527270389737e+19,2192.578913547333,0.07899211691902863,44.17984909620343
stage2,2591,61,0.6,74772,27,"{""atr_period"": 21, ""horizon_h"": 6, ""ma_windows"": [8, 24, 96], ""mtf_intervals"": [""4h"", ""1d""], ""ret_windows"": [1, 3, 6, 12, 24], ""rsi_period"": 21, ""target_threshold"": 0.006, ""vol_windows"": [24, 48]}","{""colsample_bytree"": 1.0, ""gamma"": 0.2, ""learning_rate"": 0.07, ""max_depth"": 5, ""min_child_weight"": 1, ""n_estimators"": 250, ""subsample"": 1.0}",4,2485,0.792354124748491,0.017141675095115147,1.6457328185858173e+18,2192.578913547333,0.07438050509704186,42.27854388934651
stage2,2591,61,0.62,74772,27,"{""atr_period"": 21, ""horizon_h"": 6, ""ma_windows"": [8, 24, 96], ""mtf_intervals"": [""4h"", ""1d""], ""ret_windows"": [1, 3, 6, 12, 24], ""rsi_period"": 21, ""target_threshold"": 0.006, ""vol_windows"": [24, 48]}","{""colsample_bytree"": 1.0, ""gamma"": 0.2, ""learning_rate"": 0.07, ""max_depth"": 5, ""min_child_weight"": 1, ""n_estimators"": 250, ""subsample"": 1.0}",4,2257,0.8094816127603013,0.01780085778589775,1.508952304648356e+17,2192.578913547333,0.07125685940208037,39.9097258757218
stage2,2591,61,0.65,74772,27,"{""atr_period"": 21, ""horizon_h"": 6, ""ma_windows"": [8, 24, 96], ""mtf_intervals"": [""4h"", ""1d""], ""ret_windows"": [1, 3, 6, 12, 24], ""rsi_period"": 21, ""target_threshold"": 0.006, ""vol_windows"": [24, 48]}","{""colsample_bytree"": 1.0, ""gamma"": 0.2, ""learning_rate"": 0.07, ""max_depth"": 5, ""min_child_weight"": 1, ""n_estimators"": 250, ""subsample"": 1.0}",4,1962,0.827217125382263,0.01869822109910195,4789070307759255.0,2192.578913547333,0.07125685940208049,36.480843736655
stage2,2591,38,0.52,74772,27,"{""atr_period"": 21, ""horizon_h"": 6, ""ma_windows"": [8, 24, 96], ""mtf_intervals"": [""4h"", ""1d""], ""ret_windows"": [1, 3, 6, 12, 24], ""rsi_period"": 21, ""target_threshold"": 0.006, ""vol_windows"": [24, 48]}","{""colsample_bytree"": 1.0, ""gamma"": 0.0, ""learning_rate"": 0.03, ""max_depth"": 5, ""min_child_weight"": 5, ""n_estimators"": 250, ""subsample"": 0.7}",4,3118,0.7559332905708788,0.015419604948026244,3.709038647987107e+20,2192.578913547333,0.0783855603912581,47.65138527023521
stage2,2591,38,0.55,74772,27,"{""atr_period"": 21, ""horizon_h"": 6, ""ma_windows"": [8, 24, 96], ""mtf_intervals"": [""4h"", ""1d""], ""ret_windows"": [1, 3, 6, 12, 24], ""rsi_period"": 21, ""target_threshold"": 0.006, ""vol_windows"": [24, 48]}","{""colsample_bytree"": 1.0, ""gamma"": 0.0, ""learning_rate"": 0.03, ""max_depth"": 5, ""min_child_weight"": 5, ""n_estimators"": 250, ""subsample"": 0.7}",4,2740,0.7762773722627737,0.016376002017569787,1.5506458346258018e+19,2192.578913547333,0.07438050509704186,44.502627939938996
stage2,2591,38,0.58,74772,27,"{""atr_period"": 21, ""horizon_h"": 6, ""ma_windows"": [8, 24, 96], ""mtf_intervals"": [""4h"", ""1d""], ""ret_windows"": [1, 3, 6, 12, 24], ""rsi_period"": 21, ""target_threshold"": 0.006, ""vol_windows"": [24, 48]}","{""colsample_bytree"": 1.0, ""gamma"": 0.0, ""learning_rate"": 0.03, ""max_depth"": 5, ""min_child_weight"": 5, ""n_estimators"": 250, ""subsample"": 0.7}",4,2384,0.7936241610738255,0.01730073626382713,4.3205544502974726e+17,2192.578913547333,0.07422883788216594,40.94352111992415
stage2,2591,38,0.6,74772,27,"{""atr_period"": 21, ""horizon_h"": 6, ""ma_windows"": [8, 24, 96], ""mtf_intervals"": [""4h"", ""1d""], ""ret_windows"": [1, 3, 6, 12, 24], ""rsi_period"": 21, ""target_threshold"": 0.006, ""vol_windows"": [24, 48]}","{""colsample_bytree"": 1.0, ""gamma"": 0.0, ""learning_rate"": 0.03, ""max_depth"": 5, ""min_child_weight"": 5, ""n_estimators"": 250, ""subsample"": 0.7}",4,2154,0.8050139275766016,0.017847944074265362,2.7318646395890584e+16,2192.578913547333,0.07422883788216617,38.19602615782967
stage2,2591,38,0.62,74772,27,"{""atr_period"": 21, ""horizon_h"": 6, ""ma_windows"": [8, 24, 96], ""mtf_intervals"": [""4h"", ""1d""], ""ret_windows"": [1, 3, 6, 12, 24], ""rsi_period"": 21, ""target_threshold"": 0.006, ""vol_windows"": [24, 48]}","{""colsample_bytree"": 1.0, ""gamma"": 0.0, ""learning_rate"": 0.03, ""max_depth"": 5, ""min_child_weight"": 5, ""n_estimators"": 250, ""subsample"": 0.7}",4,1943,0.8142048378795677,0.018417121460616276,1974442058615652.0,2192.578913547333,0.07110468036280437,35.582210753192996
stage2,2591,38,0.65,74772,27,"{""atr_period"": 21, ""horizon_h"": 6, ""ma_windows"": [8, 24, 96], ""mtf_intervals"": [""4h"", ""1d""], ""ret_windows"": [1, 3, 6, 12, 24], ""rsi_period"": 21, ""target_threshold"": 0.006, ""vol_windows"": [24, 48]}","{""colsample_bytree"": 1.0, ""gamma"": 0.0, ""learning_rate"": 0.03, ""max_depth"": 5, ""min_child_weight"": 5, ""n_estimators"": 250, ""subsample"": 0.7}",4,1644,0.8394160583941606,0.019717614736894037,70744305404219.14,2192.578913547333,0.041857261497263876,32.29843829408803
stage2,2591,36,0.52,74772,27,"{""atr_period"": 21, ""horizon_h"": 6, ""ma_windows"": [8, 24, 96], ""mtf_intervals"": [""4h"", ""1d""], ""ret_windows"": [1, 3, 6, 12, 24], ""rsi_period"": 21, ""target_threshold"": 0.006, ""vol_windows"": [24, 48]}","{""colsample_bytree"": 1.0, ""gamma"": 0.0, ""learning_rate"": 0.03, ""max_depth"": 5, ""min_child_weight"": 1, ""n_estimators"": 250, ""subsample"": 0.7}",4,3144,0.7531806615776081,0.015279176259929859,3.560647943807173e+20,2192.578913547333,0.078234549423993,47.607305059500575
stage2,2591,36,0.55,74772,27,"{""atr_period"": 21, ""horizon_h"": 6, ""ma_windows"": [8, 24, 96], ""mtf_intervals"": [""4h"", ""1d""], ""ret_windows"": [1, 3, 6, 12, 24], ""rsi_period"": 21, ""target_threshold"": 0.006, ""vol_windows"": [24, 48]}","{""colsample_bytree"": 1.0, ""gamma"": 0.0, ""learning_rate"": 0.03, ""max_depth"": 5, ""min_child_weight"": 1, ""n_estimators"": 250, ""subsample"": 0.7}",4,2738,0.7768444119795471,0.016378106398714853,1.5137195446508038e+19,2192.578913547333,0.07899211691902841,44.47669098574281
stage2,2591,36,0.58,74772,27,"{""atr_period"": 21, ""horizon_h"": 6, ""ma_windows"": [8, 24, 96], ""mtf_intervals"": [""4h"", ""1d""], ""ret_windows"": [1, 3, 6, 12, 24], ""rsi_period"": 21, ""target_threshold"": 0.006, ""vol_windows"": [24, 48]}","{""colsample_bytree"": 1.0, ""gamma"": 0.0, ""learning_rate"": 0.03, ""max_depth"": 5, ""min_child_weight"": 1, ""n_estimators"": 250, ""subsample"": 0.7}",4,2385,0.7958071278825996,0.017280666652513477,4.2078082016690144e+17,2192.578913547333,0.07438050509704175,40.9185892588218
stage2,2591,36,0.6,74772,27,"{""atr_period"": 21, ""horizon_h"": 6, ""ma_windows"": [8, 24, 96], ""mtf_intervals"": [""4h"", ""1d""], ""ret_windows"": [1, 3, 6, 12, 24], ""rsi_period"": 21, ""target_threshold"": 0.006, ""vol_windows"": [24, 48]}","{""colsample_bytree"": 1.0, ""gamma"": 0.0, ""learning_rate"": 0.03, ""max_depth"": 5, ""min_child_weight"": 1, ""n_estimators"": 250, ""subsample"": 0.7}",4,2168,0.8081180811808119,0.017875520407102254,3.711615258848333e+16,2192.578913547333,0.07422883788216605,38.50521285877769
stage2,2591,36,0.62,74772,27,"{""atr_period"": 21, ""horizon_h"": 6, ""ma_windows"": [8, 24, 96], ""mtf_intervals"": [""4h"", ""1d""], ""ret_windows"": [1, 3, 6, 12, 24], ""rsi_period"": 21, ""target_threshold"": 0.006, ""vol_windows"": [24, 48]}","{""colsample_bytree"": 1.0, ""gamma"": 0.0, ""learning_rate"": 0.03, ""max_depth"": 5, ""min_child_weight"": 1, ""n_estimators"": 250, ""subsample"": 0.7}",4,1971,0.8158295281582952,0.018337632782672406,2821725279736056.5,2192.578913547333,0.07110468036280448,35.939937238718024
stage2,2591,36,0.65,74772,27,"{""atr_period"": 21, ""horizon_h"": 6, ""ma_windows"": [8, 24, 96], ""mtf_intervals"": [""4h"", ""1d""], ""ret_windows"": [1, 3, 6, 12, 24], ""rsi_period"": 21, ""target_threshold"": 0.006, ""vol_windows"": [24, 48]}","{""colsample_bytree"": 1.0, ""gamma"": 0.0, ""learning_rate"": 0.03, ""max_depth"": 5, ""min_child_weight"": 1, ""n_estimators"": 250, ""subsample"": 0.7}",4,1649,0.834445118253487,0.01958799781190702,63083598125633.695,2192.578913547333,0.0711046803628046,32.16418965398597
stage2,2591,32,0.52,74772,27,"{""atr_period"": 21, ""horizon_h"": 6, ""ma_windows"": [8, 24, 96], ""mtf_intervals"": [""4h"", ""1d""], ""ret_windows"": [1, 3, 6, 12, 24], ""rsi_period"": 21, ""target_threshold"": 0.006, ""vol_windows"": [24, 48]}","{""colsample_bytree"": 0.7, ""gamma"": 0.0, ""learning_rate"": 0.03, ""max_depth"": 5, ""min_child_weight"": 1, ""n_estimators"": 250, ""subsample"": 0.7}",4,3041,0.7606050641236436,0.015548579634884601,1.694315413433139e+20,2192.578913547333,0.07092643614738747,46.876390103553604
stage2,2591,32,0.55,74772,27,"{""atr_period"": 21, ""horizon_h"": 6, ""ma_windows"": [8, 24, 96], ""mtf_intervals"": [""4h"", ""1d""], ""ret_windows"": [1, 3, 6, 12, 24], ""rsi_period"": 21, ""target_threshold"": 0.006, ""vol_windows"": [24, 48]}","{""colsample_bytree"": 0.7, ""gamma"": 0.0, ""learning_rate"": 0.03, ""max_depth"": 5, ""min_child_weight"": 1, ""n_estimators"": 250, ""subsample"": 0.7}",4,2677,0.7870750840493089,0.01656220745631003,9.212808243553393e+18,2192.578913547333,0.06056601387451899,43.999001110074296
stage2,2591,32,0.58,74772,27,"{""atr_period"": 21, ""horizon_h"": 6, ""ma_windows"": [8, 24, 96], ""mtf_intervals"": [""4h"", ""1d""], ""ret_windows"": [1, 3, 6, 12, 24], ""rsi_period"": 21, ""target_threshold"": 0.006, ""vol_windows"": [24, 48]}","{""colsample_bytree"": 0.7, ""gamma"": 0.0, ""learning_rate"": 0.03, ""max_depth"": 5, ""min_child_weight"": 1, ""n_estimators"": 250, ""subsample"": 0.7}",4,2304,0.80078125,0.017376945051220484,1.3183357226701624e+17,2192.578913547333,0.07110468036280448,39.76440492606904
stage2,2591,32,0.6,74772,27,"{""atr_period"": 21, ""horizon_h"": 6, ""ma_windows"": [8, 24, 96], ""mtf_intervals"": [""4h"", ""1d""], ""ret_windows"": [1, 3, 6, 12, 24], ""rsi_period"": 21, ""target_threshold"": 0.006, ""vol_windows"": [24, 48]}","{""colsample_bytree"": 0.7, ""gamma"": 0.0, ""learning_rate"": 0.03, ""max_depth"": 5, ""min_child_weight"": 1, ""n_estimators"": 250, ""subsample"": 0.7}",4,2063,0.8114396509936985,0.018021473839547993,7824779464613744.0,2192.578913547333,0.0711046803628046,36.95384311883374
stage2,2591,32,0.62,74772,27,"{""atr_period"": 21, ""horizon_h"": 6, ""ma_windows"": [8, 24, 96], ""mtf_intervals"": [""4h"", ""1d""], ""ret_windows"": [1, 3, 6, 12, 24], ""rsi_period"": 21, ""target_threshold"": 0.006, ""vol_windows"": [24, 48]}","{""colsample_bytree"": 0.7, ""gamma"": 0.0, ""learning_rate"": 0.03, ""max_depth"": 5, ""min_child_weight"": 1, ""n_estimators"": 250, ""subsample"": 0.7}",4,1859,0.8214093598708984,0.018765333552621933,809678081153817.0,2192.578913547333,0.054652592210135076,34.70758171413686
stage2,2591,32,0.65,74772,27,"{""atr_period"": 21, ""horizon_h"": 6, ""ma_windows"": [8, 24, 96], ""mtf_intervals"": [""4h"", ""1d""], ""ret_windows"": [1, 3, 6, 12, 24], ""rsi_period"": 21, ""target_threshold"": 0.006, ""vol_windows"": [24, 48]}","{""colsample_bytree"": 0.7, ""gamma"": 0.0, ""learning_rate"": 0.03, ""max_depth"": 5, ""min_child_weight"": 1, ""n_estimators"": 250, ""subsample"": 0.7}",4,1561,0.8430493273542601,0.019944468197838756,19943095238258.082,2192.578913547333,0.0546525922101353,31.03057300737243
stage2,2591,42,0.52,74772,27,"{""atr_period"": 21, ""horizon_h"": 6, ""ma_windows"": [8, 24, 96], ""mtf_intervals"": [""4h"", ""1d""], ""ret_windows"": [1, 3, 6, 12, 24], ""rsi_period"": 21, ""target_threshold"": 0.006, ""vol_windows"": [24, 48]}","{""colsample_bytree"": 0.7, ""gamma"": 0.0, ""learning_rate"": 0.03, ""max_depth"": 5, ""min_child_weight"": 5, ""n_estimators"": 250, ""subsample"": 1.0}",4,2998,0.7611741160773849,0.015593774857746477,1.0008650560535927e+20,2192.578913547333,0.07092643614738747,46.350792815639345
stage2,2591,42,0.55,74772,27,"{""atr_period"": 21, ""horizon_h"": 6, ""ma_windows"": [8, 24, 96], ""mtf_intervals"": [""4h"", ""1d""], ""ret_windows"": [1, 3, 6, 12, 24], ""rsi_period"": 21, ""target_threshold"": 0.006, ""vol_windows"": [24, 48]}","{""colsample_bytree"": 0.7, ""gamma"": 0.0, ""learning_rate"": 0.03, ""max_depth"": 5, ""min_child_weight"": 5, ""n_estimators"": 250, ""subsample"": 1.0}",4,2622,0.7848970251716247,0.01658249842587212,3.956430561976733e+18,2192.578913547333,0.07092643614738747,43.14698830891045
stage2,2591,42,0.58,74772,27,"{""atr_period"": 21, ""horizon_h"": 6, ""ma_windows"": [8, 24, 96], ""mtf_intervals"": [""4h"", ""1d""], ""ret_windows"": [1, 3, 6, 12, 24], ""rsi_period"": 21, ""target_threshold"": 0.006, ""vol_windows"": [24, 48]}","{""colsample_bytree"": 0.7, ""gamma"": 0.0, ""learning_rate"": 0.03, ""max_depth"": 5, ""min_child_weight"": 5, ""n_estimators"": 250, ""subsample"": 1.0}",4,2275,0.7978021978021979,0.017477466602846683,1.0009834891631656e+17,2192.578913547333,0.07110468036280437,39.48743873763646
stage2,2591,42,0.6,74772,27,"{""atr_period"": 21, ""horizon_h"": 6, ""ma_windows"": [8, 24, 96], ""mtf_intervals"": [""4h"", ""1d""], ""ret_windows"": [1, 3, 6, 12, 24], ""rsi_period"": 21, ""target_threshold"": 0.006, ""vol_windows"": [24, 48]}","{""colsample_bytree"": 0.7, ""gamma"": 0.0, ""learning_rate"": 0.03, ""max_depth"": 5, ""min_child_weight"": 5, ""n_estimators"": 250, ""subsample"": 1.0}",4,2058,0.8114674441205053,0.018074374661997666,7970445544971893.0,2192.578913547333,0.07110468036280448,36.972733401318116
stage2,2591,42,0.62,74772,27,"{""atr_period"": 21, ""horizon_h"": 6, ""ma_windows"": [8, 24, 96], ""mtf_intervals"": [""4h"", ""1d""], ""ret_windows"": [1, 3, 6, 12, 24], ""rsi_period"": 21, ""target_threshold"": 0.006, ""vol_windows"": [24, 48]}","{""colsample_bytree"": 0.7, ""gamma"": 0.0, ""learning_rate"": 0.03, ""max_depth"": 5, ""min_child_weight"": 5, ""n_estimators"": 250, ""subsample"": 1.0}",4,1824,0.819078947368421,0.018909943710290842,548445555062630.25,2192.578913547333,0.05465259221013519,34.31732554068066
stage2,2591,42,0.65,74772,27,"{""atr_period"": 21, ""horizon_h"": 6, ""ma_windows"": [8, 24, 96], ""mtf_intervals"": [""4h"", ""1d""], ""ret_windows"": [1, 3, 6, 12, 24], ""rsi_period"": 21, ""target_threshold"": 0.006, ""vol_windows"": [24, 48]}","{""colsample_bytree"": 0.7, ""gamma"": 0.0, ""learning_rate"": 0.03, ""max_depth"": 5, ""min_child_weight"": 5, ""n_estimators"": 250, ""subsample"": 1.0}",4,1525,0.8445901639344262,0.02024049882897473,15234018316212.193,2192.578913547333,0.05465259221013519,30.764821915877246
stage2,2591,44,0.52,74772,27,"{""atr_period"": 21, ""horizon_h"": 6, ""ma_windows"": [8, 24, 96], ""mtf_intervals"": [""4h"", ""1d""], ""ret_windows"": [1, 3, 6, 12, 24], ""rsi_period"": 21, ""target_threshold"": 0.006, ""vol_windows"": [24, 48]}","{""colsample_bytree"": 1.0, ""gamma"": 0.0, ""learning_rate"": 0.03, ""max_depth"": 5, ""min_child_weight"": 1, ""n_estimators"": 250, ""subsample"": 1.0}",4,3083,0.7564060979565358,0.01549481738132963,2.7254395897356046e+20,2192.578913547333,0.07884120533897343,47.343994407066425
stage2,2591,44,0.55,74772,27,"{""atr_period"": 21, ""horizon_h"": 6, ""ma_windows"": [8, 24, 96], ""mtf_intervals"": [""4h"", ""1d""], ""ret_windows"": [1, 3, 6, 12, 24], ""rsi_period"": 21, ""target_threshold"": 0.006, ""vol_windows"": [24, 48]}","{""colsample_bytree"": 1.0, ""gamma"": 0.0, ""learning_rate"": 0.03, ""max_depth"": 5, ""min_child_weight"": 1, ""n_estimators"": 250, ""subsample"": 1.0}",4,2688,0.7723214285714286,0.01637190456440833,6.605831005154973e+18,2192.578913547333,0.07899211691902841,43.64382073942393
stage2,2591,44,0.58,74772,27,"{""atr_period"": 21, ""horizon_h"": 6, ""ma_windows"": [8, 24, 96], ""mtf_intervals"": [""4h"", ""1d""], ""ret_windows"": [1, 3, 6, 12, 24], ""rsi_period"": 21, ""target_threshold"": 0.006, ""vol_windows"": [24, 48]}","{""colsample_bytree"": 1.0, ""gamma"": 0.0, ""learning_rate"": 0.03, ""max_depth"": 5, ""min_child_weight"": 1, ""n_estimators"": 250, ""subsample"": 1.0}",4,2317,0.7885196374622356,0.0172062557104232,1.1114599831935056e+17,2192.578913547333,0.07438050509704164,39.58089653525248
stage2,2591,44,0.6,74772,27,"{""atr_period"": 21, ""horizon_h"": 6, ""ma_windows"": [8, 24, 96], ""mtf_intervals"": [""4h"", ""1d""], ""ret_windows"": [1, 3, 6, 12, 24], ""rsi_period"": 21, ""target_threshold"": 0.006, ""vol_windows"": [24, 48]}","{""colsample_bytree"": 1.0, ""gamma"": 0.0, ""learning_rate"": 0.03, ""max_depth"": 5, ""min_child_weight"": 1, ""n_estimators"": 250, ""subsample"": 1.0}",4,2115,0.807565011820331,0.01794432192863322,1.6791488296293496e+16,2192.578913547333,0.07422883788216605,37.71214066984401
stage2,2591,44,0.62,74772,27,"{""atr_period"": 21, ""horizon_h"": 6, ""ma_windows"": [8, 24, 96], ""mtf_intervals"": [""4h"", ""1d""], ""ret_windows"": [1, 3, 6, 12, 24], ""rsi_period"": 21, ""target_threshold"": 0.006, ""vol_windows"": [24, 48]}","{""colsample_bytree"": 1.0, ""gamma"": 0.0, ""learning_rate"": 0.03, ""max_depth"": 5, ""min_child_weight"": 1, ""n_estimators"": 250, ""subsample"": 1.0}",4,1892,0.8276955602536998,0.01889719547802033,1908174682786769.8,2192.578913547333,0.0711046803628046,35.562705188415045
stage2,2591,44,0.65,74772,27,"{""atr_period"": 21, ""horizon_h"": 6, ""ma_windows"": [8, 24, 96], ""mtf_intervals"": [""4h"", ""1d""], ""ret_windows"": [1, 3, 6, 12, 24], ""rsi_period"": 21, ""target_threshold"": 0.006, ""vol_windows"": [24, 48]}","{""colsample_bytree"": 1.0, ""gamma"": 0.0, ""learning_rate"": 0.03, ""max_depth"": 5, ""min_child_weight"": 1, ""n_estimators"": 250, ""subsample"": 1.0}",4,1590,0.8433962264150944,0.01982544669483691,29256105447716.92,2192.578913547333,0.07110468036280448,31.404877615589307
stage2,2591,23,0.52,74772,27,"{""atr_period"": 21, ""horizon_h"": 6, ""ma_windows"": [8, 24, 96], ""mtf_intervals"": [""4h"", ""1d""], ""ret_windows"": [1, 3, 6, 12, 24], ""rsi_period"": 21, ""target_threshold"": 0.006, ""vol_windows"": [24, 48]}","{""colsample_bytree"": 1.0, ""gamma"": 0.2, ""learning_rate"": 0.07, ""max_depth"": 3, ""min_child_weight"": 5, ""n_estimators"": 250, ""subsample"": 0.7}",4,2873,0.7479986077271145,0.01551295482108298,1.1520952081942227e+19,2192.578913547333,0.0709264361473878,44.177738278424165
stage2,2591,23,0.55,74772,27,"{""atr_period"": 21, ""horizon_h"": 6, ""ma_windows"": [8, 24, 96], ""mtf_intervals"": [""4h"", ""1d""], ""ret_windows"": [1, 3, 6, 12, 24], ""rsi_period"": 21, ""target_threshold"": 0.006, ""vol_windows"": [24, 48]}","{""colsample_bytree"": 1.0, ""gamma"": 0.2, ""learning_rate"": 0.07, ""max_depth"": 3, ""min_child_weight"": 5, ""n_estimators"": 250, ""subsample"": 0.7}",4,2473,0.7654670440760211,0.016488059947633704,2.711262518583066e+17,2192.578913547333,0.060566013874518765,40.4553560892253
stage2,2591,23,0.58,74772,27,"{""atr_period"": 21, ""horizon_h"": 6, ""ma_windows"": [8, 24, 96], ""mtf_intervals"": [""4h"", ""1d""], ""ret_windows"": [1, 3, 6, 12, 24], ""rsi_period"": 21, ""target_threshold"": 0.006, ""vol_windows"": [24, 48]}","{""colsample_bytree"": 1.0, ""gamma"": 0.2, ""learning_rate"": 0.07, ""max_depth"": 3, ""min_child_weight"": 5, ""n_estimators"": 250, ""subsample"": 0.7}",4,2126,0.7850423330197555,0.017492841595863506,7836151632595283.0,2192.578913547333,0.060566013874518654,36.9352178378163
stage2,2591,23,0.6,74772,27,"{""atr_period"": 21, ""horizon_h"": 6, ""ma_windows"": [8, 24, 96], ""mtf_intervals"": [""4h"", ""1d""], ""ret_windows"": [1, 3, 6, 12, 24], ""rsi_period"": 21, ""target_threshold"": 0.006, ""vol_windows"": [24, 48]}","{""colsample_bytree"": 1.0, ""gamma"": 0.2, ""learning_rate"": 0.07, ""max_depth"": 3, ""min_child_weight"": 5, ""n_estimators"": 250, ""subsample"": 0.7}",4,1932,0.7945134575569358,0.018078337026552697,836240469237561.8,2192.578913547333,0.07110468036280448,34.70462245235726
stage2,2591,23,0.62,74772,27,"{""atr_period"": 21, ""horizon_h"": 6, ""ma_windows"": [8, 24, 96], ""mtf_intervals"": [""4h"", ""1d""], ""ret_windows"": [1, 3, 6, 12, 24], ""rsi_period"": 21, ""target_threshold"": 0.006, ""vol_windows"": [24, 48]}","{""colsample_bytree"": 1.0, ""gamma"": 0.2, ""learning_rate"": 0.07, ""max_depth"": 3, ""min_child_weight"": 5, ""n_estimators"": 250, ""subsample"": 0.7}",4,1721,0.810575246949448,0.01886369559968824,73894784143607.62,2192.578913547333,0.060566013874518765,32.30275011688751
stage2,2591,23,0.65,74772,27,"{""atr_period"": 21, ""horizon_h"": 6, ""ma_windows"": [8, 24, 96], ""mtf_intervals"": [""4h"", ""1d""], ""ret_windows"": [1, 3, 6, 12, 24], ""rsi_period"": 21, ""target_threshold"": 0.006, ""vol_windows"": [24, 48]}","{""colsample_bytree"": 1.0, ""gamma"": 0.2, ""learning_rate"": 0.07, ""max_depth"": 3, ""min_child_weight"": 5, ""n_estimators"": 250, ""subsample"": 0.7}",4,1434,0.8340306834030683,0.020194220718801635,2320319080673.9546,2192.578913547333,0.060566013874518876,28.87122113245859
stage2,3527,51,0.52,74772,27,"{""atr_period"": 14, ""horizon_h"": 6, ""ma_windows"": [8, 24, 96], ""mtf_intervals"": [""4h"", ""1d""], ""ret_windows"": [1, 2, 4, 8, 24], ""rsi_period"": 21, ""target_threshold"": 0.006, ""vol_windows"": [24, 72]}","{""colsample_bytree"": 0.7, ""gamma"": 0.2, ""learning_rate"": 0.07, ""max_depth"": 5, ""min_child_weight"": 5, ""n_estimators"": 250, ""subsample"": 0.7}",4,3335,0.7397301349325337,0.014764772944729342,1.1763036058532957e+21,2192.578913547333,0.07899211691902852,48.78707017031866
stage2,3527,51,0.55,74772,27,"{""atr_period"": 14, ""horizon_h"": 6, ""ma_windows"": [8, 24, 96], ""mtf_intervals"": [""4h"", ""1d""], ""ret_windows"": [1, 2, 4, 8, 24], ""rsi_period"": 21, ""target_threshold"": 0.006, ""vol_windows"": [24, 72]}","{""colsample_bytree"": 0.7, ""gamma"": 0.2, ""learning_rate"": 0.07, ""max_depth"": 5, ""min_child_weight"": 5, ""n_estimators"": 250, ""subsample"": 0.7}",4,2969,0.7601886156955204,0.015631070895115028,7.157687295970811e+19,2192.578913547333,0.07588403381916586,46.01256113513432
stage2,3527,51,0.58,74772,27,"{""atr_period"": 14, ""horizon_h"": 6, ""ma_windows"": [8, 24, 96], ""mtf_intervals"": [""4h"", ""1d""], ""ret_windows"": [1, 2, 4, 8, 24], ""rsi_period"": 21, ""target_threshold"": 0.006, ""vol_windows"": [24, 72]}","{""colsample_bytree"": 0.7, ""gamma"": 0.2, ""learning_rate"": 0.07, ""max_depth"": 5, ""min_child_weight"": 5, ""n_estimators"": 250, ""subsample"": 0.7}",4,2629,0.7805249144161278,0.016485885691890436,3.46062978135063e+18,2192.578913547333,0.0546525922101353,43.01696298509359
stage2,3527,51,0.6,74772,27,"{""atr_period"": 14, ""horizon_h"": 6, ""ma_windows"": [8, 24, 96], ""mtf_intervals"": [""4h"", ""1d""], ""ret_windows"": [1, 2, 4, 8, 24], ""rsi_period"": 21, ""target_threshold"": 0.006, ""vol_windows"": [24, 72]}","{""colsample_bytree"": 0.7, ""gamma"": 0.2, ""learning_rate"": 0.07, ""max_depth"": 5, ""min_child_weight"": 5, ""n_estimators"": 250, ""subsample"": 0.7}",4,2434,0.790468364831553,0.01694576468909469,4.357483095483926e+17,2192.578913547333,0.04583266074799763,40.96086567890027
stage2,3527,51,0.62,74772,27,"{""atr_period"": 14, ""horizon_h"": 6, ""ma_windows"": [8, 24, 96], ""mtf_intervals"": [""4h"", ""1d""], ""ret_windows"": [1, 2, 4, 8, 24], ""rsi_period"": 21, ""target_threshold"": 0.006, ""vol_windows"": [24, 72]}","{""colsample_bytree"": 0.7, ""gamma"": 0.2, ""learning_rate"": 0.07, ""max_depth"": 5, ""min_child_weight"": 5, ""n_estimators"": 250, ""subsample"": 0.7}",4,2224,0.8053057553956835,0.017584589969671608,5.257668585568644e+16,2192.578913547333,0.04583266074799763,38.86305417541397
stage2,3527,51,0.65,74772,27,"{""atr_period"": 14, ""horizon_h"": 6, ""ma_windows"": [8, 24, 96], ""mtf_intervals"": [""4h"", ""1d""], ""ret_windows"": [1, 2, 4, 8, 24], ""rsi_period"": 21, ""target_threshold"": 0.006, ""vol_windows"": [24, 72]}","{""colsample_bytree"": 0.7, ""gamma"": 0.2, ""learning_rate"": 0.07, ""max_depth"": 5, ""min_child_weight"": 5, ""n_estimators"": 250, ""subsample"": 0.7}",4,1940,0.8268041237113402,0.01876543547598579,3629136526716616.0,2192.578913547333,0.04583266074799763,36.21642159586658
stage2,3527,58,0.52,74772,27,"{""atr_period"": 14, ""horizon_h"": 6, ""ma_windows"": [8, 24, 96], ""mtf_intervals"": [""4h"", ""1d""], ""ret_windows"": [1, 2, 4, 8, 24], ""rsi_period"": 21, ""target_threshold"": 0.006, ""vol_windows"": [24, 72]}","{""colsample_bytree"": 0.7, ""gamma"": 0.0, ""learning_rate"": 0.07, ""max_depth"": 5, ""min_child_weight"": 5, ""n_estimators"": 250, ""subsample"": 1.0}",4,3297,0.7427964816499848,0.014920364980241685,1.1256267863735035e+21,2192.578913547333,0.07884120533897365,48.7468064793201
stage2,3527,58,0.55,74772,27,"{""atr_period"": 14, ""horizon_h"": 6, ""ma_windows"": [8, 24, 96], ""mtf_intervals"": [""4h"", ""1d""], ""ret_windows"": [1, 2, 4, 8, 24], ""rsi_period"": 21, ""target_threshold"": 0.006, ""vol_windows"": [24, 72]}","{""colsample_bytree"": 0.7, ""gamma"": 0.0, ""learning_rate"": 0.07, ""max_depth"": 5, ""min_child_weight"": 5, ""n_estimators"": 250, ""subsample"": 1.0}",4,2930,0.7686006825938566,0.015872273453725858,7.876338518490835e+19,2192.578913547333,0.07899211691902852,46.115342583002594
stage2,3527,58,0.58,74772,27,"{""atr_period"": 14, ""horizon_h"": 6, ""ma_windows"": [8, 24, 96], ""mtf_intervals"": [""4h"", ""1d""], ""ret_windows"": [1, 2, 4, 8, 24], ""rsi_period"": 21, ""target_threshold"": 0.006, ""vol_windows"": [24, 72]}","{""colsample_bytree"": 0.7, ""gamma"": 0.0, ""learning_rate"": 0.07, ""max_depth"": 5, ""min_child_weight"": 5, ""n_estimators"": 250, ""subsample"": 1.0}",4,2580,0.7852713178294574,0.016722312456052966,2.8368178936168617e+18,2192.578913547333,0.07899211691902841,42.81171413333977
stage2,3527,58,0.6,74772,27,"{""atr_period"": 14, ""horizon_h"": 6, ""ma_windows"": [8, 24, 96], ""mtf_intervals"": [""4h"", ""1d""], ""ret_windows"": [1, 2, 4, 8, 24], ""rsi_period"": 21, ""target_threshold"": 0.006, ""vol_windows"": [24, 72]}","{""colsample_bytree"": 0.7, ""gamma"": 0.0, ""learning_rate"": 0.07, ""max_depth"": 5, ""min_child_weight"": 5, ""n_estimators"": 250, ""subsample"": 1.0}",4,2380,0.8012605042016807,0.017276028186702964,3.8426207816318816e+17,2192.578913547333,0.04583266074799763,40.84640150840206
stage2,3527,58,0.62,74772,27,"{""atr_period"": 14, ""horizon_h"": 6, ""ma_windows"": [8, 24, 96], ""mtf_intervals"": [""4h"", ""1d""], ""ret_windows"": [1, 2, 4, 8, 24], ""rsi_period"": 21, ""target_threshold"": 0.006, ""vol_windows"": [24, 72]}","{""colsample_bytree"": 0.7, ""gamma"": 0.0, ""learning_rate"": 0.07, ""max_depth"": 5, ""min_child_weight"": 5, ""n_estimators"": 250, ""subsample"": 1.0}",4,2182,0.8185151237396884,0.018067890275163055,7.20985176722478e+16,2192.578913547333,0.04583266074799752,39.193248770478476
stage2,3527,58,0.65,74772,27,"{""atr_period"": 14, ""horizon_h"": 6, ""ma_windows"": [8, 24, 96], ""mtf_intervals"": [""4h"", ""1d""], ""ret_windows"": [1, 2, 4, 8, 24], ""rsi_period"": 21, ""target_threshold"": 0.006, ""vol_windows"": [24, 72]}","{""colsample_bytree"": 0.7, ""gamma"": 0.0, ""learning_rate"": 0.07, ""max_depth"": 5, ""min_child_weight"": 5, ""n_estimators"": 250, ""subsample"": 1.0}",4,1889,0.8353626257278983,0.019086197066392172,2574545458297985.5,2192.578913547333,0.041857261497263876,35.884500438760206
stage2,3527,50,0.52,74772,27,"{""atr_period"": 14, ""horizon_h"": 6, ""ma_windows"": [8, 24, 96], ""mtf_intervals"": [""4h"", ""1d""], ""ret_windows"": [1, 2, 4, 8, 24], ""rsi_period"": 21, ""target_threshold"": 0.006, ""vol_windows"": [24, 72]}","{""colsample_bytree"": 0.7, ""gamma"": 0.0, ""learning_rate"": 0.07, ""max_depth"": 5, ""min_child_weight"": 5, ""n_estimators"": 250, ""subsample"": 0.7}",4,3345,0.7464872944693572,0.014901555794228007,2.158001041769221e+21,2192.578913547333,0.0650782298642072,49.40733246945554
stage2,3527,50,0.55,74772,27,"{""atr_period"": 14, ""horizon_h"": 6, ""ma_windows"": [8, 24, 96], ""mtf_intervals"": [""4h"", ""1d""], ""ret_windows"": [1, 2, 4, 8, 24], ""rsi_period"": 21, ""target_threshold"": 0.006, ""vol_windows"": [24, 72]}","{""colsample_bytree"": 0.7, ""gamma"": 0.0, ""learning_rate"": 0.07, ""max_depth"": 5, ""min_child_weight"": 5, ""n_estimators"": 250, ""subsample"": 0.7}",4,2962,0.7673869007427414,0.015762917822681393,9.474306314494591e+19,2192.578913547333,0.07438050509704175,46.30052291361179
stage2,3527,50,0.58,74772,27,"{""atr_period"": 14, ""horizon_h"": 6, ""ma_windows"": [8, 24, 96], ""mtf_intervals"": [""4h"", ""1d""], ""ret_windows"": [1, 2, 4, 8, 24], ""rsi_period"": 21, ""target_threshold"": 0.006, ""vol_windows"": [24, 72]}","{""colsample_bytree"": 0.7, ""gamma"": 0.0, ""learning_rate"": 0.07, ""max_depth"": 5, ""min_child_weight"": 5, ""n_estimators"": 250, ""subsample"": 0.7}",4,2623,0.7872664887533358,0.016685253866161067,5.230370252286951e+18,2192.578913547333,0.0712568594020806,43.428680535631116
stage2,3527,50,0.6,74772,27,"{""atr_period"": 14, ""horizon_h"": 6, ""ma_windows"": [8, 24, 96], ""mtf_intervals"": [""4h"", ""1d""], ""ret_windows"": [1, 2, 4, 8, 24], ""rsi_period"": 21, ""target_threshold"": 0.006, ""vol_windows"": [24, 72]}","{""colsample_bytree"": 0.7, ""gamma"": 0.0, ""learning_rate"": 0.07, ""max_depth"": 5, ""min_child_weight"": 5, ""n_estimators"": 250, ""subsample"": 0.7}",4,2436,0.7951559934318555,0.017140556886698268,7.160749368866744e+17,2192.578913547333,0.0712568594020806,41.450182036989084
stage2,3527,50,0.62,74772,27,"{""atr_period"": 14, ""horizon_h"": 6, ""ma_windows"": [8, 24, 96], ""mtf_intervals"": [""4h"", ""1d""], ""ret_windows"": [1, 2, 4, 8, 24], ""rsi_period"": 21, ""target_threshold"": 0.006, ""vol_windows"": [24, 72]}","{""colsample_bytree"": 0.7, ""gamma"": 0.0, ""learning_rate"": 0.07, ""max_depth"": 5, ""min_child_weight"": 5, ""n_estimators"": 250, ""subsample"": 0.7}",4,2241,0.8063364569388666,0.01768819783133374,8.86124351015838e+16,2192.578913547333,0.0711046803628046,39.37407100172747
stage2,3527,50,0.65,74772,27,"{""atr_period"": 14, ""horizon_h"": 6, ""ma_windows"": [8, 24, 96], ""mtf_intervals"": [""4h"", ""1d""], ""ret_windows"": [1, 2, 4, 8, 24], ""rsi_period"": 21, ""target_threshold"": 0.006, ""vol_windows"": [24, 72]}","{""colsample_bytree"": 0.7, ""gamma"": 0.0, ""learning_rate"": 0.07, ""max_depth"": 5, ""min_child_weight"": 5, ""n_estimators"": 250, ""subsample"": 0.7}",4,1939,0.8267148014440433,0.01874331238970922,3411979088366406.5,2192.578913547333,0.0532293775227084,36.15077254718365
stage2,3527,48,0.52,74772,27,"{""atr_period"": 14, ""horizon_h"": 6, ""ma_windows"": [8, 24, 96], ""mtf_intervals"": [""4h"", ""1d""], ""ret_windows"": [1, 2, 4, 8, 24], ""rsi_period"": 21, ""target_threshold"": 0.006, ""vol_windows"": [24, 72]}","{""colsample_bytree"": 0.7, ""gamma"": 0.0, ""learning_rate"": 0.07, ""max_depth"": 5, ""min_child_weight"": 1, ""n_estimators"": 250, ""subsample"": 0.7}",4,3352,0.7431384248210023,0.014858303749322717,2.0646822791018263e+21,2192.578913547333,0.06507822986420708,49.36010136237046
stage2,3527,48,0.55,74772,27,"{""atr_period"": 14, ""horizon_h"": 6, ""ma_windows"": [8, 24, 96], ""mtf_intervals"": [""4h"", ""1d""], ""ret_windows"": [1, 2, 4, 8, 24], ""rsi_period"": 21, ""target_threshold"": 0.006, ""vol_windows"": [24, 72]}","{""colsample_bytree"": 0.7, ""gamma"": 0.0, ""learning_rate"": 0.07, ""max_depth"": 5, ""min_child_weight"": 1, ""n_estimators"": 250, ""subsample"": 0.7}",4,2976,0.7610887096774194,0.015700468815748297,9.783725339151068e+19,2192.578913547333,0.07884120533897343,46.32489120802633
stage2,3527,48,0.58,74772,27,"{""atr_period"": 14, ""horizon_h"": 6, ""ma_windows"": [8, 24, 96], ""mtf_intervals"": [""4h"", ""1d""], ""ret_windows"": [1, 2, 4, 8, 24], ""rsi_period"": 21, ""target_threshold"": 0.006, ""vol_windows"": [24, 72]}","{""colsample_bytree"": 0.7, ""gamma"": 0.0, ""learning_rate"": 0.07, ""max_depth"": 5, ""min_child_weight"": 1, ""n_estimators"": 250, ""subsample"": 0.7}",4,2656,0.7793674698795181,0.0166036888421667,7.269795794196602e+18,2192.578913547333,0.0757326129647169,43.74871705637106
stage2,3527,48,0.6,74772,27,"{""atr_period"": 14, ""horizon_h"": 6, ""ma_windows"": [8, 24, 96], ""mtf_intervals"": [""4h"", ""1d""], ""ret_windows"": [1, 2, 4, 8, 24], ""rsi_period"": 21, ""target_threshold"": 0.006, ""vol_windows"": [24, 72]}","{""colsample_bytree"": 0.7, ""gamma"": 0.0, ""learning_rate"": 0.07, ""max_depth"": 5, ""min_child_weight"": 1, ""n_estimators"": 250, ""subsample"": 0.7}",4,2427,0.7948084054388134,0.017258650424951016,8.149236430608704e+17,2192.578913547333,0.0757326129647169,41.57792043553485
stage2,3527,48,0.62,74772,27,"{""atr_period"": 14, ""horizon_h"": 6, ""ma_windows"": [8, 24, 96], ""mtf_intervals"": [""4h"", ""1d""], ""ret_windows"": [1, 2, 4, 8, 24], ""rsi_period"": 21, ""target_threshold"": 0.006, ""vol_windows"": [24, 72]}","{""colsample_bytree"": 0.7, ""gamma"": 0.0, ""learning_rate"": 0.07, ""max_depth"": 5, ""min_child_weight"": 1, ""n_estimators"": 250, ""subsample"": 0.7}",4,2220,0.8076576576576576,0.01776261816320066,7.276602488676776e+16,2192.578913547333,0.04583266074799763,39.19133629112104
stage2,3527,48,0.65,74772,27,"{""atr_period"": 14, ""horizon_h"": 6, ""ma_windows"": [8, 24, 96], ""mtf_intervals"": [""4h"", ""1d""], ""ret_windows"": [1, 2, 4, 8, 24], ""rsi_period"": 21, ""target_threshold"": 0.006, ""vol_windows"": [24, 72]}","{""colsample_bytree"": 0.7, ""gamma"": 0.0, ""learning_rate"": 0.07, ""max_depth"": 5, ""min_child_weight"": 1, ""n_estimators"": 250, ""subsample"": 0.7}",4,1945,0.8298200514138817,0.01879448729240992,4230839350042990.0,2192.578913547333,0.04583266074799763,36.37247240528718
stage2,3527,57,0.52,74772,27,"{""atr_period"": 14, ""horizon_h"": 6, ""ma_windows"": [8, 24, 96], ""mtf_intervals"": [""4h"", ""1d""], ""ret_windows"": [1, 2, 4, 8, 24], ""rsi_period"": 21, ""target_threshold"": 0.006, ""vol_windows"": [24, 72]}","{""colsample_bytree"": 0.7, ""gamma"": 0.2, ""learning_rate"": 0.07, ""max_depth"": 5, ""min_child_weight"": 1, ""n_estimators"": 250, ""subsample"": 1.0}",4,3344,0.7356459330143541,0.01480137201339662,1.513137957368537e+21,2192.578913547333,0.086491815202144,49.03215437978273
stage2,3527,57,0.55,74772,27,"{""atr_period"": 14, ""horizon_h"": 6, ""ma_windows"": [8, 24, 96], ""mtf_intervals"": [""4h"", ""1d""], ""ret_windows"": [1, 2, 4, 8, 24], ""rsi_period"": 21, ""target_threshold"": 0.006, ""vol_windows"": [24, 72]}","{""colsample_bytree"": 0.7, ""gamma"": 0.2, ""learning_rate"": 0.07, ""max_depth"": 5, ""min_child_weight"": 1, ""n_estimators"": 250, ""subsample"": 1.0}",4,2961,0.7578520770010132,0.015626860530839323,6.2355933371242725e+19,2192.578913547333,0.07899211691902841,45.871190991208714
stage2,3527,57,0.58,74772,27,"{""atr_period"": 14, ""horizon_h"": 6, ""ma_windows"": [8, 24, 96], ""mtf_intervals"": [""4h"", ""1d""], ""ret_windows"": [1, 2, 4, 8, 24], ""rsi_period"": 21, ""target_threshold"": 0.006, ""vol_windows"": [24, 72]}","{""colsample_bytree"": 0.7, ""gamma"": 0.2, ""learning_rate"": 0.07, ""max_depth"": 5, ""min_child_weight"": 1, ""n_estimators"": 250, ""subsample"": 1.0}",4,2616,0.7767584097859327,0.01650572443317894,2.9311856929471206e+18,2192.578913547333,0.07438050509704197,42.83820095917006
stage2,3527,57,0.6,74772,27,"{""atr_period"": 14, ""horizon_h"": 6, ""ma_windows"": [8, 24, 96], ""mtf_intervals"": [""4h"", ""1d""], ""ret_windows"": [1, 2, 4, 8, 24], ""rsi_period"": 21, ""target_threshold"": 0.006, ""vol_windows"": [24, 72]}","{""colsample_bytree"": 0.7, ""gamma"": 0.2, ""learning_rate"": 0.07, ""max_depth"": 5, ""min_child_weight"": 1, ""n_estimators"": 250, ""subsample"": 1.0}",4,2424,0.7904290429042904,0.017050051798965914,4.717279313076784e+17,2192.578913547333,0.07422883788216605,41.02680802735731
stage2,3527,57,0.62,74772,27,"{""atr_period"": 14, ""horizon_h"": 6, ""ma_windows"": [8, 24, 96], ""mtf_intervals"": [""4h"", ""1d""], ""ret_windows"": [1, 2, 4, 8, 24], ""rsi_period"": 21, ""target_threshold"": 0.006, ""vol_windows"": [24, 72]}","{""colsample_bytree"": 0.7, ""gamma"": 0.2, ""learning_rate"": 0.07, ""max_depth"": 5, ""min_child_weight"": 1, ""n_estimators"": 250, ""subsample"": 1.0}",4,2227,0.7979344409519533,0.017569799743412932,5.3742261124232424e+16,2192.578913547333,0.07110468036280448,38.86632968299588
stage2,3527,57,0.65,74772,27,"{""atr_period"": 14, ""horizon_h"": 6, ""ma_windows"": [8, 24, 96], ""mtf_intervals"": [""4h"", ""1d""], ""ret_windows"": [1, 2, 4, 8, 24], ""rsi_period"": 21, ""target_threshold"": 0.006, ""vol_windows"": [24, 72]}","{""colsample_bytree"": 0.7, ""gamma"": 0.2, ""learning_rate"": 0.07, ""max_depth"": 5, ""min_child_weight"": 1, ""n_estimators"": 250, ""subsample"": 1.0}",4,1938,0.8235294117647058,0.018723992263038412,3243929059546857.5,2192.578913547333,0.04583266074799752,36.10126079986301
stage2,3527,61,0.52,74772,27,"{""atr_period"": 14, ""horizon_h"": 6, ""ma_windows"": [8, 24, 96], ""mtf_intervals"": [""4h"", ""1d""], ""ret_windows"": [1, 2, 4, 8, 24], ""rsi_period"": 21, ""target_threshold"": 0.006, ""vol_windows"": [24, 72]}","{""colsample_bytree"": 1.0, ""gamma"": 0.2, ""learning_rate"": 0.07, ""max_depth"": 5, ""min_child_weight"": 1, ""n_estimators"": 250, ""subsample"": 1.0}",4,3396,0.7358657243816255,0.014679449846377219,2.1589033842316534e+21,2192.578913547333,0.09220607331092201,49.383912494787076
stage2,3527,61,0.55,74772,27,"{""atr_period"": 14, ""horizon_h"": 6, ""ma_windows"": [8, 24, 96], ""mtf_intervals"": [""4h"", ""1d""], ""ret_windows"": [1, 2, 4, 8, 24], ""rsi_period"": 21, ""target_threshold"": 0.006, ""vol_windows"": [24, 72]}","{""colsample_bytree"": 1.0, ""gamma"": 0.2, ""learning_rate"": 0.07, ""max_depth"": 5, ""min_child_weight"": 1, ""n_estimators"": 250, ""subsample"": 1.0}",4,3032,0.7598944591029023,0.015498334270238194,1.2740716412505984e+20,2192.578913547333,0.0922060733109219,46.57971885355934
stage2,3527,61,0.58,74772,27,"{""atr_period"": 14, ""horizon_h"": 6, ""ma_windows"": [8, 24, 96], ""mtf_intervals"": [""4h"", ""1d""], ""ret_windows"": [1, 2, 4, 8, 24], ""rsi_period"": 21, ""target_threshold"": 0.006, ""vol_windows"": [24, 72]}","{""colsample_bytree"": 1.0, ""gamma"": 0.2, ""learning_rate"": 0.07, ""max_depth"": 5, ""min_child_weight"": 1, ""n_estimators"": 250, ""subsample"": 1.0}",4,2711,0.7797860568056068,0.016384644027470058,9.987575275250342e+18,2192.578913547333,0.07220939387135916,44.0666748226316
stage2,3527,61,0.6,74772,27,"{""atr_period"": 14, ""horizon_h"": 6, ""ma_windows"": [8, 24, 96], ""mtf_intervals"": [""4h"", ""1d""], ""ret_windows"": [1, 2, 4, 8, 24], ""rsi_period"": 21, ""target_threshold"": 0.006, ""vol_windows"": [24, 72]}","{""colsample_bytree"": 1.0, ""gamma"": 0.2, ""learning_rate"": 0.07, ""max_depth"": 5, ""min_child_weight"": 1, ""n_estimators"": 250, ""subsample"": 1.0}",4,2488,0.792604501607717,0.017064779699608266,1.4359710417772997e+18,2192.578913547333,0.05046101366996225,42.15374431047034
stage2,3527,61,0.62,74772,27,"{""atr_period"": 14, ""horizon_h"": 6, ""ma_windows"": [8, 24, 96], ""mtf_intervals"": [""4h"", ""1d""], ""ret_windows"": [1, 2, 4, 8, 24], ""rsi_period"": 21, ""target_threshold"": 0.006, ""vol_windows"": [24, 72]}","{""colsample_bytree"": 1.0, ""gamma"": 0.2, ""learning_rate"": 0.07, ""max_depth"": 5, ""min_child_weight"": 1, ""n_estimators"": 250, ""subsample"": 1.0}",4,2255,0.8062084257206208,0.017707861813028747,1.1857869770863094e+17,2192.578913547333,0.05046101366996225,39.67575237898903
stage2,3527,61,0.65,74772,27,"{""atr_period"": 14, ""horizon_h"": 6, ""ma_windows"": [8, 24, 96], ""mtf_intervals"": [""4h"", ""1d""], ""ret_windows"": [1, 2, 4, 8, 24], ""rsi_period"": 21, ""target_threshold"": 0.006, ""vol_windows"": [24, 72]}","{""colsample_bytree"": 1.0, ""gamma"": 0.2, ""learning_rate"": 0.07, ""max_depth"": 5, ""min_child_weight"": 1, ""n_estimators"": 250, ""subsample"": 1.0}",4,1996,0.8261523046092184,0.018685152391449016,8756425078093856.0,2192.578913547333,0.045832660747997744,37.09605085290207
stage2,3527,38,0.52,74772,27,"{""atr_period"": 14, ""horizon_h"": 6, ""ma_windows"": [8, 24, 96], ""mtf_intervals"": [""4h"", ""1d""], ""ret_windows"": [1, 2, 4, 8, 24], ""rsi_period"": 21, ""target_threshold"": 0.006, ""vol_windows"": [24, 72]}","{""colsample_bytree"": 1.0, ""gamma"": 0.0, ""learning_rate"": 0.03, ""max_depth"": 5, ""min_child_weight"": 5, ""n_estimators"": 250, ""subsample"": 0.7}",4,3106,0.7498390212491951,0.01534129809169164,2.4224620483557143e+20,2192.578913547333,0.07884120533897354,47.21966725729095
stage2,3527,38,0.55,74772,27,"{""atr_period"": 14, ""horizon_h"": 6, ""ma_windows"": [8, 24, 96], ""mtf_intervals"": [""4h"", ""1d""], ""ret_windows"": [1, 2, 4, 8, 24], ""rsi_period"": 21, ""target_threshold"": 0.006, ""vol_windows"": [24, 72]}","{""colsample_bytree"": 1.0, ""gamma"": 0.0, ""learning_rate"": 0.03, ""max_depth"": 5, ""min_child_weight"": 5, ""n_estimators"": 250, ""subsample"": 0.7}",4,2732,0.7745241581259151,0.016358934354865295,1.3014538989466243e+19,2192.578913547333,0.07884120533897343,44.323668988904345
stage2,3527,38,0.58,74772,27,"{""atr_period"": 14, ""horizon_h"": 6, ""ma_windows"": [8, 24, 96], ""mtf_intervals"": [""4h"", ""1d""], ""ret_windows"": [1, 2, 4, 8, 24], ""rsi_period"": 21, ""target_threshold"": 0.006, ""vol_windows"": [24, 72]}","{""colsample_bytree"": 1.0, ""gamma"": 0.0, ""learning_rate"": 0.03, ""max_depth"": 5, ""min_child_weight"": 5, ""n_estimators"": 250, ""subsample"": 0.7}",4,2362,0.7959356477561389,0.017306291291475612,3.0137229346242906e+17,2192.578913547333,0.07422883788216617,40.58520718033665
stage2,3527,38,0.6,74772,27,"{""atr_period"": 14, ""horizon_h"": 6, ""ma_windows"": [8, 24, 96], ""mtf_intervals"": [""4h"", ""1d""], ""ret_windows"": [1, 2, 4, 8, 24], ""rsi_period"": 21, ""target_threshold"": 0.006, ""vol_windows"": [24, 72]}","{""colsample_bytree"": 1.0, ""gamma"": 0.0, ""learning_rate"": 0.03, ""max_depth"": 5, ""min_child_weight"": 5, ""n_estimators"": 250, ""subsample"": 0.7}",4,2143,0.8044797013532431,0.01796530605413006,2.8781500439677996e+16,2192.578913547333,0.07110468036280448,38.25026309914982
stage2,3527,38,0.62,74772,27,"{""atr_period"": 14, ""horizon_h"": 6, ""ma_windows"": [8, 24, 96], ""mtf_intervals"": [""4h"", ""1d""], ""ret_windows"": [1, 2, 4, 8, 24], ""rsi_period"": 21, ""target_threshold"": 0.006, ""vol_windows"": [24, 72]}","{""colsample_bytree"": 1.0, ""gamma"": 0.0, ""learning_rate"": 0.03, ""max_depth"": 5, ""min_child_weight"": 5, ""n_estimators"": 250, ""subsample"": 0.7}",4,1928,0.8179460580912863,0.0186312998512188,2251908675881819.5,2192.578913547333,0.04583266074799763,35.731045466824284
stage2,3527,38,0.65,74772,27,"{""atr_period"": 14, ""horizon_h"": 6, ""ma_windows"": [8, 24, 96], ""mtf_intervals"": [""4h"", ""1d""], ""ret_windows"": [1, 2, 4, 8, 24], ""rsi_period"": 21, ""target_threshold"": 0.006, ""vol_windows"": [24, 72]}","{""colsample_bytree"": 1.0, ""gamma"": 0.0, ""learning_rate"": 0.03, ""max_depth"": 5, ""min_child_weight"": 5, ""n_estimators"": 250, ""subsample"": 0.7}",4,1644,0.8400243309002433,0.019959322525887488,104639816969362.75,2192.578913547333,0.03295888238464695,32.69675985822488
stage2,3527,36,0.52,74772,27,"{""atr_period"": 14, ""horizon_h"": 6, ""ma_windows"": [8, 24, 96], ""mtf_intervals"": [""4h"", ""1d""], ""ret_windows"": [1, 2, 4, 8, 24], ""rsi_period"": 21, ""target_threshold"": 0.006, ""vol_windows"": [24, 72]}","{""colsample_bytree"": 1.0, ""gamma"": 0.0, ""learning_rate"": 0.03, ""max_depth"": 5, ""min_child_weight"": 1, ""n_estimators"": 250, ""subsample"": 0.7}",4,3106,0.7511268512556343,0.015362360423094122,2.5812589600177734e+20,2192.578913547333,0.07884120533897354,47.28435887051519
stage2,3527,36,0.55,74772,27,"{""atr_period"": 14, ""horizon_h"": 6, ""ma_windows"": [8, 24, 96], ""mtf_intervals"": [""4h"", ""1d""], ""ret_windows"": [1, 2, 4, 8, 24], ""rsi_period"": 21, ""target_threshold"": 0.006, ""vol_windows"": [24, 72]}","{""colsample_bytree"": 1.0, ""gamma"": 0.0, ""learning_rate"": 0.03, ""max_depth"": 5, ""min_child_weight"": 1, ""n_estimators"": 250, ""subsample"": 0.7}",4,2711,0.7731464404278864,0.016294275305886567,7.807692099191478e+18,2192.578913547333,0.07884120533897354,43.8110918403285
stage2,3527,36,0.58,74772,27,"{""atr_period"": 14, ""horizon_h"": 6, ""ma_windows"": [8, 24, 96], ""mtf_intervals"": [""4h"", ""1d""], ""ret_windows"": [1, 2, 4, 8, 24], ""rsi_period"": 21, ""target_threshold"": 0.006, ""vol_windows"": [24, 72]}","{""colsample_bytree"": 1.0, ""gamma"": 0.0, ""learning_rate"": 0.03, ""max_depth"": 5, ""min_child_weight"": 1, ""n_estimators"": 250, ""subsample"": 0.7}",4,2366,0.7890955198647507,0.017260489778619083,2.889168004653491e+17,2192.578913547333,0.07422883788216605,40.53716106909203
stage2,3527,36,0.6,74772,27,"{""atr_period"": 14, ""horizon_h"": 6, ""ma_windows"": [8, 24, 96], ""mtf_intervals"": [""4h"", ""1d""], ""ret_windows"": [1, 2, 4, 8, 24], ""rsi_period"": 21, ""target_threshold"": 0.006, ""vol_windows"": [24, 72]}","{""colsample_bytree"": 1.0, ""gamma"": 0.0, ""learning_rate"": 0.03, ""max_depth"": 5, ""min_child_weight"": 1, ""n_estimators"": 250, ""subsample"": 0.7}",4,2120,0.8056603773584906,0.018087657841214622,2.466485626948786e+16,2192.578913547333,0.07422883788216605,38.09627094794845
stage2,3527,36,0.62,74772,27,"{""atr_period"": 14, ""horizon_h"": 6, ""ma_windows"": [8, 24, 96], ""mtf_intervals"": [""4h"", ""1d""], ""ret_windows"": [1, 2, 4, 8, 24], ""rsi_period"": 21, ""target_threshold"": 0.006, ""vol_windows"": [24, 72]}","{""colsample_bytree"": 1.0, ""gamma"": 0.0, ""learning_rate"": 0.03, ""max_depth"": 5, ""min_child_weight"": 1, ""n_estimators"": 250, ""subsample"": 0.7}",4,1933,0.8241076047594413,0.018772252018555452,3226923767111763.0,2192.578913547333,0.0711046803628046,36.08421744402139
stage2,3527,36,0.65,74772,27,"{""atr_period"": 14, ""horizon_h"": 6, ""ma_windows"": [8, 24, 96], ""mtf_intervals"": [""4h"", ""1d""], ""ret_windows"": [1, 2, 4, 8, 24], ""rsi_period"": 21, ""target_threshold"": 0.006, ""vol_windows"": [24, 72]}","{""colsample_bytree"": 1.0, ""gamma"": 0.0, ""learning_rate"": 0.03, ""max_depth"": 5, ""min_child_weight"": 1, ""n_estimators"": 250, ""subsample"": 0.7}",4,1648,0.8391990291262136,0.01995669863317724,112880842584602.03,2192.578913547333,0.03295888238464695,32.77188725904704
stage2,3527,32,0.52,74772,27,"{""atr_period"": 14, ""horizon_h"": 6, ""ma_windows"": [8, 24, 96], ""mtf_intervals"": [""4h"", ""1d""], ""ret_windows"": [1, 2, 4, 8, 24], ""rsi_period"": 21, ""target_threshold"": 0.006, ""vol_windows"": [24, 72]}","{""colsample_bytree"": 0.7, ""gamma"": 0.0, ""learning_rate"": 0.03, ""max_depth"": 5, ""min_child_weight"": 1, ""n_estimators"": 250, ""subsample"": 0.7}",4,3064,0.7532637075718016,0.015463162344730549,1.8609954040423878e+20,2192.578913547333,0.07884120533897343,46.95970903006657
stage2,3527,32,0.55,74772,27,"{""atr_period"": 14, ""horizon_h"": 6, ""ma_windows"": [8, 24, 96], ""mtf_intervals"": [""4h"", ""1d""], ""ret_windows"": [1, 2, 4, 8, 24], ""rsi_period"": 21, ""target_threshold"": 0.006, ""vol_windows"": [24, 72]}","{""colsample_bytree"": 0.7, ""gamma"": 0.0, ""learning_rate"": 0.03, ""max_depth"": 5, ""min_child_weight"": 1, ""n_estimators"": 250, ""subsample"": 0.7}",4,2660,0.7793233082706766,0.016467420342627992,5.420390102528706e+18,2192.578913547333,0.07422883788216617,43.454783051807105
stage2,3527,32,0.58,74772,27,"{""atr_period"": 14, ""horizon_h"": 6, ""ma_windows"": [8, 24, 96], ""mtf_intervals"": [""4h"", ""1d""], ""ret_windows"": [1, 2, 4, 8, 24], ""rsi_period"": 21, ""target_threshold"": 0.006, ""vol_windows"": [24, 72]}","{""colsample_bytree"": 0.7, ""gamma"": 0.0, ""learning_rate"": 0.03, ""max_depth"": 5, ""min_child_weight"": 1, ""n_estimators"": 250, ""subsample"": 0.7}",4,2295,0.8043572984749455,0.01755354955513242,1.6853967936582387e+17,2192.578913547333,0.054652592210134965,40.02253554194719
stage2,3527,32,0.6,74772,27,"{""atr_period"": 14, ""horizon_h"": 6, ""ma_windows"": [8, 24, 96], ""mtf_intervals"": [""4h"", ""1d""], ""ret_windows"": [1, 2, 4, 8, 24], ""rsi_period"": 21, ""target_threshold"": 0.006, ""vol_windows"": [24, 72]}","{""colsample_bytree"": 0.7, ""gamma"": 0.0, ""learning_rate"": 0.03, ""max_depth"": 5, ""min_child_weight"": 1, ""n_estimators"": 250, ""subsample"": 0.7}",4,2090,0.8148325358851675,0.01817686278621878,1.74311709532031e+16,2192.578913547333,0.05465259221013519,37.76699106741187
stage2,3527,32,0.62,74772,27,"{""atr_period"": 14, ""horizon_h"": 6, ""ma_windows"": [8, 24, 96], ""mtf_intervals"": [""4h"", ""1d""], ""ret_windows"": [1, 2, 4, 8, 24], ""rsi_period"": 21, ""target_threshold"": 0.006, ""vol_windows"": [24, 72]}","{""colsample_bytree"": 0.7, ""gamma"": 0.0, ""learning_rate"": 0.03, ""max_depth"": 5, ""min_child_weight"": 1, ""n_estimators"": 250, ""subsample"": 0.7}",4,1872,0.8237179487179487,0.018928367010301837,1389772440257950.0,2192.578913547333,0.05465259221013519,35.25099141555807
stage2,3527,32,0.65,74772,27,"{""atr_period"": 14, ""horizon_h"": 6, ""ma_windows"": [8, 24, 96], ""mtf_intervals"": [""4h"", ""1d""], ""ret_windows"": [1, 2, 4, 8, 24], ""rsi_period"": 21, ""target_threshold"": 0.006, ""vol_windows"": [24, 72]}","{""colsample_bytree"": 0.7, ""gamma"": 0.0, ""learning_rate"": 0.03, ""max_depth"": 5, ""min_child_weight"": 1, ""n_estimators"": 250, ""subsample"": 0.7}",4,1587,0.8412098298676749,0.02004685551076378,39026794109770.68,2192.578913547333,0.041857261497263876,31.707683631849463
stage2,3527,42,0.52,74772,27,"{""atr_period"": 14, ""horizon_h"": 6, ""ma_windows"": [8, 24, 96], ""mtf_intervals"": [""4h"", ""1d""], ""ret_windows"": [1, 2, 4, 8, 24], ""rsi_period"": 21, ""target_threshold"": 0.006, ""vol_windows"": [24, 72]}","{""colsample_bytree"": 0.7, ""gamma"": 0.0, ""learning_rate"": 0.03, ""max_depth"": 5, ""min_child_weight"": 5, ""n_estimators"": 250, ""subsample"": 1.0}",4,3017,0.7527345044746437,0.01545374109393059,8.806405053771783e+19,2192.578913547333,0.07438050509704164,46.213223350421
stage2,3527,42,0.55,74772,27,"{""atr_period"": 14, ""horizon_h"": 6, ""ma_windows"": [8, 24, 96], ""mtf_intervals"": [""4h"", ""1d""], ""ret_windows"": [1, 2, 4, 8, 24], ""rsi_period"": 21, ""target_threshold"": 0.006, ""vol_windows"": [24, 72]}","{""colsample_bytree"": 0.7, ""gamma"": 0.0, ""learning_rate"": 0.03, ""max_depth"": 5, ""min_child_weight"": 5, ""n_estimators"": 250, ""subsample"": 1.0}",4,2630,0.7779467680608365,0.016443698332906705,3.142046115280257e+18,2192.578913547333,0.05465259221013519,42.91798659567195
stage2,3527,42,0.58,74772,27,"{""atr_period"": 14, ""horizon_h"": 6, ""ma_windows"": [8, 24, 96], ""mtf_intervals"": [""4h"", ""1d""], ""ret_windows"": [1, 2, 4, 8, 24], ""rsi_period"": 21, ""target_threshold"": 0.006, ""vol_windows"": [24, 72]}","{""colsample_bytree"": 0.7, ""gamma"": 0.0, ""learning_rate"": 0.03, ""max_depth"": 5, ""min_child_weight"": 5, ""n_estimators"": 250, ""subsample"": 1.0}",4,2302,0.7958297132927888,0.01733295933901897,1.1483134466613595e+17,2192.578913547333,0.054652592210135076,39.63024202793107
stage2,3527,42,0.6,74772,27,"{""atr_period"": 14, ""horizon_h"": 6, ""ma_windows"": [8, 24, 96], ""mtf_intervals"": [""4h"", ""1d""], ""ret_windows"": [1, 2, 4, 8, 24], ""rsi_period"": 21, ""target_threshold"": 0.006, ""vol_windows"": [24, 72]}","{""colsample_bytree"": 0.7, ""gamma"": 0.0, ""learning_rate"": 0.03, ""max_depth"": 5, ""min_child_weight"": 5, ""n_estimators"": 250, ""subsample"": 1.0}",4,2059,0.8037882467217096,0.017961393343596206,6436312105793442.0,2192.578913547333,0.054652592210135076,36.76012756463898
stage2,3527,42,0.62,74772,27,"{""atr_period"": 14, ""horizon_h"": 6, ""ma_windows"": [8, 24, 96], ""mtf_intervals"": [""4h"", ""1d""], ""ret_windows"": [1, 2, 4, 8, 24], ""rsi_period"": 21, ""target_threshold"": 0.006, ""vol_windows"": [24, 72]}","{""colsample_bytree"": 0.7, ""gamma"": 0.0, ""learning_rate"": 0.03, ""max_depth"": 5, ""min_child_weight"": 5, ""n_estimators"": 250, ""subsample"": 1.0}",4,1854,0.8182308522114348,0.018754682437444253,725244926903041.2,2192.578913547333,0.05465259221013519,34.59482638910617
stage2,3527,42,0.65,74772,27,"{""atr_period"": 14, ""horizon_h"": 6, ""ma_windows"": [8, 24, 96], ""mtf_intervals"": [""4h"", ""1d""], ""ret_windows"": [1, 2, 4, 8, 24], ""rsi_period"": 21, ""target_threshold"": 0.006, ""vol_windows"": [24, 72]}","{""colsample_bytree"": 0.7, ""gamma"": 0.0, ""learning_rate"": 0.03, ""max_depth"": 5, ""min_child_weight"": 5, ""n_estimators"": 250, ""subsample"": 1.0}",4,1543,0.8431626701231367,0.0202738199116494,23015286147076.312,2192.578913547333,0.04185726149726399,31.18297179083224
stage2,3527,44,0.52,74772,27,"{""atr_period"": 14, ""horizon_h"": 6, ""ma_windows"": [8, 24, 96], ""mtf_intervals"": [""4h"", ""1d""], ""ret_windows"": [1, 2, 4, 8, 24], ""rsi_period"": 21, ""target_threshold"": 0.006, ""vol_windows"": [24, 72]}","{""colsample_bytree"": 1.0, ""gamma"": 0.0, ""learning_rate"": 0.03, ""max_depth"": 5, ""min_child_weight"": 1, ""n_estimators"": 250, ""subsample"": 1.0}",4,3069,0.7491039426523297,0.015281811311842121,1.159158378081447e+20,2192.578913547333,0.07899211691902863,46.481437651690875
stage2,3527,44,0.55,74772,27,"{""atr_period"": 14, ""horizon_h"": 6, ""ma_windows"": [8, 24, 96], ""mtf_intervals"": [""4h"", ""1d""], ""ret_windows"": [1, 2, 4, 8, 24], ""rsi_period"": 21, ""target_threshold"": 0.006, ""vol_windows"": [24, 72]}","{""colsample_bytree"": 1.0, ""gamma"": 0.0, ""learning_rate"": 0.03, ""max_depth"": 5, ""min_child_weight"": 1, ""n_estimators"": 250, ""subsample"": 1.0}",4,2681,0.7717269675494218,0.016260238812887334,4.4001922375237304e+18,2192.578913547333,0.07884120533897332,43.236222786082095
stage2,3527,44,0.58,74772,27,"{""atr_period"": 14, ""horizon_h"": 6, ""ma_windows"": [8, 24, 96], ""mtf_intervals"": [""4h"", ""1d""], ""ret_windows"": [1, 2, 4, 8, 24], ""rsi_period"": 21, ""target_threshold"": 0.006, ""vol_windows"": [24, 72]}","{""colsample_bytree"": 1.0, ""gamma"": 0.0, ""learning_rate"": 0.03, ""max_depth"": 5, ""min_child_weight"": 1, ""n_estimators"": 250, ""subsample"": 1.0}",4,2339,0.7935014963659683,0.01724805164797415,1.7760562559484755e+17,2192.578913547333,0.07422883788216617,40.054013091949244
stage2,3527,44,0.6,74772,27,"{""atr_period"": 14, ""horizon_h"": 6, ""ma_windows"": [8, 24, 96], ""mtf_intervals"": [""4h"", ""1d""], ""ret_windows"": [1, 2, 4, 8, 24], ""rsi_period"": 21, ""target_threshold"": 0.006, ""vol_windows"": [24, 72]}","{""colsample_bytree"": 1.0, ""gamma"": 0.0, ""learning_rate"": 0.03, ""max_depth"": 5, ""min_child_weight"": 1, ""n_estimators"": 250, ""subsample"": 1.0}",4,2119,0.8074563473336479,0.017981624566195502,1.9533612557138276e+16,2192.578913547333,0.05322937752270851,37.87411648309255
stage2,3527,44,0.62,74772,27,"{""atr_period"": 14, ""horizon_h"": 6, ""ma_windows"": [8, 24, 96], ""mtf_intervals"": [""4h"", ""1d""], ""ret_windows"": [1, 2, 4, 8, 24], ""rsi_period"": 21, ""target_threshold"": 0.006, ""vol_windows"": [24, 72]}","{""colsample_bytree"": 1.0, ""gamma"": 0.0, ""learning_rate"": 0.03, ""max_depth"": 5, ""min_child_weight"": 1, ""n_estimators"": 250, ""subsample"": 1.0}",4,1898,0.8192834562697576,0.01867757299144454,1421781117761263.2,2192.578913547333,0.04185726149726399,35.27460550701771
stage2,3527,44,0.65,74772,27,"{""atr_period"": 14, ""horizon_h"": 6, ""ma_windows"": [8, 24, 96], ""mtf_intervals"": [""4h"", ""1d""], ""ret_windows"": [1, 2, 4, 8, 24], ""rsi_period"": 21, ""target_threshold"": 0.006, ""vol_windows"": [24, 72]}","{""colsample_bytree"": 1.0, ""gamma"": 0.0, ""learning_rate"": 0.03, ""max_depth"": 5, ""min_child_weight"": 1, ""n_estimators"": 250, ""subsample"": 1.0}",4,1605,0.8404984423676013,0.019895208972909587,43893101296892.586,2192.578913547333,0.041857261497263765,31.823410072733036
stage2,3527,23,0.52,74772,27,"{""atr_period"": 14, ""horizon_h"": 6, ""ma_windows"": [8, 24, 96], ""mtf_intervals"": [""4h"", ""1d""], ""ret_windows"": [1, 2, 4, 8, 24], ""rsi_period"": 21, ""target_threshold"": 0.006, ""vol_windows"": [24, 72]}","{""colsample_bytree"": 1.0, ""gamma"": 0.2, ""learning_rate"": 0.07, ""max_depth"": 3, ""min_child_weight"": 5, ""n_estimators"": 250, ""subsample"": 0.7}",4,2879,0.7464397360194512,0.015510701830984715,1.2546773122852864e+19,2192.578913547333,0.0711046803628046,44.261680248006165
stage2,3527,23,0.55,74772,27,"{""atr_period"": 14, ""horizon_h"": 6, ""ma_windows"": [8, 24, 96], ""mtf_intervals"": [""4h"", ""1d""], ""ret_windows"": [1, 2, 4, 8, 24], ""rsi_period"": 21, ""target_threshold"": 0.006, ""vol_windows"": [24, 72]}","{""colsample_bytree"": 1.0, ""gamma"": 0.2, ""learning_rate"": 0.07, ""max_depth"": 3, ""min_child_weight"": 5, ""n_estimators"": 250, ""subsample"": 0.7}",4,2467,0.7742197000405351,0.016667079501506164,3.806090064829199e+17,2192.578913547333,0.07110468036280448,40.797709069262595
stage2,3527,23,0.58,74772,27,"{""atr_period"": 14, ""horizon_h"": 6, ""ma_windows"": [8, 24, 96], ""mtf_intervals"": [""4h"", ""1d""], ""ret_windows"": [1, 2, 4, 8, 24], ""rsi_period"": 21, ""target_threshold"": 0.006, ""vol_windows"": [24, 72]}","{""colsample_bytree"": 1.0, ""gamma"": 0.2, ""learning_rate"": 0.07, ""max_depth"": 3, ""min_child_weight"": 5, ""n_estimators"": 250, ""subsample"": 0.7}",4,2125,0.7868235294117647,0.017629481106960245,1.026347287682144e+16,2192.578913547333,0.07110468036280448,37.20230999660282
stage2,3527,23,0.6,74772,27,"{""atr_period"": 14, ""horizon_h"": 6, ""ma_windows"": [8, 24, 96], ""mtf_intervals"": [""4h"", ""1d""], ""ret_windows"": [1, 2, 4, 8, 24], ""rsi_period"": 21, ""target_threshold"": 0.006, ""vol_windows"": [24, 72]}","{""colsample_bytree"": 1.0, ""gamma"": 0.2, ""learning_rate"": 0.07, ""max_depth"": 3, ""min_child_weight"": 5, ""n_estimators"": 250, ""subsample"": 0.7}",4,1914,0.8009404388714734,0.018358194578576816,1030588314751641.1,2192.578913547333,0.07110468036280448,34.920971781006294
stage2,3527,23,0.62,74772,27,"{""atr_period"": 14, ""horizon_h"": 6, ""ma_windows"": [8, 24, 96], ""mtf_intervals"": [""4h"", ""1d""], ""ret_windows"": [1, 2, 4, 8, 24], ""rsi_period"": 21, ""target_threshold"": 0.006, ""vol_windows"": [24, 72]}","{""colsample_bytree"": 1.0, ""gamma"": 0.2, ""learning_rate"": 0.07, ""max_depth"": 3, ""min_child_weight"": 5, ""n_estimators"": 250, ""subsample"": 0.7}",4,1709,0.8145114101813926,0.019196023919817177,103300778924084.5,2192.578913547333,0.04583266074799763,32.65092702156276
stage2,3527,23,0.65,74772,27,"{""atr_period"": 14, ""horizon_h"": 6, ""ma_windows"": [8, 24, 96], ""mtf_intervals"": [""4h"", ""1d""], ""ret_windows"": [1, 2, 4, 8, 24], ""rsi_period"": 21, ""target_threshold"": 0.006, ""vol_windows"": [24, 72]}","{""colsample_bytree"": 1.0, ""gamma"": 0.2, ""learning_rate"": 0.07, ""max_depth"": 3, ""min_child_weight"": 5, ""n_estimators"": 250, ""subsample"": 0.7}",4,1431,0.8392732354996506,0.020314962900623706,2593453637251.2803,2192.578913547333,0.041857261497263876,28.99702121491643
stage2,5147,51,0.52,74772,27,"{""atr_period"": 14, ""horizon_h"": 6, ""ma_windows"": [12, 24, 72], ""mtf_intervals"": [""4h"", ""1d""], ""ret_windows"": [1, 2, 4, 8, 24], ""rsi_period"": 21, ""target_threshold"": 0.006, ""vol_windows"": [24, 48]}","{""colsample_bytree"": 0.7, ""gamma"": 0.2, ""learning_rate"": 0.07, ""max_depth"": 5, ""min_child_weight"": 5, ""n_estimators"": 250, ""subsample"": 0.7}",4,3425,0.7348905109489051,0.014631951105226663,2.7961531967846283e+21,2192.578913547333,0.07123508808221302,49.651882040716174
stage2,5147,51,0.55,74772,27,"{""atr_period"": 14, ""horizon_h"": 6, ""ma_windows"": [12, 24, 72], ""mtf_intervals"": [""4h"", ""1d""], ""ret_windows"": [1, 2, 4, 8, 24], ""rsi_period"": 21, ""target_threshold"": 0.006, ""vol_windows"": [24, 48]}","{""colsample_bytree"": 0.7, ""gamma"": 0.2, ""learning_rate"": 0.07, ""max_depth"": 5, ""min_child_weight"": 5, ""n_estimators"": 250, ""subsample"": 0.7}",4,3051,0.754506719108489,0.015479978393455187,1.6159580857052506e+20,2192.578913547333,0.05465259221013519,46.83174878890923
stage2,5147,51,0.58,74772,27,"{""atr_period"": 14, ""horizon_h"": 6, ""ma_windows"": [12, 24, 72], ""mtf_intervals"": [""4h"", ""1d""], ""ret_windows"": [1, 2, 4, 8, 24], ""rsi_period"": 21, ""target_threshold"": 0.006, ""vol_windows"": [24, 48]}","{""colsample_bytree"": 0.7, ""gamma"": 0.2, ""learning_rate"": 0.07, ""max_depth"": 5, ""min_child_weight"": 5, ""n_estimators"": 250, ""subsample"": 0.7}",4,2732,0.7741581259150805,0.016284482618390505,1.0741777296642247e+19,2192.578913547333,0.0546525922101353,44.1429482987154
stage2,5147,51,0.6,74772,27,"{""atr_period"": 14, ""horizon_h"": 6, ""ma_windows"": [12, 24, 72], ""mtf_intervals"": [""4h"", ""1d""], ""ret_windows"": [1, 2, 4, 8, 24], ""rsi_period"": 21, ""target_threshold"": 0.006, ""vol_windows"": [24, 48]}","{""colsample_bytree"": 0.7, ""gamma"": 0.2, ""learning_rate"": 0.07, ""max_depth"": 5, ""min_child_weight"": 5, ""n_estimators"": 250, ""subsample"": 0.7}",4,2521,0.7889726299087664,0.01686978470469714,1.546389381518889e+18,2192.578913547333,0.054652592210135076,42.22126454165959
stage2,5147,51,0.62,74772,27,"{""atr_period"": 14, ""horizon_h"": 6, ""ma_windows"": [12, 24, 72], ""mtf_intervals"": [""4h"", ""1d""], ""ret_windows"": [1, 2, 4, 8, 24], ""rsi_period"": 21, ""target_threshold"": 0.006, ""vol_windows"": [24, 48]}","{""colsample_bytree"": 0.7, ""gamma"": 0.2, ""learning_rate"": 0.07, ""max_depth"": 5, ""min_child_weight"": 5, ""n_estimators"": 250, ""subsample"": 0.7}",4,2317,0.8010358221838585,0.017451686244768352,1.9503768831210957e+17,2192.578913547333,0.05465259221013519,40.16508505979513
stage2,5147,51,0.65,74772,27,"{""atr_period"": 14, ""horizon_h"": 6, ""ma_windows"": [12, 24, 72], ""mtf_intervals"": [""4h"", ""1d""], ""ret_windows"": [1, 2, 4, 8, 24], ""rsi_period"": 21, ""target_threshold"": 0.006, ""vol_windows"": [24, 48]}","{""colsample_bytree"": 0.7, ""gamma"": 0.2, ""learning_rate"": 0.07, ""max_depth"": 5, ""min_child_weight"": 5, ""n_estimators"": 250, ""subsample"": 0.7}",4,2005,0.8209476309226933,0.018393972108432154,5845223174217827.0,2192.578913547333,0.05465259221013519,36.68098475667954
stage2,5147,58,0.52,74772,27,"{""atr_period"": 14, ""horizon_h"": 6, ""ma_windows"": [12, 24, 72], ""mtf_intervals"": [""4h"", ""1d""], ""ret_windows"": [1, 2, 4, 8, 24], ""rsi_period"": 21, ""target_threshold"": 0.006, ""vol_windows"": [24, 48]}","{""colsample_bytree"": 0.7, ""gamma"": 0.0, ""learning_rate"": 0.07, ""max_depth"": 5, ""min_child_weight"": 5, ""n_estimators"": 250, ""subsample"": 1.0}",4,3323,0.7369846524225098,0.014752888416810956,9.47393120702374e+20,2192.578913547333,0.08649181520214422,48.56461072478876
stage2,5147,58,0.55,74772,27,"{""atr_period"": 14, ""horizon_h"": 6, ""ma_windows"": [12, 24, 72], ""mtf_intervals"": [""4h"", ""1d""], ""ret_windows"": [1, 2, 4, 8, 24], ""rsi_period"": 21, ""target_threshold"": 0.006, ""vol_windows"": [24, 48]}","{""colsample_bytree"": 0.7, ""gamma"": 0.0, ""learning_rate"": 0.07, ""max_depth"": 5, ""min_child_weight"": 5, ""n_estimators"": 250, ""subsample"": 1.0}",4,2969,0.7588413607275177,0.015600096663188609,6.523026514167519e+19,2192.578913547333,0.07573261296471678,45.918462779817574
stage2,5147,58,0.58,74772,27,"{""atr_period"": 14, ""horizon_h"": 6, ""ma_windows"": [12, 24, 72], ""mtf_intervals"": [""4h"", ""1d""], ""ret_windows"": [1, 2, 4, 8, 24], ""rsi_period"": 21, ""target_threshold"": 0.006, ""vol_windows"": [24, 48]}","{""colsample_bytree"": 0.7, ""gamma"": 0.0, ""learning_rate"": 0.07, ""max_depth"": 5, ""min_child_weight"": 5, ""n_estimators"": 250, ""subsample"": 1.0}",4,2652,0.7782805429864253,0.016442907126713507,4.4676867189588147e+18,2192.578913547333,0.0650782298642072,43.26503101249603
stage2,5147,58,0.6,74772,27,"{""atr_period"": 14, ""horizon_h"": 6, ""ma_windows"": [12, 24, 72], ""mtf_intervals"": [""4h"", ""1d""], ""ret_windows"": [1, 2, 4, 8, 24], ""rsi_period"": 21, ""target_threshold"": 0.006, ""vol_windows"": [24, 48]}","{""colsample_bytree"": 0.7, ""gamma"": 0.0, ""learning_rate"": 0.07, ""max_depth"": 5, ""min_child_weight"": 5, ""n_estimators"": 250, ""subsample"": 1.0}",4,2437,0.7911366434140337,0.01716875676140109,7.781542676011621e+17,2192.578913547333,0.06507822986420742,41.53342144072815
stage2,5147,58,0.62,74772,27,"{""atr_period"": 14, ""horizon_h"": 6, ""ma_windows"": [12, 24, 72], ""mtf_intervals"": [""4h"", ""1d""], ""ret_windows"": [1, 2, 4, 8, 24], ""rsi_period"": 21, ""target_threshold"": 0.006, ""vol_windows"": [24, 48]}","{""colsample_bytree"": 0.7, ""gamma"": 0.0, ""learning_rate"": 0.07, ""max_depth"": 5, ""min_child_weight"": 5, ""n_estimators"": 250, ""subsample"": 1.0}",4,2210,0.8045248868778281,0.017788931911244376,6.40505682001297e+16,2192.578913547333,0.04583266074799763,39.061464328828706
stage2,5147,58,0.65,74772,27,"{""atr_period"": 14, ""horizon_h"": 6, ""ma_windows"": [12, 24, 72], ""mtf_intervals"": [""4h"", ""1d""], ""ret_windows"": [1, 2, 4, 8, 24], ""rsi_period"": 21, ""target_threshold"": 0.006, ""vol_windows"": [24, 48]}","{""colsample_bytree"": 0.7, ""gamma"": 0.0, ""learning_rate"": 0.07, ""max_depth"": 5, ""min_child_weight"": 5, ""n_estimators"": 250, ""subsample"": 1.0}",4,1920,0.8229166666666666,0.018851332202223306,2941198659113429.0,2192.578913547333,0.045832660747997744,36.00382126092985
stage2,5147,50,0.52,74772,27,"{""atr_period"": 14, ""horizon_h"": 6, ""ma_windows"": [12, 24, 72], ""mtf_intervals"": [""4h"", ""1d""], ""ret_windows"": [1, 2, 4, 8, 24], ""rsi_period"": 21, ""target_threshold"": 0.006, ""vol_windows"": [24, 48]}","{""colsample_bytree"": 0.7, ""gamma"": 0.0, ""learning_rate"": 0.07, ""max_depth"": 5, ""min_child_weight"": 5, ""n_estimators"": 250, ""subsample"": 0.7}",4,3390,0.7368731563421829,0.014705750608703399,2.1550137938556784e+21,2192.578913547333,0.07123508808221302,49.39361106317355
stage2,5147,50,0.55,74772,27,"{""atr_period"": 14, ""horizon_h"": 6, ""ma_windows"": [12, 24, 72], ""mtf_intervals"": [""4h"", ""1d""], ""ret_windows"": [1, 2, 4, 8, 24], ""rsi_period"": 21, ""target_threshold"": 0.006, ""vol_windows"": [24, 48]}","{""colsample_bytree"": 0.7, ""gamma"": 0.0, ""learning_rate"": 0.07, ""max_depth"": 5, ""min_child_weight"": 5, ""n_estimators"": 250, ""subsample"": 0.7}",4,3015,0.7572139303482587,0.015571933422759551,1.2188232984276394e+20,2192.578913547333,0.0650782298642073,46.54739524043054
stage2,5147,50,0.58,74772,27,"{""atr_period"": 14, ""horizon_h"": 6, ""ma_windows"": [12, 24, 72], ""mtf_intervals"": [""4h"", ""1d""], ""ret_windows"": [1, 2, 4, 8, 24], ""rsi_period"": 21, ""target_threshold"": 0.006, ""vol_windows"": [24, 48]}","{""colsample_bytree"": 0.7, ""gamma"": 0.0, ""learning_rate"": 0.07, ""max_depth"": 5, ""min_child_weight"": 5, ""n_estimators"": 250, ""subsample"": 0.7}",4,2663,0.7746901990236575,0.01636787741568559,4.3854328781002737e+18,2192.578913547333,0.05465259221013519,43.24818889520883
stage2,5147,50,0.6,74772,27,"{""atr_period"": 14, ""horizon_h"": 6, ""ma_windows"": [12, 24, 72], ""mtf_intervals"": [""4h"", ""1d""], ""ret_windows"": [1, 2, 4, 8, 24], ""rsi_period"": 21, ""target_threshold"": 0.006, ""vol_windows"": [24, 48]}","{""colsample_bytree"": 0.7, ""gamma"": 0.0, ""learning_rate"": 0.07, ""max_depth"": 5, ""min_child_weight"": 5, ""n_estimators"": 250, ""subsample"": 0.7}",4,2477,0.7880500605571256,0.016917769554767995,8.311025813026025e+17,2192.578913547333,0.05465259221013519,41.59998553413052
stage2,5147,50,0.62,74772,27,"{""atr_period"": 14, ""horizon_h"": 6, ""ma_windows"": [12, 24, 72], ""mtf_intervals"": [""4h"", ""1d""], ""ret_windows"": [1, 2, 4, 8, 24], ""rsi_period"": 21, ""target_threshold"": 0.006, ""vol_windows"": [24, 48]}","{""colsample_bytree"": 0.7, ""gamma"": 0.0, ""learning_rate"": 0.07, ""max_depth"": 5, ""min_child_weight"": 5, ""n_estimators"": 250, ""subsample"": 0.7}",4,2278,0.7989464442493416,0.017513238229047132,1.139164358650631e+17,2192.578913547333,0.05465259221013519,39.62617832091486
stage2,5147,50,0.65,74772,27,"{""atr_period"": 14, ""horizon_h"": 6, ""ma_windows"": [12, 24, 72], ""mtf_intervals"": [""4h"", ""1d""], ""ret_windows"": [1, 2, 4, 8, 24], ""rsi_period"": 21, ""target_threshold"": 0.006, ""vol_windows"": [24, 48]}","{""colsample_bytree"": 0.7, ""gamma"": 0.0, ""learning_rate"": 0.07, ""max_depth"": 5, ""min_child_weight"": 5, ""n_estimators"": 250, ""subsample"": 0.7}",4,1988,0.8174044265593562,0.018336309065050148,3817948087982166.0,2192.578913547333,0.0546525922101353,36.2517772411325
stage2,5147,48,0.52,74772,27,"{""atr_period"": 14, ""horizon_h"": 6, ""ma_windows"": [12, 24, 72], ""mtf_intervals"": [""4h"", ""1d""], ""ret_windows"": [1, 2, 4, 8, 24], ""rsi_period"": 21, ""target_threshold"": 0.006, ""vol_windows"": [24, 48]}","{""colsample_bytree"": 0.7, ""gamma"": 0.0, ""learning_rate"": 0.07, ""max_depth"": 5, ""min_child_weight"": 1, ""n_estimators"": 250, ""subsample"": 0.7}",4,3399,0.7413945278022948,0.014845345944609184,3.9372236354972995e+21,2192.578913547333,0.0709264361473877,50.001177938478236
stage2,5147,48,0.55,74772,27,"{""atr_period"": 14, ""horizon_h"": 6, ""ma_windows"": [12, 24, 72], ""mtf_intervals"": [""4h"", ""1d""], ""ret_windows"": [1, 2, 4, 8, 24], ""rsi_period"": 21, ""target_threshold"": 0.006, ""vol_windows"": [24, 48]}","{""colsample_bytree"": 0.7, ""gamma"": 0.0, ""learning_rate"": 0.07, ""max_depth"": 5, ""min_child_weight"": 1, ""n_estimators"": 250, ""subsample"": 0.7}",4,3028,0.7582562747688243,0.015543928039169016,1.3769805635374223e+20,2192.578913547333,0.0650782298642072,46.670012293645996
stage2,5147,48,0.58,74772,27,"{""atr_period"": 14, ""horizon_h"": 6, ""ma_windows"": [12, 24, 72], ""mtf_intervals"": [""4h"", ""1d""], ""ret_windows"": [1, 2, 4, 8, 24], ""rsi_period"": 21, ""target_threshold"": 0.006, ""vol_windows"": [24, 48]}","{""colsample_bytree"": 0.7, ""gamma"": 0.0, ""learning_rate"": 0.07, ""max_depth"": 5, ""min_child_weight"": 1, ""n_estimators"": 250, ""subsample"": 0.7}",4,2691,0.7777777777777778,0.016361407994778907,6.831343766935838e+18,2192.578913547333,0.0650782298642072,43.6886274441651
stage2,5147,48,0.6,74772,27,"{""atr_period"": 14, ""horizon_h"": 6, ""ma_windows"": [12, 24, 72], ""mtf_intervals"": [""4h"", ""1d""], ""ret_windows"": [1, 2, 4, 8, 24], ""rsi_period"": 21, ""target_threshold"": 0.006, ""vol_windows"": [24, 48]}","{""colsample_bytree"": 0.7, ""gamma"": 0.0, ""learning_rate"": 0.07, ""max_depth"": 5, ""min_child_weight"": 1, ""n_estimators"": 250, ""subsample"": 0.7}",4,2472,0.7920711974110033,0.016998897430547208,9.376553195869078e+17,2192.578913547333,0.0546525922101353,41.724480654526936
stage2,5147,48,0.62,74772,27,"{""atr_period"": 14, ""horizon_h"": 6, ""ma_windows"": [12, 24, 72], ""mtf_intervals"": [""4h"", ""1d""], ""ret_windows"": [1, 2, 4, 8, 24], ""rsi_period"": 21, ""target_threshold"": 0.006, ""vol_windows"": [24, 48]}","{""colsample_bytree"": 0.7, ""gamma"": 0.0, ""learning_rate"": 0.07, ""max_depth"": 5, ""min_child_weight"": 1, ""n_estimators"": 250, ""subsample"": 0.7}",4,2263,0.8046840477242598,0.017453112381863943,7.773336784334203e+16,2192.578913547333,0.05465259221013519,39.248106845801864
stage2,5147,48,0.65,74772,27,"{""atr_period"": 14, ""horizon_h"": 6, ""ma_windows"": [12, 24, 72], ""mtf_intervals"": [""4h"", ""1d""], ""ret_windows"": [1, 2, 4, 8, 24], ""rsi_period"": 21, ""target_threshold"": 0.006, ""vol_windows"": [24, 48]}","{""colsample_bytree"": 0.7, ""gamma"": 0.0, ""learning_rate"": 0.07, ""max_depth"": 5, ""min_child_weight"": 1, ""n_estimators"": 250, ""subsample"": 0.7}",4,1993,0.8193677872553938,0.018214230414038485,3323135221400191.5,2192.578913547333,0.05465259221013519,36.113566853033795
stage2,5147,57,0.52,74772,27,"{""atr_period"": 14, ""horizon_h"": 6, ""ma_windows"": [12, 24, 72], ""mtf_intervals"": [""4h"", ""1d""], ""ret_windows"": [1, 2, 4, 8, 24], ""rsi_period"": 21, ""target_threshold"": 0.006, ""vol_windows"": [24, 48]}","{""colsample_bytree"": 0.7, ""gamma"": 0.2, ""learning_rate"": 0.07, ""max_depth"": 5, ""min_child_weight"": 1, ""n_estimators"": 250, ""subsample"": 1.0}",4,3322,0.74051776038531,0.01490687150139097,1.5538486457667847e+21,2192.578913547333,0.07573261296471678,49.068824677367616
stage2,5147,57,0.55,74772,27,"{""atr_period"": 14, ""horizon_h"": 6, ""ma_windows"": [12, 24, 72], ""mtf_intervals"": [""4h"", ""1d""], ""ret_windows"": [1, 2, 4, 8, 24], ""rsi_period"": 21, ""target_threshold"": 0.006, ""vol_windows"": [24, 48]}","{""colsample_bytree"": 0.7, ""gamma"": 0.2, ""learning_rate"": 0.07, ""max_depth"": 5, ""min_child_weight"": 1, ""n_estimators"": 250, ""subsample"": 1.0}",4,2955,0.761082910321489,0.01571632566923936,7.395515740335912e+19,2192.578913547333,0.05465259221013519,46.05726123988663
stage2,5147,57,0.58,74772,27,"{""atr_period"": 14, ""horizon_h"": 6, ""ma_windows"": [12, 24, 72], ""mtf_intervals"": [""4h"", ""1d""], ""ret_windows"": [1, 2, 4, 8, 24], ""rsi_period"": 21, ""target_threshold"": 0.006, ""vol_windows"": [24, 48]}","{""colsample_bytree"": 0.7, ""gamma"": 0.2, ""learning_rate"": 0.07, ""max_depth"": 5, ""min_child_weight"": 1, ""n_estimators"": 250, ""subsample"": 1.0}",4,2623,0.7842165459397636,0.016738946127434703,6.025348507675999e+18,2192.578913547333,0.0546525922101353,43.57646550486056
stage2,5147,57,0.6,74772,27,"{""atr_period"": 14, ""horizon_h"": 6, ""ma_windows"": [12, 24, 72], ""mtf_intervals"": [""4h"", ""1d""], ""ret_windows"": [1, 2, 4, 8, 24], ""rsi_period"": 21, ""target_threshold"": 0.006, ""vol_windows"": [24, 48]}","{""colsample_bytree"": 0.7, ""gamma"": 0.2, ""learning_rate"": 0.07, ""max_depth"": 5, ""min_child_weight"": 1, ""n_estimators"": 250, ""subsample"": 1.0}",4,2393,0.8031759297952361,0.017391206909532567,6.283803989412783e+17,2192.578913547333,0.04583266074799763,41.3406761775347
stage2,5147,57,0.62,74772,27,"{""atr_period"": 14, ""horizon_h"": 6, ""ma_windows"": [12, 24, 72], ""mtf_intervals"": [""4h"", ""1d""], ""ret_windows"": [1, 2, 4, 8, 24], ""rsi_period"": 21, ""target_threshold"": 0.006, ""vol_windows"": [24, 48]}","{""colsample_bytree"": 0.7, ""gamma"": 0.2, ""learning_rate"": 0.07, ""max_depth"": 5, ""min_child_weight"": 1, ""n_estimators"": 250, ""subsample"": 1.0}",4,2206,0.8136899365367181,0.017926956762194236,8.116865225403755e+16,2192.578913547333,0.045832660747997855,39.306756784507684
stage2,5147,57,0.65,74772,27,"{""atr_period"": 14, ""horizon_h"": 6, ""ma_windows"": [12, 24, 72], ""mtf_intervals"": [""4h"", ""1d""], ""ret_windows"": [1, 2, 4, 8, 24], ""rsi_period"": 21, ""target_threshold"": 0.006, ""vol_windows"": [24, 48]}","{""colsample_bytree"": 0.7, ""gamma"": 0.2, ""learning_rate"": 0.07, ""max_depth"": 5, ""min_child_weight"": 1, ""n_estimators"": 250, ""subsample"": 1.0}",4,1909,0.8297537977998952,0.01880075522888574,2192095793807741.2,2192.578913547333,0.04583266074799763,35.71492721429319
stage2,5147,61,0.52,74772,27,"{""atr_period"": 14, ""horizon_h"": 6, ""ma_windows"": [12, 24, 72], ""mtf_intervals"": [""4h"", ""1d""], ""ret_windows"": [1, 2, 4, 8, 24], ""rsi_period"": 21, ""target_threshold"": 0.006, ""vol_windows"": [24, 48]}","{""colsample_bytree"": 1.0, ""gamma"": 0.2, ""learning_rate"": 0.07, ""max_depth"": 5, ""min_child_weight"": 1, ""n_estimators"": 250, ""subsample"": 1.0}",4,3396,0.7405771495877503,0.014759800406826304,2.82293565377092e+21,2192.578913547333,0.07573261296471678,49.66473812476573
stage2,5147,61,0.55,74772,27,"{""atr_period"": 14, ""horizon_h"": 6, ""ma_windows"": [12, 24, 72], ""mtf_intervals"": [""4h"", ""1d""], ""ret_windows"": [1, 2, 4, 8, 24], ""rsi_period"": 21, ""target_threshold"": 0.006, ""vol_windows"": [24, 48]}","{""colsample_bytree"": 1.0, ""gamma"": 0.2, ""learning_rate"": 0.07, ""max_depth"": 5, ""min_child_weight"": 1, ""n_estimators"": 250, ""subsample"": 1.0}",4,3024,0.7609126984126984,0.015533207208629074,1.250254684466809e+20,2192.578913547333,0.07573261296471678,46.570178647931684
stage2,5147,61,0.58,74772,27,"{""atr_period"": 14, ""horizon_h"": 6, ""ma_windows"": [12, 24, 72], ""mtf_intervals"": [""4h"", ""1d""], ""ret_windows"": [1, 2, 4, 8, 24], ""rsi_period"": 21, ""target_threshold"": 0.006, ""vol_windows"": [24, 48]}","{""colsample_bytree"": 1.0, ""gamma"": 0.2, ""learning_rate"": 0.07, ""max_depth"": 5, ""min_child_weight"": 1, ""n_estimators"": 250, ""subsample"": 1.0}",4,2669,0.7800674409891345,0.016310759044277645,4.170173909921029e+18,2192.578913547333,0.07573261296471667,43.19116313251411
stage2,5147,61,0.6,74772,27,"{""atr_period"": 14, ""horizon_h"": 6, ""ma_windows"": [12, 24, 72], ""mtf_intervals"": [""4h"", ""1d""], ""ret_windows"": [1, 2, 4, 8, 24], ""rsi_period"": 21, ""target_threshold"": 0.006, ""vol_windows"": [24, 48]}","{""colsample_bytree"": 1.0, ""gamma"": 0.2, ""learning_rate"": 0.07, ""max_depth"": 5, ""min_child_weight"": 1, ""n_estimators"": 250, ""subsample"": 1.0}",4,2479,0.7950786607503025,0.01693113028162356,8.905415886097926e+17,2192.578913547333,0.04583266074799752,41.67920183956677
stage2,5147,61,0.62,74772,27,"{""atr_period"": 14, ""horizon_h"": 6, ""ma_windows"": [12, 24, 72], ""mtf_intervals"": [""4h"", ""1d""], ""ret_windows"": [1, 2, 4, 8, 24], ""rsi_period"": 21, ""target_threshold"": 0.006, ""vol_windows"": [24, 48]}","{""colsample_bytree"": 1.0, ""gamma"": 0.2, ""learning_rate"": 0.07, ""max_depth"": 5, ""min_child_weight"": 1, ""n_estimators"": 250, ""subsample"": 1.0}",4,2284,0.8038528896672504,0.017439102065752055,1.0725950289194506e+17,2192.578913547333,0.045832660747997744,39.57370635173253
stage2,5147,61,0.65,74772,27,"{""atr_period"": 14, ""horizon_h"": 6, ""ma_windows"": [12, 24, 72], ""mtf_intervals"": [""4h"", ""1d""], ""ret_windows"": [1, 2, 4, 8, 24], ""rsi_period"": 21, ""target_threshold"": 0.006, ""vol_windows"": [24, 48]}","{""colsample_bytree"": 1.0, ""gamma"": 0.2, ""learning_rate"": 0.07, ""max_depth"": 5, ""min_child_weight"": 1, ""n_estimators"": 250, ""subsample"": 1.0}",4,1963,0.8237391747325522,0.018589155620857174,3953585031608237.0,2192.578913547333,0.045832660747997855,36.298187419518904
stage2,5147,38,0.52,74772,27,"{""atr_period"": 14, ""horizon_h"": 6, ""ma_windows"": [12, 24, 72], ""mtf_intervals"": [""4h"", ""1d""], ""ret_windows"": [1, 2, 4, 8, 24], ""rsi_period"": 21, ""target_threshold"": 0.006, ""vol_windows"": [24, 48]}","{""colsample_bytree"": 1.0, ""gamma"": 0.0, ""learning_rate"": 0.03, ""max_depth"": 5, ""min_child_weight"": 5, ""n_estimators"": 250, ""subsample"": 0.7}",4,3132,0.7509578544061303,0.015331663806144898,3.5003717127146065e+20,2192.578913547333,0.07588403381916586,47.590048603434305
stage2,5147,38,0.55,74772,27,"{""atr_period"": 14, ""horizon_h"": 6, ""ma_windows"": [12, 24, 72], ""mtf_intervals"": [""4h"", ""1d""], ""ret_windows"": [1, 2, 4, 8, 24], ""rsi_period"": 21, ""target_threshold"": 0.006, ""vol_windows"": [24, 48]}","{""colsample_bytree"": 1.0, ""gamma"": 0.0, ""learning_rate"": 0.03, ""max_depth"": 5, ""min_child_weight"": 5, ""n_estimators"": 250, ""subsample"": 0.7}",4,2769,0.7717587576742506,0.016239843224585257,1.7226923104123785e+19,2192.578913547333,0.060566013874518765,44.61004787566238
stage2,5147,38,0.58,74772,27,"{""atr_period"": 14, ""horizon_h"": 6, ""ma_windows"": [12, 24, 72], ""mtf_intervals"": [""4h"", ""1d""], ""ret_windows"": [1, 2, 4, 8, 24], ""rsi_period"": 21, ""target_threshold"": 0.006, ""vol_windows"": [24, 48]}","{""colsample_bytree"": 1.0, ""gamma"": 0.0, ""learning_rate"": 0.03, ""max_depth"": 5, ""min_child_weight"": 5, ""n_estimators"": 250, ""subsample"": 0.7}",4,2376,0.7967171717171717,0.017270344520606842,3.528758865294234e+17,2192.578913547333,0.060566013874518876,40.750146280386936
stage2,5147,38,0.6,74772,27,"{""atr_period"": 14, ""horizon_h"": 6, ""ma_windows"": [12, 24, 72], ""mtf_intervals"": [""4h"", ""1d""], ""ret_windows"": [1, 2, 4, 8, 24], ""rsi_period"": 21, ""target_threshold"": 0.006, ""vol_windows"": [24, 48]}","{""colsample_bytree"": 1.0, ""gamma"": 0.0, ""learning_rate"": 0.03, ""max_depth"": 5, ""min_child_weight"": 5, ""n_estimators"": 250, ""subsample"": 0.7}",4,2139,0.8143992519869098,0.01802048034897681,3.025386105991806e+16,2192.578913547333,0.04583266074799763,38.321167123594186
stage2,5147,38,0.62,74772,27,"{""atr_period"": 14, ""horizon_h"": 6, ""ma_windows"": [12, 24, 72], ""mtf_intervals"": [""4h"", ""1d""], ""ret_windows"": [1, 2, 4, 8, 24], ""rsi_period"": 21, ""target_threshold"": 0.006, ""vol_windows"": [24, 48]}","{""colsample_bytree"": 1.0, ""gamma"": 0.0, ""learning_rate"": 0.03, ""max_depth"": 5, ""min_child_weight"": 5, ""n_estimators"": 250, ""subsample"": 0.7}",4,1942,0.8223480947476828,0.018658060850770056,3074821107240857.0,2192.578913547333,0.04583266074799763,36.04624975020011
stage2,5147,38,0.65,74772,27,"{""atr_period"": 14, ""horizon_h"": 6, ""ma_windows"": [12, 24, 72], ""mtf_intervals"": [""4h"", ""1d""], ""ret_windows"": [1, 2, 4, 8, 24], ""rsi_period"": 21, ""target_threshold"": 0.006, ""vol_windows"": [24, 48]}","{""colsample_bytree"": 1.0, ""gamma"": 0.0, ""learning_rate"": 0.03, ""max_depth"": 5, ""min_child_weight"": 5, ""n_estimators"": 250, ""subsample"": 0.7}",4,1645,0.8425531914893617,0.019877902143549318,93607807028379.77,2192.578913547333,0.041857261497263876,32.58227204394792
stage2,5147,36,0.52,74772,27,"{""atr_period"": 14, ""horizon_h"": 6, ""ma_windows"": [12, 24, 72], ""mtf_intervals"": [""4h"", ""1d""], ""ret_windows"": [1, 2, 4, 8, 24], ""rsi_period"": 21, ""target_threshold"": 0.006, ""vol_windows"": [24, 48]}","{""colsample_bytree"": 1.0, ""gamma"": 0.0, ""learning_rate"": 0.03, ""max_depth"": 5, ""min_child_weight"": 1, ""n_estimators"": 250, ""subsample"": 0.7}",4,3128,0.7522378516624041,0.015335489747370507,3.348856950530907e+20,2192.578913547333,0.075732612964717,47.5469288315227
stage2,5147,36,0.55,74772,27,"{""atr_period"": 14, ""horizon_h"": 6, ""ma_windows"": [12, 24, 72], ""mtf_intervals"": [""4h"", ""1d""], ""ret_windows"": [1, 2, 4, 8, 24], ""rsi_period"": 21, ""target_threshold"": 0.006, ""vol_windows"": [24, 48]}","{""colsample_bytree"": 1.0, ""gamma"": 0.0, ""learning_rate"": 0.03, ""max_depth"": 5, ""min_child_weight"": 1, ""n_estimators"": 250, ""subsample"": 0.7}",4,2745,0.775591985428051,0.01628942469479572,1.3440469265118646e+19,2192.578913547333,0.060566013874518765,44.36530790290126
stage2,5147,36,0.58,74772,27,"{""atr_period"": 14, ""horizon_h"": 6, ""ma_windows"": [12, 24, 72], ""mtf_intervals"": [""4h"", ""1d""], ""ret_windows"": [1, 2, 4, 8, 24], ""rsi_period"": 21, ""target_threshold"": 0.006, ""vol_windows"": [24, 48]}","{""colsample_bytree"": 1.0, ""gamma"": 0.0, ""learning_rate"": 0.03, ""max_depth"": 5, ""min_child_weight"": 1, ""n_estimators"": 250, ""subsample"": 0.7}",4,2383,0.7985732270247587,0.0173546979577665,4.8535879182084134e+17,2192.578913547333,0.060566013874518654,41.07107794764295
stage2,5147,36,0.6,74772,27,"{""atr_period"": 14, ""horizon_h"": 6, ""ma_windows"": [12, 24, 72], ""mtf_intervals"": [""4h"", ""1d""], ""ret_windows"": [1, 2, 4, 8, 24], ""rsi_period"": 21, ""target_threshold"": 0.006, ""vol_windows"": [24, 48]}","{""colsample_bytree"": 1.0, ""gamma"": 0.0, ""learning_rate"": 0.03, ""max_depth"": 5, ""min_child_weight"": 1, ""n_estimators"": 250, ""subsample"": 0.7}",4,2139,0.8134642356241234,0.018098962175650293,3.5627379360961016e+16,2192.578913547333,0.04583266074799763,38.484537575879315
stage2,5147,36,0.62,74772,27,"{""atr_period"": 14, ""horizon_h"": 6, ""ma_windows"": [12, 24, 72], ""mtf_intervals"": [""4h"", ""1d""], ""ret_windows"": [1, 2, 4, 8, 24], ""rsi_period"": 21, ""target_threshold"": 0.006, ""vol_windows"": [24, 48]}","{""colsample_bytree"": 1.0, ""gamma"": 0.0, ""learning_rate"": 0.03, ""max_depth"": 5, ""min_child_weight"": 1, ""n_estimators"": 250, ""subsample"": 0.7}",4,1934,0.8221302998965874,0.01864841800499257,2614644131416585.5,2192.578913547333,0.045832660747997855,35.88387964933764
stage2,5147,36,0.65,74772,27,"{""atr_period"": 14, ""horizon_h"": 6, ""ma_windows"": [12, 24, 72], ""mtf_intervals"": [""4h"", ""1d""], ""ret_windows"": [1, 2, 4, 8, 24], ""rsi_period"": 21, ""target_threshold"": 0.006, ""vol_windows"": [24, 48]}","{""colsample_bytree"": 1.0, ""gamma"": 0.0, ""learning_rate"": 0.03, ""max_depth"": 5, ""min_child_weight"": 1, ""n_estimators"": 250, ""subsample"": 0.7}",4,1630,0.8503067484662576,0.02006700125592042,94427446656838.14,2192.578913547333,0.04583266074799763,32.59671797375068
stage2,5147,32,0.52,74772,27,"{""atr_period"": 14, ""horizon_h"": 6, ""ma_windows"": [12, 24, 72], ""mtf_intervals"": [""4h"", ""1d""], ""ret_windows"": [1, 2, 4, 8, 24], ""rsi_period"": 21, ""target_threshold"": 0.006, ""vol_windows"": [24, 48]}","{""colsample_bytree"": 0.7, ""gamma"": 0.0, ""learning_rate"": 0.03, ""max_depth"": 5, ""min_child_weight"": 1, ""n_estimators"": 250, ""subsample"": 0.7}",4,3057,0.7526987242394504,0.015472668496090957,1.712751278154945e+20,2192.578913547333,0.07884120533897354,46.87632259673122
stage2,5147,32,0.55,74772,27,"{""atr_period"": 14, ""horizon_h"": 6, ""ma_windows"": [12, 24, 72], ""mtf_intervals"": [""4h"", ""1d""], ""ret_windows"": [1, 2, 4, 8, 24], ""rsi_period"": 21, ""target_threshold"": 0.006, ""vol_windows"": [24, 48]}","{""colsample_bytree"": 0.7, ""gamma"": 0.0, ""learning_rate"": 0.03, ""max_depth"": 5, ""min_child_weight"": 1, ""n_estimators"": 250, ""subsample"": 0.7}",4,2686,0.774385703648548,0.016396605545076933,6.849033978785468e+18,2192.578913547333,0.07092643614738758,43.68585748043293
stage2,5147,32,0.58,74772,27,"{""atr_period"": 14, ""horizon_h"": 6, ""ma_windows"": [12, 24, 72], ""mtf_intervals"": [""4h"", ""1d""], ""ret_windows"": [1, 2, 4, 8, 24], ""rsi_period"": 21, ""target_threshold"": 0.006, ""vol_windows"": [24, 48]}","{""colsample_bytree"": 0.7, ""gamma"": 0.0, ""learning_rate"": 0.03, ""max_depth"": 5, ""min_child_weight"": 1, ""n_estimators"": 250, ""subsample"": 0.7}",4,2306,0.7974848222029488,0.017543647396917612,1.980405199518635e+17,2192.578913547333,0.05465259221013519,40.1782587917222
stage2,5147,32,0.6,74772,27,"{""atr_period"": 14, ""horizon_h"": 6, ""ma_windows"": [12, 24, 72], ""mtf_intervals"": [""4h"", ""1d""], ""ret_windows"": [1, 2, 4, 8, 24], ""rsi_period"": 21, ""target_threshold"": 0.006, ""vol_windows"": [24, 48]}","{""colsample_bytree"": 0.7, ""gamma"": 0.0, ""learning_rate"": 0.03, ""max_depth"": 5, ""min_child_weight"": 1, ""n_estimators"": 250, ""subsample"": 0.7}",4,2103,0.8083689966714218,0.01812991217299869,1.993161373670579e+16,2192.578913547333,0.0546525922101353,37.89549169470464
stage2,5147,32,0.62,74772,27,"{""atr_period"": 14, ""horizon_h"": 6, ""ma_windows"": [12, 24, 72], ""mtf_intervals"": [""4h"", ""1d""], ""ret_windows"": [1, 2, 4, 8, 24], ""rsi_period"": 21, ""target_threshold"": 0.006, ""vol_windows"": [24, 48]}","{""colsample_bytree"": 0.7, ""gamma"": 0.0, ""learning_rate"": 0.03, ""max_depth"": 5, ""min_child_weight"": 1, ""n_estimators"": 250, ""subsample"": 0.7}",4,1893,0.8188061278394083,0.018765480412207863,1518672410740057.8,2192.578913547333,0.0546525922101353,35.334455383597955
stage2,5147,32,0.65,74772,27,"{""atr_period"": 14, ""horizon_h"": 6, ""ma_windows"": [12, 24, 72], ""mtf_intervals"": [""4h"", ""1d""], ""ret_windows"": [1, 2, 4, 8, 24], ""rsi_period"": 21, ""target_threshold"": 0.006, ""vol_windows"": [24, 48]}","{""colsample_bytree"": 0.7, ""gamma"": 0.0, ""learning_rate"": 0.03, ""max_depth"": 5, ""min_child_weight"": 1, ""n_estimators"": 250, ""subsample"": 0.7}",4,1594,0.8444165621079046,0.020114917330895942,49814643623237.91,2192.578913547333,0.041857261497263876,31.954854062979578
stage2,5147,42,0.52,74772,27,"{""atr_period"": 14, ""horizon_h"": 6, ""ma_windows"": [12, 24, 72], ""mtf_intervals"": [""4h"", ""1d""], ""ret_windows"": [1, 2, 4, 8, 24], ""rsi_period"": 21, ""target_threshold"": 0.006, ""vol_windows"": [24, 48]}","{""colsample_bytree"": 0.7, ""gamma"": 0.0, ""learning_rate"": 0.03, ""max_depth"": 5, ""min_child_weight"": 5, ""n_estimators"": 250, ""subsample"": 1.0}",4,3049,0.7504099704821253,0.01540980300351321,1.2600622531715265e+20,2192.578913547333,0.0709264361473877,46.57100616924291
stage2,5147,42,0.55,74772,27,"{""atr_period"": 14, ""horizon_h"": 6, ""ma_windows"": [12, 24, 72], ""mtf_intervals"": [""4h"", ""1d""], ""ret_windows"": [1, 2, 4, 8, 24], ""rsi_period"": 21, ""target_threshold"": 0.006, ""vol_windows"": [24, 48]}","{""colsample_bytree"": 0.7, ""gamma"": 0.0, ""learning_rate"": 0.03, ""max_depth"": 5, ""min_child_weight"": 5, ""n_estimators"": 250, ""subsample"": 1.0}",4,2689,0.7738936407586463,0.016279744074575275,5.278817036127683e+18,2192.578913547333,0.07092643614738758,43.42412334745078
stage2,5147,42,0.58,74772,27,"{""atr_period"": 14, ""horizon_h"": 6, ""ma_windows"": [12, 24, 72], ""mtf_intervals"": [""4h"", ""1d""], ""ret_windows"": [1, 2, 4, 8, 24], ""rsi_period"": 21, ""target_threshold"": 0.006, ""vol_windows"": [24, 48]}","{""colsample_bytree"": 0.7, ""gamma"": 0.0, ""learning_rate"": 0.03, ""max_depth"": 5, ""min_child_weight"": 5, ""n_estimators"": 250, ""subsample"": 1.0}",4,2308,0.7998266897746967,0.01742318236286642,1.5647358336644624e+17,2192.578913547333,0.06507822986420708,39.938371290053226
stage2,5147,42,0.6,74772,27,"{""atr_period"": 14, ""horizon_h"": 6, ""ma_windows"": [12, 24, 72], ""mtf_intervals"": [""4h"", ""1d""], ""ret_windows"": [1, 2, 4, 8, 24], ""rsi_period"": 21, ""target_threshold"": 0.006, ""vol_windows"": [24, 48]}","{""colsample_bytree"": 0.7, ""gamma"": 0.0, ""learning_rate"": 0.03, ""max_depth"": 5, ""min_child_weight"": 5, ""n_estimators"": 250, ""subsample"": 1.0}",4,2057,0.8099173553719008,0.01813206532752309,8790485854538934.0,2192.578913547333,0.06507822986420708,37.07289767061977
stage2,5147,42,0.62,74772,27,"{""atr_period"": 14, ""horizon_h"": 6, ""ma_windows"": [12, 24, 72], ""mtf_intervals"": [""4h"", ""1d""], ""ret_windows"": [1, 2, 4, 8, 24], ""rsi_period"": 21, ""target_threshold"": 0.006, ""vol_windows"": [24, 48]}","{""colsample_bytree"": 0.7, ""gamma"": 0.0, ""learning_rate"": 0.03, ""max_depth"": 5, ""min_child_weight"": 5, ""n_estimators"": 250, ""subsample"": 1.0}",4,1852,0.8174946004319654,0.01866390404572005,591148140826435.4,2192.578913547333,0.05465259221013519,34.38906837982747
stage2,5147,42,0.65,74772,27,"{""atr_period"": 14, ""horizon_h"": 6, ""ma_windows"": [12, 24, 72], ""mtf_intervals"": [""4h"", ""1d""], ""ret_windows"": [1, 2, 4, 8, 24], ""rsi_period"": 21, ""target_threshold"": 0.006, ""vol_windows"": [24, 48]}","{""colsample_bytree"": 0.7, ""gamma"": 0.0, ""learning_rate"": 0.03, ""max_depth"": 5, ""min_child_weight"": 5, ""n_estimators"": 250, ""subsample"": 1.0}",4,1564,0.8350383631713555,0.019947292577761257,21164033102943.234,2192.578913547333,0.05465259221013519,31.08360704013895
stage2,5147,44,0.52,74772,27,"{""atr_period"": 14, ""horizon_h"": 6, ""ma_windows"": [12, 24, 72], ""mtf_intervals"": [""4h"", ""1d""], ""ret_windows"": [1, 2, 4, 8, 24], ""rsi_period"": 21, ""target_threshold"": 0.006, ""vol_windows"": [24, 48]}","{""colsample_bytree"": 1.0, ""gamma"": 0.0, ""learning_rate"": 0.03, ""max_depth"": 5, ""min_child_weight"": 1, ""n_estimators"": 250, ""subsample"": 1.0}",4,3108,0.7525740025740025,0.015372236809000643,2.7574597512971865e+20,2192.578913547333,0.07573261296471678,47.353182525884336
stage2,5147,44,0.55,74772,27,"{""atr_period"": 14, ""horizon_h"": 6, ""ma_windows"": [12, 24, 72], ""mtf_intervals"": [""4h"", ""1d""], ""ret_windows"": [1, 2, 4, 8, 24], ""rsi_period"": 21, ""target_threshold"": 0.006, ""vol_windows"": [24, 48]}","{""colsample_bytree"": 1.0, ""gamma"": 0.0, ""learning_rate"": 0.03, ""max_depth"": 5, ""min_child_weight"": 1, ""n_estimators"": 250, ""subsample"": 1.0}",4,2708,0.7740029542097489,0.016322636432276348,8.049938561513918e+18,2192.578913547333,0.07092643614738758,43.84651636993641
stage2,5147,44,0.58,74772,27,"{""atr_period"": 14, ""horizon_h"": 6, ""ma_windows"": [12, 24, 72], ""mtf_intervals"": [""4h"", ""1d""], ""ret_windows"": [1, 2, 4, 8, 24], ""rsi_period"": 21, ""target_threshold"": 0.006, ""vol_windows"": [24, 48]}","{""colsample_bytree"": 1.0, ""gamma"": 0.0, ""learning_rate"": 0.03, ""max_depth"": 5, ""min_child_weight"": 1, ""n_estimators"": 250, ""subsample"": 1.0}",4,2347,0.8018747337025991,0.01741274579256723,2.993624563382043e+17,2192.578913547333,0.07092643614738747,40.58576999793038
stage2,5147,44,0.6,74772,27,"{""atr_period"": 14, ""horizon_h"": 6, ""ma_windows"": [12, 24, 72], ""mtf_intervals"": [""4h"", ""1d""], ""ret_windows"": [1, 2, 4, 8, 24], ""rsi_period"": 21, ""target_threshold"": 0.006, ""vol_windows"": [24, 48]}","{""colsample_bytree"": 1.0, ""gamma"": 0.0, ""learning_rate"": 0.03, ""max_depth"": 5, ""min_child_weight"": 1, ""n_estimators"": 250, ""subsample"": 1.0}",4,2091,0.8106169296987088,0.017964808215438013,1.1500643244304206e+16,2192.578913547333,0.0650782298642072,37.340852257553315
stage2,5147,44,0.62,74772,27,"{""atr_period"": 14, ""horizon_h"": 6, ""ma_windows"": [12, 24, 72], ""mtf_intervals"": [""4h"", ""1d""], ""ret_windows"": [1, 2, 4, 8, 24], ""rsi_period"": 21, ""target_threshold"": 0.006, ""vol_windows"": [24, 48]}","{""colsample_bytree"": 1.0, ""gamma"": 0.0, ""learning_rate"": 0.03, ""max_depth"": 5, ""min_child_weight"": 1, ""n_estimators"": 250, ""subsample"": 1.0}",4,1886,0.8229056203605515,0.018743998846687118,1286339712549138.8,2192.578913547333,0.04448398442057422,35.17661164286192
stage2,5147,44,0.65,74772,27,"{""atr_period"": 14, ""horizon_h"": 6, ""ma_windows"": [12, 24, 72], ""mtf_intervals"": [""4h"", ""1d""], ""ret_windows"": [1, 2, 4, 8, 24], ""rsi_period"": 21, ""target_threshold"": 0.006, ""vol_windows"": [24, 48]}","{""colsample_bytree"": 1.0, ""gamma"": 0.0, ""learning_rate"": 0.03, ""max_depth"": 5, ""min_child_weight"": 1, ""n_estimators"": 250, ""subsample"": 1.0}",4,1622,0.8446362515413071,0.019766441861826807,49888537592847.19,2192.578913547333,0.04448398442057444,31.952410928658402
stage2,5147,23,0.52,74772,27,"{""atr_period"": 14, ""horizon_h"": 6, ""ma_windows"": [12, 24, 72], ""mtf_intervals"": [""4h"", ""1d""], ""ret_windows"": [1, 2, 4, 8, 24], ""rsi_period"": 21, ""target_threshold"": 0.006, ""vol_windows"": [24, 48]}","{""colsample_bytree"": 1.0, ""gamma"": 0.2, ""learning_rate"": 0.07, ""max_depth"": 3, ""min_child_weight"": 5, ""n_estimators"": 250, ""subsample"": 0.7}",4,2924,0.7424760601915185,0.015435134660963716,2.0050332799878124e+19,2192.578913547333,0.07330321971928455,44.725587741586594
stage2,5147,23,0.55,74772,27,"{""atr_period"": 14, ""horizon_h"": 6, ""ma_windows"": [12, 24, 72], ""mtf_intervals"": [""4h"", ""1d""], ""ret_windows"": [1, 2, 4, 8, 24], ""rsi_period"": 21, ""target_threshold"": 0.006, ""vol_windows"": [24, 48]}","{""colsample_bytree"": 1.0, ""gamma"": 0.2, ""learning_rate"": 0.07, ""max_depth"": 3, ""min_child_weight"": 5, ""n_estimators"": 250, ""subsample"": 0.7}",4,2525,0.7691089108910891,0.016513833179347626,6.714979351531517e+17,2192.578913547333,0.07092643614738758,41.36022191196652
stage2,5147,23,0.58,74772,27,"{""atr_period"": 14, ""horizon_h"": 6, ""ma_windows"": [12, 24, 72], ""mtf_intervals"": [""4h"", ""1d""], ""ret_windows"": [1, 2, 4, 8, 24], ""rsi_period"": 21, ""target_threshold"": 0.006, ""vol_windows"": [24, 48]}","{""colsample_bytree"": 1.0, ""gamma"": 0.2, ""learning_rate"": 0.07, ""max_depth"": 3, ""min_child_weight"": 5, ""n_estimators"": 250, ""subsample"": 0.7}",4,2165,0.7842956120092379,0.01743889360027623,1.371463053585709e+16,2192.578913547333,0.07092643614738736,37.48872400058261
stage2,5147,23,0.6,74772,27,"{""atr_period"": 14, ""horizon_h"": 6, ""ma_windows"": [12, 24, 72], ""mtf_intervals"": [""4h"", ""1d""], ""ret_windows"": [1, 2, 4, 8, 24], ""rsi_period"": 21, ""target_threshold"": 0.006, ""vol_windows"": [24, 48]}","{""colsample_bytree"": 1.0, ""gamma"": 0.2, ""learning_rate"": 0.07, ""max_depth"": 3, ""min_child_weight"": 5, ""n_estimators"": 250, ""subsample"": 0.7}",4,1969,0.7943118334179786,0.017988684666967153,1369181606670222.2,2192.578913547333,0.0650782298642073,35.199809417999745
stage2,5147,23,0.62,74772,27,"{""atr_period"": 14, ""horizon_h"": 6, ""ma_windows"": [12, 24, 72], ""mtf_intervals"": [""4h"", ""1d""], ""ret_windows"": [1, 2, 4, 8, 24], ""rsi_period"": 21, ""target_threshold"": 0.006, ""vol_windows"": [24, 48]}","{""colsample_bytree"": 1.0, ""gamma"": 0.2, ""learning_rate"": 0.07, ""max_depth"": 3, ""min_child_weight"": 5, ""n_estimators"": 250, ""subsample"": 0.7}",4,1747,0.8036634230108758,0.01877161808091207,102215516640459.02,2192.578913547333,0.0650782298642072,32.618669176525195
stage2,5147,23,0.65,74772,27,"{""atr_period"": 14, ""horizon_h"": 6, ""ma_windows"": [12, 24, 72], ""mtf_intervals"": [""4h"", ""1d""], ""ret_windows"": [1, 2, 4, 8, 24], ""rsi_period"": 21, ""target_threshold"": 0.006, ""vol_windows"": [24, 48]}","{""colsample_bytree"": 1.0, ""gamma"": 0.2, ""learning_rate"": 0.07, ""max_depth"": 3, ""min_child_weight"": 5, ""n_estimators"": 250, ""subsample"": 0.7}",4,1472,0.8186141304347826,0.0198436071374187,2971424201735.2104,2192.578913547333,0.04583266074799763,29.110786314082723
stage2,8279,51,0.52,74929,27,"{""atr_period"": 14, ""horizon_h"": 6, ""ma_windows"": [8, 24, 96], ""mtf_intervals"": [""4h"", ""1d""], ""ret_windows"": [1, 6, 12, 24, 48], ""rsi_period"": 14, ""target_threshold"": 0.006, ""vol_windows"": [24, 48]}","{""colsample_bytree"": 0.7, ""gamma"": 0.2, ""learning_rate"": 0.07, ""max_depth"": 5, ""min_child_weight"": 5, ""n_estimators"": 250, ""subsample"": 0.7}",4,3327,0.7460174331229336,0.014801907650095878,1.1807908755771787e+21,2510.2653940139658,0.0896893226928761,48.790855946739
stage2,8279,51,0.55,74929,27,"{""atr_period"": 14, ""horizon_h"": 6, ""ma_windows"": [8, 24, 96], ""mtf_intervals"": [""4h"", ""1d""], ""ret_windows"": [1, 6, 12, 24, 48], ""rsi_period"": 14, ""target_threshold"": 0.006, ""vol_windows"": [24, 48]}","{""colsample_bytree"": 0.7, ""gamma"": 0.2, ""learning_rate"": 0.07, ""max_depth"": 5, ""min_child_weight"": 5, ""n_estimators"": 250, ""subsample"": 0.7}",4,2960,0.7628378378378379,0.015630363366396085,6.2033023530085695e+19,2510.2653940139658,0.07899211691902841,45.87001567346083
stage2,8279,51,0.58,74929,27,"{""atr_period"": 14, ""horizon_h"": 6, ""ma_windows"": [8, 24, 96], ""mtf_intervals"": [""4h"", ""1d""], ""ret_windows"": [1, 6, 12, 24, 48], ""rsi_period"": 14, ""target_threshold"": 0.006, ""vol_windows"": [24, 48]}","{""colsample_bytree"": 0.7, ""gamma"": 0.2, ""learning_rate"": 0.07, ""max_depth"": 5, ""min_child_weight"": 5, ""n_estimators"": 250, ""subsample"": 0.7}",4,2624,0.7831554878048781,0.016506782380584565,3.371453413961996e+18,2510.2653940139658,0.07899211691902852,42.98095819621904
stage2,8279,51,0.6,74929,27,"{""atr_period"": 14, ""horizon_h"": 6, ""ma_windows"": [8, 24, 96], ""mtf_intervals"": [""4h"", ""1d""], ""ret_windows"": [1, 6, 12, 24, 48], ""rsi_period"": 14, ""target_threshold"": 0.006, ""vol_windows"": [24, 48]}","{""colsample_bytree"": 0.7, ""gamma"": 0.2, ""learning_rate"": 0.07, ""max_depth"": 5, ""min_child_weight"": 5, ""n_estimators"": 250, ""subsample"": 0.7}",4,2404,0.7924292845257903,0.01715468389860037,4.3380776141605715e+17,2510.2653940139658,0.07588403381916597,40.944616766735415
stage2,8279,51,0.62,74929,27,"{""atr_period"": 14, ""horizon_h"": 6, ""ma_windows"": [8, 24, 96], ""mtf_intervals"": [""4h"", ""1d""], ""ret_windows"": [1, 6, 12, 24, 48], ""rsi_period"": 14, ""target_threshold"": 0.006, ""vol_windows"": [24, 48]}","{""colsample_bytree"": 0.7, ""gamma"": 0.2, ""learning_rate"": 0.07, ""max_depth"": 5, ""min_child_weight"": 5, ""n_estimators"": 250, ""subsample"": 0.7}",4,2203,0.805265546981389,0.017701619152573504,4.753345832896781e+16,2510.2653940139658,0.0712568594020806,38.75040720496565
stage2,8279,51,0.65,74929,27,"{""atr_period"": 14, ""horizon_h"": 6, ""ma_windows"": [8, 24, 96], ""mtf_intervals"": [""4h"", ""1d""], ""ret_windows"": [1, 6, 12, 24, 48], ""rsi_period"": 14, ""target_threshold"": 0.006, ""vol_windows"": [24, 48]}","{""colsample_bytree"": 0.7, ""gamma"": 0.2, ""learning_rate"": 0.07, ""max_depth"": 5, ""min_child_weight"": 5, ""n_estimators"": 250, ""subsample"": 0.7}",4,1931,0.8280683583635422,0.01873001181627143,2896369667071662.5,2510.2653940139658,0.07125685940208049,35.97890086027736
stage2,8279,58,0.52,74929,27,"{""atr_period"": 14, ""horizon_h"": 6, ""ma_windows"": [8, 24, 96], ""mtf_intervals"": [""4h"", ""1d""], ""ret_windows"": [1, 6, 12, 24, 48], ""rsi_period"": 14, ""target_threshold"": 0.006, ""vol_windows"": [24, 48]}","{""colsample_bytree"": 0.7, ""gamma"": 0.0, ""learning_rate"": 0.07, ""max_depth"": 5, ""min_child_weight"": 5, ""n_estimators"": 250, ""subsample"": 1.0}",4,3329,0.7452688495043557,0.014923512899688086,1.8187528654470746e+21,2510.2653940139658,0.07884120533897343,49.22862056044644
stage2,8279,58,0.55,74929,27,"{""atr_period"": 14, ""horizon_h"": 6, ""ma_windows"": [8, 24, 96], ""mtf_intervals"": [""4h"", ""1d""], ""ret_windows"": [1, 6, 12, 24, 48], ""rsi_period"": 14, ""target_threshold"": 0.006, ""vol_windows"": [24, 48]}","{""colsample_bytree"": 0.7, ""gamma"": 0.0, ""learning_rate"": 0.07, ""max_depth"": 5, ""min_child_weight"": 5, ""n_estimators"": 250, ""subsample"": 1.0}",4,2939,0.7659067710105478,0.01573991758967574,6.1849932652339765e+19,2510.2653940139658,0.07884120533897354,45.87046683870009
stage2,8279,58,0.58,74929,27,"{""atr_period"": 14, ""horizon_h"": 6, ""ma_windows"": [8, 24, 96], ""mtf_intervals"": [""4h"", ""1d""], ""ret_windows"": [1, 6, 12, 24, 48], ""rsi_period"": 14, ""target_threshold"": 0.006, ""vol_windows"": [24, 48]}","{""colsample_bytree"": 0.7, ""gamma"": 0.0, ""learning_rate"": 0.07, ""max_depth"": 5, ""min_child_weight"": 5, ""n_estimators"": 250, ""subsample"": 1.0}",4,2579,0.7875145405195813,0.016661053466399855,2.3875507796479703e+18,2510.2653940139658,0.07884120533897354,42.64067919347927
stage2,8279,58,0.6,74929,27,"{""atr_period"": 14, ""horizon_h"": 6, ""ma_windows"": [8, 24, 96], ""mtf_intervals"": [""4h"", ""1d""], ""ret_windows"": [1, 6, 12, 24, 48], ""rsi_period"": 14, ""target_threshold"": 0.006, ""vol_windows"": [24, 48]}","{""colsample_bytree"": 0.7, ""gamma"": 0.0, ""learning_rate"": 0.07, ""max_depth"": 5, ""min_child_weight"": 5, ""n_estimators"": 250, ""subsample"": 1.0}",4,2375,0.7987368421052632,0.017175566913259985,2.7830292687565642e+17,2510.2653940139658,0.07422883788216617,40.50676617041688
stage2,8279,58,0.62,74929,27,"{""atr_period"": 14, ""horizon_h"": 6, ""ma_windows"": [8, 24, 96], ""mtf_intervals"": [""4h"", ""1d""], ""ret_windows"": [1, 6, 12, 24, 48], ""rsi_period"": 14, ""target_threshold"": 0.006, ""vol_windows"": [24, 48]}","{""colsample_bytree"": 0.7, ""gamma"": 0.0, ""learning_rate"": 0.07, ""max_depth"": 5, ""min_child_weight"": 5, ""n_estimators"": 250, ""subsample"": 1.0}",4,2155,0.8078886310904873,0.01793827695537663,3.3646905351616708e+16,2510.2653940139658,0.04776729754259379,38.4206309527398
stage2,8279,58,0.65,74929,27,"{""atr_period"": 14, ""horizon_h"": 6, ""ma_windows"": [8, 24, 96], ""mtf_intervals"": [""4h"", ""1d""], ""ret_windows"": [1, 6, 12, 24, 48], ""rsi_period"": 14, ""target_threshold"": 0.006, ""vol_windows"": [24, 48]}","{""colsample_bytree"": 0.7, ""gamma"": 0.0, ""learning_rate"": 0.07, ""max_depth"": 5, ""min_child_weight"": 5, ""n_estimators"": 250, ""subsample"": 1.0}",4,1863,0.8276972624798712,0.018938334955917124,1199298048170856.0,2510.2653940139658,0.04583266074799752,35.11126097994848
stage2,8279,50,0.52,74929,27,"{""atr_period"": 14, ""horizon_h"": 6, ""ma_windows"": [8, 24, 96], ""mtf_intervals"": [""4h"", ""1d""], ""ret_windows"": [1, 6, 12, 24, 48], ""rsi_period"": 14, ""target_threshold"": 0.006, ""vol_windows"": [24, 48]}","{""colsample_bytree"": 0.7, ""gamma"": 0.0, ""learning_rate"": 0.07, ""max_depth"": 5, ""min_child_weight"": 5, ""n_estimators"": 250, ""subsample"": 0.7}",4,3332,0.742797118847539,0.014795006953107906,1.2412036272050337e+21,2510.2653940139658,0.08968932269287588,48.838121618156514
stage2,8279,50,0.55,74929,27,"{""atr_period"": 14, ""horizon_h"": 6, ""ma_windows"": [8, 24, 96], ""mtf_intervals"": [""4h"", ""1d""], ""ret_windows"": [1, 6, 12, 24, 48], ""rsi_period"": 14, ""target_threshold"": 0.006, ""vol_windows"": [24, 48]}","{""colsample_bytree"": 0.7, ""gamma"": 0.0, ""learning_rate"": 0.07, ""max_depth"": 5, ""min_child_weight"": 5, ""n_estimators"": 250, ""subsample"": 0.7}",4,2938,0.7671885636487407,0.015861494489764694,8.64611587963239e+19,2510.2653940139658,0.07884120533897354,46.20744915989718
stage2,8279,50,0.58,74929,27,"{""atr_period"": 14, ""horizon_h"": 6, ""ma_windows"": [8, 24, 96], ""mtf_intervals"": [""4h"", ""1d""], ""ret_windows"": [1, 6, 12, 24, 48], ""rsi_period"": 14, ""target_threshold"": 0.006, ""vol_windows"": [24, 48]}","{""colsample_bytree"": 0.7, ""gamma"": 0.0, ""learning_rate"": 0.07, ""max_depth"": 5, ""min_child_weight"": 5, ""n_estimators"": 250, ""subsample"": 0.7}",4,2626,0.7848438690022849,0.01664395000847043,4.939853012542546e+18,2510.2653940139658,0.07899211691902852,43.36539788691402
stage2,8279,50,0.6,74929,27,"{""atr_period"": 14, ""horizon_h"": 6, ""ma_windows"": [8, 24, 96], ""mtf_intervals"": [""4h"", ""1d""], ""ret_windows"": [1, 6, 12, 24, 48], ""rsi_period"": 14, ""target_threshold"": 0.006, ""vol_windows"": [24, 48]}","{""colsample_bytree"": 0.7, ""gamma"": 0.0, ""learning_rate"": 0.07, ""max_depth"": 5, ""min_child_weight"": 5, ""n_estimators"": 250, ""subsample"": 0.7}",4,2410,0.7950207468879668,0.017183005892030194,5.1056376253345626e+17,2510.2653940139658,0.07588403381916586,41.10983055457516
stage2,8279,50,0.62,74929,27,"{""atr_period"": 14, ""horizon_h"": 6, ""ma_windows"": [8, 24, 96], ""mtf_intervals"": [""4h"", ""1d""], ""ret_windows"": [1, 6, 12, 24, 48], ""rsi_period"": 14, ""target_threshold"": 0.006, ""vol_windows"": [24, 48]}","{""colsample_bytree"": 0.7, ""gamma"": 0.0, ""learning_rate"": 0.07, ""max_depth"": 5, ""min_child_weight"": 5, ""n_estimators"": 250, ""subsample"": 0.7}",4,2211,0.8113975576662144,0.017868769686351524,7.785909357497122e+16,2510.2653940139658,0.07125685940208049,39.25011686921885
stage2,8279,50,0.65,74929,27,"{""atr_period"": 14, ""horizon_h"": 6, ""ma_windows"": [8, 24, 96], ""mtf_intervals"": [""4h"", ""1d""], ""ret_windows"": [1, 6, 12, 24, 48], ""rsi_period"": 14, ""target_threshold"": 0.006, ""vol_windows"": [24, 48]}","{""colsample_bytree"": 0.7, ""gamma"": 0.0, ""learning_rate"": 0.07, ""max_depth"": 5, ""min_child_weight"": 5, ""n_estimators"": 250, ""subsample"": 0.7}",4,1916,0.8355949895615866,0.019068567996407146,4125203880091554.5,2510.2653940139658,0.07125685940208037,36.34128794487216
stage2,8279,48,0.52,74929,27,"{""atr_period"": 14, ""horizon_h"": 6, ""ma_windows"": [8, 24, 96], ""mtf_intervals"": [""4h"", ""1d""], ""ret_windows"": [1, 6, 12, 24, 48], ""rsi_period"": 14, ""target_threshold"": 0.006, ""vol_windows"": [24, 48]}","{""colsample_bytree"": 0.7, ""gamma"": 0.0, ""learning_rate"": 0.07, ""max_depth"": 5, ""min_child_weight"": 1, ""n_estimators"": 250, ""subsample"": 0.7}",4,3365,0.7396731054977712,0.01469732813786093,1.4526112033895256e+21,2510.2653940139658,0.0712350880822129,49.0013492851411
stage2,8279,48,0.55,74929,27,"{""atr_period"": 14, ""horizon_h"": 6, ""ma_windows"": [8, 24, 96], ""mtf_intervals"": [""4h"", ""1d""], ""ret_windows"": [1, 6, 12, 24, 48], ""rsi_period"": 14, ""target_threshold"": 0.006, ""vol_windows"": [24, 48]}","{""colsample_bytree"": 0.7, ""gamma"": 0.0, ""learning_rate"": 0.07, ""max_depth"": 5, ""min_child_weight"": 1, ""n_estimators"": 250, ""subsample"": 0.7}",4,2982,0.7605633802816901,0.015576222699201284,7.448935002628633e+19,2510.2653940139658,0.07884120533897365,46.05082771954181
stage2,8279,48,0.58,74929,27,"{""atr_period"": 14, ""horizon_h"": 6, ""ma_windows"": [8, 24, 96], ""mtf_intervals"": [""4h"", ""1d""], ""ret_windows"": [1, 6, 12, 24, 48], ""rsi_period"": 14, ""target_threshold"": 0.006, ""vol_windows"": [24, 48]}","{""colsample_bytree"": 0.7, ""gamma"": 0.0, ""learning_rate"": 0.07, ""max_depth"": 5, ""min_child_weight"": 1, ""n_estimators"": 250, ""subsample"": 0.7}",4,2651,0.7770652583930592,0.01637553151903413,3.707869820765103e+18,2510.2653940139658,0.07899211691902852,43.07014961371882
stage2,8279,48,0.6,74929,27,"{""atr_period"": 14, ""horizon_h"": 6, ""ma_windows"": [8, 24, 96], ""mtf_intervals"": [""4h"", ""1d""], ""ret_windows"": [1, 6, 12, 24, 48], ""rsi_period"": 14, ""target_threshold"": 0.006, ""vol_windows"": [24, 48]}","{""colsample_bytree"": 0.7, ""gamma"": 0.0, ""learning_rate"": 0.07, ""max_depth"": 5, ""min_child_weight"": 1, ""n_estimators"": 250, ""subsample"": 0.7}",4,2441,0.7902498975829578,0.017019332550050906,5.861000952421198e+17,2510.2653940139658,0.07899211691902841,41.2411255009018
stage2,8279,48,0.62,74929,27,"{""atr_period"": 14, ""horizon_h"": 6, ""ma_windows"": [8, 24, 96], ""mtf_intervals"": [""4h"", ""1d""], ""ret_windows"": [1, 6, 12, 24, 48], ""rsi_period"": 14, ""target_threshold"": 0.006, ""vol_windows"": [24, 48]}","{""colsample_bytree"": 0.7, ""gamma"": 0.0, ""learning_rate"": 0.07, ""max_depth"": 5, ""min_child_weight"": 1, ""n_estimators"": 250, ""subsample"": 0.7}",4,2243,0.8016049933125279,0.017637656692538885,8.260404801939773e+16,2510.2653940139658,0.07438050509704186,39.29803007737737
stage2,8279,48,0.65,74929,27,"{""atr_period"": 14, ""horizon_h"": 6, ""ma_windows"": [8, 24, 96], ""mtf_intervals"": [""4h"", ""1d""], ""ret_windows"": [1, 6, 12, 24, 48], ""rsi_period"": 14, ""target_threshold"": 0.006, ""vol_windows"": [24, 48]}","{""colsample_bytree"": 0.7, ""gamma"": 0.0, ""learning_rate"": 0.07, ""max_depth"": 5, ""min_child_weight"": 1, ""n_estimators"": 250, ""subsample"": 0.7}",4,1932,0.8219461697722568,0.01867917253162761,2660331914143931.5,2510.2653940139658,0.07125685940208049,35.88858917604309
stage2,8279,57,0.52,74929,27,"{""atr_period"": 14, ""horizon_h"": 6, ""ma_windows"": [8, 24, 96], ""mtf_intervals"": [""4h"", ""1d""], ""ret_windows"": [1, 6, 12, 24, 48], ""rsi_period"": 14, ""target_threshold"": 0.006, ""vol_windows"": [24, 48]}","{""colsample_bytree"": 0.7, ""gamma"": 0.2, ""learning_rate"": 0.07, ""max_depth"": 5, ""min_child_weight"": 1, ""n_estimators"": 250, ""subsample"": 1.0}",4,3336,0.7422062350119905,0.014815746423248724,1.419093893944263e+21,2510.2653940139658,0.07884120533897343,48.977175874683795
stage2,8279,57,0.55,74929,27,"{""atr_period"": 14, ""horizon_h"": 6, ""ma_windows"": [8, 24, 96], ""mtf_intervals"": [""4h"", ""1d""], ""ret_windows"": [1, 6, 12, 24, 48], ""rsi_period"": 14, ""target_threshold"": 0.006, ""vol_windows"": [24, 48]}","{""colsample_bytree"": 0.7, ""gamma"": 0.2, ""learning_rate"": 0.07, ""max_depth"": 5, ""min_child_weight"": 1, ""n_estimators"": 250, ""subsample"": 1.0}",4,2982,0.7598926894701542,0.015598292352063966,7.94699468923492e+19,2510.2653940139658,0.07884120533897343,46.115190485294896
stage2,8279,57,0.58,74929,27,"{""atr_period"": 14, ""horizon_h"": 6, ""ma_windows"": [8, 24, 96], ""mtf_intervals"": [""4h"", ""1d""], ""ret_windows"": [1, 6, 12, 24, 48], ""rsi_period"": 14, ""target_threshold"": 0.006, ""vol_windows"": [24, 48]}","{""colsample_bytree"": 0.7, ""gamma"": 0.2, ""learning_rate"": 0.07, ""max_depth"": 5, ""min_child_weight"": 1, ""n_estimators"": 250, ""subsample"": 1.0}",4,2637,0.782328403488813,0.01651285237407899,4.2013050323811005e+18,2510.2653940139658,0.07884120533897354,43.20047181202776
stage2,8279,57,0.6,74929,27,"{""atr_period"": 14, ""horizon_h"": 6, ""ma_windows"": [8, 24, 96], ""mtf_intervals"": [""4h"", ""1d""], ""ret_windows"": [1, 6, 12, 24, 48], ""rsi_period"": 14, ""target_threshold"": 0.006, ""vol_windows"": [24, 48]}","{""colsample_bytree"": 0.7, ""gamma"": 0.2, ""learning_rate"": 0.07, ""max_depth"": 5, ""min_child_weight"": 1, ""n_estimators"": 250, ""subsample"": 1.0}",4,2400,0.7920833333333334,0.017117928230909255,3.6863161992774176e+17,2510.2653940139658,0.07884120533897376,40.779763710163344
stage2,8279,57,0.62,74929,27,"{""atr_period"": 14, ""horizon_h"": 6, ""ma_windows"": [8, 24, 96], ""mtf_intervals"": [""4h"", ""1d""], ""ret_windows"": [1, 6, 12, 24, 48], ""rsi_period"": 14, ""target_threshold"": 0.006, ""vol_windows"": [24, 48]}","{""colsample_bytree"": 0.7, ""gamma"": 0.2, ""learning_rate"": 0.07, ""max_depth"": 5, ""min_child_weight"": 1, ""n_estimators"": 250, ""subsample"": 1.0}",4,2178,0.8080808080808081,0.01788701344266629,4.4953544944081304e+16,2510.2653940139658,0.0757326129647169,38.69610046440431
stage2,8279,57,0.65,74929,27,"{""atr_period"": 14, ""horizon_h"": 6, ""ma_windows"": [8, 24, 96], ""mtf_intervals"": [""4h"", ""1d""], ""ret_windows"": [1, 6, 12, 24, 48], ""rsi_period"": 14, ""target_threshold"": 0.006, ""vol_windows"": [24, 48]}","{""colsample_bytree"": 0.7, ""gamma"": 0.2, ""learning_rate"": 0.07, ""max_depth"": 5, ""min_child_weight"": 1, ""n_estimators"": 250, ""subsample"": 1.0}",4,1883,0.8274030801911842,0.018990932866757425,1912149279358909.8,2510.2653940139658,0.04776729754259379,35.576970559786425
stage2,8279,61,0.52,74929,27,"{""atr_period"": 14, ""horizon_h"": 6, ""ma_windows"": [8, 24, 96], ""mtf_intervals"": [""4h"", ""1d""], ""ret_windows"": [1, 6, 12, 24, 48], ""rsi_period"": 14, ""target_threshold"": 0.006, ""vol_windows"": [24, 48]}","{""colsample_bytree"": 1.0, ""gamma"": 0.2, ""learning_rate"": 0.07, ""max_depth"": 5, ""min_child_weight"": 1, ""n_estimators"": 250, ""subsample"": 1.0}",4,3343,0.7379599162428956,0.014727400818480767,1.1666243838221028e+21,2510.2653940139658,0.07884120533897343,48.77716792647992
stage2,8279,61,0.55,74929,27,"{""atr_period"": 14, ""horizon_h"": 6, ""ma_windows"": [8, 24, 96], ""mtf_intervals"": [""4h"", ""1d""], ""ret_windows"": [1, 6, 12, 24, 48], ""rsi_period"": 14, ""target_threshold"": 0.006, ""vol_windows"": [24, 48]}","{""colsample_bytree"": 1.0, ""gamma"": 0.2, ""learning_rate"": 0.07, ""max_depth"": 5, ""min_child_weight"": 1, ""n_estimators"": 250, ""subsample"": 1.0}",4,2984,0.7630697050938338,0.015569572036385248,7.531682148512652e+19,2510.2653940139658,0.07884120533897343,46.06382691434362
stage2,8279,61,0.58,74929,27,"{""atr_period"": 14, ""horizon_h"": 6, ""ma_windows"": [8, 24, 96], ""mtf_intervals"": [""4h"", ""1d""], ""ret_windows"": [1, 6, 12, 24, 48], ""rsi_period"": 14, ""target_threshold"": 0.006, ""vol_windows"": [24, 48]}","{""colsample_bytree"": 1.0, ""gamma"": 0.2, ""learning_rate"": 0.07, ""max_depth"": 5, ""min_child_weight"": 1, ""n_estimators"": 250, ""subsample"": 1.0}",4,2666,0.7873218304576144,0.016598313899252252,8.484291236875434e+18,2510.2653940139658,0.07899211691902863,43.90789595488548
stage2,8279,61,0.6,74929,27,"{""atr_period"": 14, ""horizon_h"": 6, ""ma_windows"": [8, 24, 96], ""mtf_intervals"": [""4h"", ""1d""], ""ret_windows"": [1, 6, 12, 24, 48], ""rsi_period"": 14, ""target_threshold"": 0.006, ""vol_windows"": [24, 48]}","{""colsample_bytree"": 1.0, ""gamma"": 0.2, ""learning_rate"": 0.07, ""max_depth"": 5, ""min_child_weight"": 1, ""n_estimators"": 250, ""subsample"": 1.0}",4,2446,0.7972199509403107,0.01720126195446176,9.847140068770943e+17,2510.2653940139658,0.07899211691902852,41.767017643503834
stage2,8279,61,0.62,74929,27,"{""atr_period"": 14, ""horizon_h"": 6, ""ma_windows"": [8, 24, 96], ""mtf_intervals"": [""4h"", ""1d""], ""ret_windows"": [1, 6, 12, 24, 48], ""rsi_period"": 14, ""target_threshold"": 0.006, ""vol_windows"": [24, 48]}","{""colsample_bytree"": 1.0, ""gamma"": 0.2, ""learning_rate"": 0.07, ""max_depth"": 5, ""min_child_weight"": 1, ""n_estimators"": 250, ""subsample"": 1.0}",4,2231,0.8148812191842223,0.01800163341491349,1.484214412022738e+17,2510.2653940139658,0.07899211691902852,39.89525418190966
stage2,8279,61,0.65,74929,27,"{""atr_period"": 14, ""horizon_h"": 6, ""ma_windows"": [8, 24, 96], ""mtf_intervals"": [""4h"", ""1d""], ""ret_windows"": [1, 6, 12, 24, 48], ""rsi_period"": 14, ""target_threshold"": 0.006, ""vol_windows"": [24, 48]}","{""colsample_bytree"": 1.0, ""gamma"": 0.2, ""learning_rate"": 0.07, ""max_depth"": 5, ""min_child_weight"": 1, ""n_estimators"": 250, ""subsample"": 1.0}",4,1962,0.8277268093781855,0.01873749456604444,5176938182814748.0,2510.2653940139658,0.07422883788216605,36.557957177113956
stage2,8279,38,0.52,74929,27,"{""atr_period"": 14, ""horizon_h"": 6, ""ma_windows"": [8, 24, 96], ""mtf_intervals"": [""4h"", ""1d""], ""ret_windows"": [1, 6, 12, 24, 48], ""rsi_period"": 14, ""target_threshold"": 0.006, ""vol_windows"": [24, 48]}","{""colsample_bytree"": 1.0, ""gamma"": 0.0, ""learning_rate"": 0.03, ""max_depth"": 5, ""min_child_weight"": 5, ""n_estimators"": 250, ""subsample"": 0.7}",4,3119,0.7518435395960243,0.015331237551402642,2.871317999550236e+20,2510.2653940139658,0.07899211691902841,47.3911016911584
stage2,8279,38,0.55,74929,27,"{""atr_period"": 14, ""horizon_h"": 6, ""ma_windows"": [8, 24, 96], ""mtf_intervals"": [""4h"", ""1d""], ""ret_windows"": [1, 6, 12, 24, 48], ""rsi_period"": 14, ""target_threshold"": 0.006, ""vol_windows"": [24, 48]}","{""colsample_bytree"": 1.0, ""gamma"": 0.0, ""learning_rate"": 0.03, ""max_depth"": 5, ""min_child_weight"": 5, ""n_estimators"": 250, ""subsample"": 0.7}",4,2739,0.7747353048557868,0.016244585174267002,1.0739520931394005e+19,2510.2653940139658,0.07438050509704175,44.13301682869345
stage2,8279,38,0.58,74929,27,"{""atr_period"": 14, ""horizon_h"": 6, ""ma_windows"": [8, 24, 96], ""mtf_intervals"": [""4h"", ""1d""], ""ret_windows"": [1, 6, 12, 24, 48], ""rsi_period"": 14, ""target_threshold"": 0.006, ""vol_windows"": [24, 48]}","{""colsample_bytree"": 1.0, ""gamma"": 0.0, ""learning_rate"": 0.03, ""max_depth"": 5, ""min_child_weight"": 5, ""n_estimators"": 250, ""subsample"": 0.7}",4,2355,0.7974522292993631,0.01737759854021649,3.154594014104453e+17,2510.2653940139658,0.07422883788216605,40.63267454127502
stage2,8279,38,0.6,74929,27,"{""atr_period"": 14, ""horizon_h"": 6, ""ma_windows"": [8, 24, 96], ""mtf_intervals"": [""4h"", ""1d""], ""ret_windows"": [1, 6, 12, 24, 48], ""rsi_period"": 14, ""target_threshold"": 0.006, ""vol_windows"": [24, 48]}","{""colsample_bytree"": 1.0, ""gamma"": 0.0, ""learning_rate"": 0.03, ""max_depth"": 5, ""min_child_weight"": 5, ""n_estimators"": 250, ""subsample"": 0.7}",4,2141,0.8070994862213918,0.017982211403405314,2.8776559921222784e+16,2510.2653940139658,0.07422883788216617,38.250760420302036
stage2,8279,38,0.62,74929,27,"{""atr_period"": 14, ""horizon_h"": 6, ""ma_windows"": [8, 24, 96], ""mtf_intervals"": [""4h"", ""1d""], ""ret_windows"": [1, 6, 12, 24, 48], ""rsi_period"": 14, ""target_threshold"": 0.006, ""vol_windows"": [24, 48]}","{""colsample_bytree"": 1.0, ""gamma"": 0.0, ""learning_rate"": 0.03, ""max_depth"": 5, ""min_child_weight"": 5, ""n_estimators"": 250, ""subsample"": 0.7}",4,1906,0.825813221406086,0.018831921633874975,2194896258440088.2,2510.2653940139658,0.07422883788216594,35.699102708906025
stage2,8279,38,0.65,74929,27,"{""atr_period"": 14, ""horizon_h"": 6, ""ma_windows"": [8, 24, 96], ""mtf_intervals"": [""4h"", ""1d""], ""ret_windows"": [1, 6, 12, 24, 48], ""rsi_period"": 14, ""target_threshold"": 0.006, ""vol_windows"": [24, 48]}","{""colsample_bytree"": 1.0, ""gamma"": 0.0, ""learning_rate"": 0.03, ""max_depth"": 5, ""min_child_weight"": 5, ""n_estimators"": 250, ""subsample"": 0.7}",4,1644,0.8454987834549879,0.01990499098847483,95801350110581.3,2510.2653940139658,0.04185726149726399,32.60800821774154
stage2,8279,36,0.52,74929,27,"{""atr_period"": 14, ""horizon_h"": 6, ""ma_windows"": [8, 24, 96], ""mtf_intervals"": [""4h"", ""1d""], ""ret_windows"": [1, 6, 12, 24, 48], ""rsi_period"": 14, ""target_threshold"": 0.006, ""vol_windows"": [24, 48]}","{""colsample_bytree"": 1.0, ""gamma"": 0.0, ""learning_rate"": 0.03, ""max_depth"": 5, ""min_child_weight"": 1, ""n_estimators"": 250, ""subsample"": 0.7}",4,3129,0.7532758069670822,0.015316624924691331,3.194927869440316e+20,2510.2653940139658,0.07884120533897354,47.498999413682256
stage2,8279,36,0.55,74929,27,"{""atr_period"": 14, ""horizon_h"": 6, ""ma_windows"": [8, 24, 96], ""mtf_intervals"": [""4h"", ""1d""], ""ret_windows"": [1, 6, 12, 24, 48], ""rsi_period"": 14, ""target_threshold"": 0.006, ""vol_windows"": [24, 48]}","{""colsample_bytree"": 1.0, ""gamma"": 0.0, ""learning_rate"": 0.03, ""max_depth"": 5, ""min_child_weight"": 1, ""n_estimators"": 250, ""subsample"": 0.7}",4,2740,0.7726277372262774,0.016299865315835556,1.262537079138476e+19,2510.2653940139658,0.07438050509704175,44.29355087799679
stage2,8279,36,0.58,74929,27,"{""atr_period"": 14, ""horizon_h"": 6, ""ma_windows"": [8, 24, 96], ""mtf_intervals"": [""4h"", ""1d""], ""ret_windows"": [1, 6, 12, 24, 48], ""rsi_period"": 14, ""target_threshold"": 0.006, ""vol_windows"": [24, 48]}","{""colsample_bytree"": 1.0, ""gamma"": 0.0, ""learning_rate"": 0.03, ""max_depth"": 5, ""min_child_weight"": 1, ""n_estimators"": 250, ""subsample"": 0.7}",4,2385,0.7928721174004193,0.017223945903984725,3.6714931788039046e+17,2510.2653940139658,0.07422883788216605,40.77951986314052
stage2,8279,36,0.6,74929,27,"{""atr_period"": 14, ""horizon_h"": 6, ""ma_windows"": [8, 24, 96], ""mtf_intervals"": [""4h"", ""1d""], ""ret_windows"": [1, 6, 12, 24, 48], ""rsi_period"": 14, ""target_threshold"": 0.006, ""vol_windows"": [24, 48]}","{""colsample_bytree"": 1.0, ""gamma"": 0.0, ""learning_rate"": 0.03, ""max_depth"": 5, ""min_child_weight"": 1, ""n_estimators"": 250, ""subsample"": 0.7}",4,2133,0.8073136427566807,0.018038466597342186,2.80719426143283e+16,2510.2653940139658,0.07110468036280448,38.22815329576051
stage2,8279,36,0.62,74929,27,"{""atr_period"": 14, ""horizon_h"": 6, ""ma_windows"": [8, 24, 96], ""mtf_intervals"": [""4h"", ""1d""], ""ret_windows"": [1, 6, 12, 24, 48], ""rsi_period"": 14, ""target_threshold"": 0.006, ""vol_windows"": [24, 48]}","{""colsample_bytree"": 1.0, ""gamma"": 0.0, ""learning_rate"": 0.03, ""max_depth"": 5, ""min_child_weight"": 1, ""n_estimators"": 250, ""subsample"": 0.7}",4,1914,0.8197492163009404,0.018656791745364554,1828767371045684.2,2510.2653940139658,0.0711046803628046,35.511919933903016
stage2,8279,36,0.65,74929,27,"{""atr_period"": 14, ""horizon_h"": 6, ""ma_windows"": [8, 24, 96], ""mtf_intervals"": [""4h"", ""1d""], ""ret_windows"": [1, 6, 12, 24, 48], ""rsi_period"": 14, ""target_threshold"": 0.006, ""vol_windows"": [24, 48]}","{""colsample_bytree"": 1.0, ""gamma"": 0.0, ""learning_rate"": 0.03, ""max_depth"": 5, ""min_child_weight"": 1, ""n_estimators"": 250, ""subsample"": 0.7}",4,1646,0.8444714459295262,0.019797900975363047,83898774332939.61,2510.2653940139658,0.041857261497263876,32.473663854427095
stage2,8279,32,0.52,74929,27,"{""atr_period"": 14, ""horizon_h"": 6, ""ma_windows"": [8, 24, 96], ""mtf_intervals"": [""4h"", ""1d""], ""ret_windows"": [1, 6, 12, 24, 48], ""rsi_period"": 14, ""target_threshold"": 0.006, ""vol_windows"": [24, 48]}","{""colsample_bytree"": 0.7, ""gamma"": 0.0, ""learning_rate"": 0.03, ""max_depth"": 5, ""min_child_weight"": 1, ""n_estimators"": 250, ""subsample"": 0.7}",4,3104,0.7506443298969072,0.015261495762594378,1.8490527080821496e+20,2510.2653940139658,0.07899211691902852,46.94948668970238
stage2,8279,32,0.55,74929,27,"{""atr_period"": 14, ""horizon_h"": 6, ""ma_windows"": [8, 24, 96], ""mtf_intervals"": [""4h"", ""1d""], ""ret_windows"": [1, 6, 12, 24, 48], ""rsi_period"": 14, ""target_threshold"": 0.006, ""vol_windows"": [24, 48]}","{""colsample_bytree"": 0.7, ""gamma"": 0.0, ""learning_rate"": 0.03, ""max_depth"": 5, ""min_child_weight"": 1, ""n_estimators"": 250, ""subsample"": 0.7}",4,2724,0.7731277533039648,0.016328774245282434,1.0577847374298722e+19,2510.2653940139658,0.07438050509704175,44.117235761892225
stage2,8279,32,0.58,74929,27,"{""atr_period"": 14, ""horizon_h"": 6, ""ma_windows"": [8, 24, 96], ""mtf_intervals"": [""4h"", ""1d""], ""ret_windows"": [1, 6, 12, 24, 48], ""rsi_period"": 14, ""target_threshold"": 0.006, ""vol_windows"": [24, 48]}","{""colsample_bytree"": 0.7, ""gamma"": 0.0, ""learning_rate"": 0.03, ""max_depth"": 5, ""min_child_weight"": 1, ""n_estimators"": 250, ""subsample"": 0.7}",4,2345,0.7940298507462686,0.017312437148905187,2.287364798784975e+17,2510.2653940139658,0.0711046803628046,40.30951803057014
stage2,8279,32,0.6,74929,27,"{""atr_period"": 14, ""horizon_h"": 6, ""ma_windows"": [8, 24, 96], ""mtf_intervals"": [""4h"", ""1d""], ""ret_windows"": [1, 6, 12, 24, 48], ""rsi_period"": 14, ""target_threshold"": 0.006, ""vol_windows"": [24, 48]}","{""colsample_bytree"": 0.7, ""gamma"": 0.0, ""learning_rate"": 0.03, ""max_depth"": 5, ""min_child_weight"": 1, ""n_estimators"": 250, ""subsample"": 0.7}",4,2108,0.8055028462998103,0.01803614416825519,1.7888606162495338e+16,2510.2653940139658,0.07110468036280448,37.77607946805752
stage2,8279,32,0.62,74929,27,"{""atr_period"": 14, ""horizon_h"": 6, ""ma_windows"": [8, 24, 96], ""mtf_intervals"": [""4h"", ""1d""], ""ret_windows"": [1, 6, 12, 24, 48], ""rsi_period"": 14, ""target_threshold"": 0.006, ""vol_windows"": [24, 48]}","{""colsample_bytree"": 0.7, ""gamma"": 0.0, ""learning_rate"": 0.03, ""max_depth"": 5, ""min_child_weight"": 1, ""n_estimators"": 250, ""subsample"": 0.7}",4,1880,0.8143617021276596,0.018670022290626854,1001326787099222.6,2510.2653940139658,0.041857261497263876,34.92002321188418
stage2,8279,32,0.65,74929,27,"{""atr_period"": 14, ""horizon_h"": 6, ""ma_windows"": [8, 24, 96], ""mtf_intervals"": [""4h"", ""1d""], ""ret_windows"": [1, 6, 12, 24, 48], ""rsi_period"": 14, ""target_threshold"": 0.006, ""vol_windows"": [24, 48]}","{""colsample_bytree"": 0.7, ""gamma"": 0.0, ""learning_rate"": 0.03, ""max_depth"": 5, ""min_child_weight"": 1, ""n_estimators"": 250, ""subsample"": 0.7}",4,1608,0.8383084577114428,0.01985045449729172,43297796602328.805,2510.2653940139658,0.041857261497263876,31.80764463425883
stage2,8279,42,0.52,74929,27,"{""atr_period"": 14, ""horizon_h"": 6, ""ma_windows"": [8, 24, 96], ""mtf_intervals"": [""4h"", ""1d""], ""ret_windows"": [1, 6, 12, 24, 48], ""rsi_period"": 14, ""target_threshold"": 0.006, ""vol_windows"": [24, 48]}","{""colsample_bytree"": 0.7, ""gamma"": 0.0, ""learning_rate"": 0.03, ""max_depth"": 5, ""min_child_weight"": 5, ""n_estimators"": 250, ""subsample"": 1.0}",4,3040,0.7585526315789474,0.015459543830249098,1.2706422762901432e+20,2510.2653940139658,0.07422883788216617,46.584628398839804
stage2,8279,42,0.55,74929,27,"{""atr_period"": 14, ""horizon_h"": 6, ""ma_windows"": [8, 24, 96], ""mtf_intervals"": [""4h"", ""1d""], ""ret_windows"": [1, 6, 12, 24, 48], ""rsi_period"": 14, ""target_threshold"": 0.006, ""vol_windows"": [24, 48]}","{""colsample_bytree"": 0.7, ""gamma"": 0.0, ""learning_rate"": 0.03, ""max_depth"": 5, ""min_child_weight"": 5, ""n_estimators"": 250, ""subsample"": 1.0}",4,2667,0.7739032620922385,0.01629365335486454,3.845768414239598e+18,2510.2653940139658,0.07422883788216594,43.105862522111764
stage2,8279,42,0.58,74929,27,"{""atr_period"": 14, ""horizon_h"": 6, ""ma_windows"": [8, 24, 96], ""mtf_intervals"": [""4h"", ""1d""], ""ret_windows"": [1, 6, 12, 24, 48], ""rsi_period"": 14, ""target_threshold"": 0.006, ""vol_windows"": [24, 48]}","{""colsample_bytree"": 0.7, ""gamma"": 0.0, ""learning_rate"": 0.03, ""max_depth"": 5, ""min_child_weight"": 5, ""n_estimators"": 250, ""subsample"": 1.0}",4,2276,0.7934973637961336,0.017331187528969973,7.312826579769214e+16,2510.2653940139658,0.0711046803628046,39.168886411033974
stage2,8279,42,0.6,74929,27,"{""atr_period"": 14, ""horizon_h"": 6, ""ma_windows"": [8, 24, 96], ""mtf_intervals"": [""4h"", ""1d""], ""ret_windows"": [1, 6, 12, 24, 48], ""rsi_period"": 14, ""target_threshold"": 0.006, ""vol_windows"": [24, 48]}","{""colsample_bytree"": 0.7, ""gamma"": 0.0, ""learning_rate"": 0.03, ""max_depth"": 5, ""min_child_weight"": 5, ""n_estimators"": 250, ""subsample"": 1.0}",4,2049,0.8067349926793558,0.018099614770492524,7110644122823648.0,2510.2653940139658,0.054652592210135076,36.86322784475219
stage2,8279,42,0.62,74929,27,"{""atr_period"": 14, ""horizon_h"": 6, ""ma_windows"": [8, 24, 96], ""mtf_intervals"": [""4h"", ""1d""], ""ret_windows"": [1, 6, 12, 24, 48], ""rsi_period"": 14, ""target_threshold"": 0.006, ""vol_windows"": [24, 48]}","{""colsample_bytree"": 0.7, ""gamma"": 0.0, ""learning_rate"": 0.03, ""max_depth"": 5, ""min_child_weight"": 5, ""n_estimators"": 250, ""subsample"": 1.0}",4,1840,0.8201086956521739,0.01878529034785942,589037119148501.8,2510.2653940139658,0.05465259221013519,34.38855330141961
stage2,8279,42,0.65,74929,27,"{""atr_period"": 14, ""horizon_h"": 6, ""ma_windows"": [8, 24, 96], ""mtf_intervals"": [""4h"", ""1d""], ""ret_windows"": [1, 6, 12, 24, 48], ""rsi_period"": 14, ""target_threshold"": 0.006, ""vol_windows"": [24, 48]}","{""colsample_bytree"": 0.7, ""gamma"": 0.0, ""learning_rate"": 0.03, ""max_depth"": 5, ""min_child_weight"": 5, ""n_estimators"": 250, ""subsample"": 1.0}",4,1536,0.8385416666666666,0.019924470104163743,11841423683952.389,2510.2653940139658,0.041857261497263765,30.511925445150798
stage2,8279,44,0.52,74929,27,"{""atr_period"": 14, ""horizon_h"": 6, ""ma_windows"": [8, 24, 96], ""mtf_intervals"": [""4h"", ""1d""], ""ret_windows"": [1, 6, 12, 24, 48], ""rsi_period"": 14, ""target_threshold"": 0.006, ""vol_windows"": [24, 48]}","{""colsample_bytree"": 1.0, ""gamma"": 0.0, ""learning_rate"": 0.03, ""max_depth"": 5, ""min_child_weight"": 1, ""n_estimators"": 250, ""subsample"": 1.0}",4,3094,0.7491919844861021,0.015257675776653018,1.5737134681153385e+20,2510.2653940139658,0.07899211691902841,46.78705888805986
stage2,8279,44,0.55,74929,27,"{""atr_period"": 14, ""horizon_h"": 6, ""ma_windows"": [8, 24, 96], ""mtf_intervals"": [""4h"", ""1d""], ""ret_windows"": [1, 6, 12, 24, 48], ""rsi_period"": 14, ""target_threshold"": 0.006, ""vol_windows"": [24, 48]}","{""colsample_bytree"": 1.0, ""gamma"": 0.0, ""learning_rate"": 0.03, ""max_depth"": 5, ""min_child_weight"": 1, ""n_estimators"": 250, ""subsample"": 1.0}",4,2711,0.7742530431575064,0.016296317237443455,7.866158007346926e+18,2510.2653940139658,0.07422883788216605,43.82175998856717
stage2,8279,44,0.58,74929,27,"{""atr_period"": 14, ""horizon_h"": 6, ""ma_windows"": [8, 24, 96], ""mtf_intervals"": [""4h"", ""1d""], ""ret_windows"": [1, 6, 12, 24, 48], ""rsi_period"": 14, ""target_threshold"": 0.006, ""vol_windows"": [24, 48]}","{""colsample_bytree"": 1.0, ""gamma"": 0.0, ""learning_rate"": 0.03, ""max_depth"": 5, ""min_child_weight"": 1, ""n_estimators"": 250, ""subsample"": 1.0}",4,2314,0.7899740708729472,0.017215640740392113,1.0807366520310222e+17,2510.2653940139658,0.07422883788216594,39.554179438414835
stage2,8279,44,0.6,74929,27,"{""atr_period"": 14, ""horizon_h"": 6, ""ma_windows"": [8, 24, 96], ""mtf_intervals"": [""4h"", ""1d""], ""ret_windows"": [1, 6, 12, 24, 48], ""rsi_period"": 14, ""target_threshold"": 0.006, ""vol_windows"": [24, 48]}","{""colsample_bytree"": 1.0, ""gamma"": 0.0, ""learning_rate"": 0.03, ""max_depth"": 5, ""min_child_weight"": 1, ""n_estimators"": 250, ""subsample"": 1.0}",4,2070,0.8072463768115942,0.01806393516628502,9648031769276570.0,2510.2653940139658,0.07422883788216617,37.15872449156404
stage2,8279,44,0.62,74929,27,"{""atr_period"": 14, ""horizon_h"": 6, ""ma_windows"": [8, 24, 96], ""mtf_intervals"": [""4h"", ""1d""], ""ret_windows"": [1, 6, 12, 24, 48], ""rsi_period"": 14, ""target_threshold"": 0.006, ""vol_windows"": [24, 48]}","{""colsample_bytree"": 1.0, ""gamma"": 0.0, ""learning_rate"": 0.03, ""max_depth"": 5, ""min_child_weight"": 1, ""n_estimators"": 250, ""subsample"": 1.0}",4,1874,0.816435432230523,0.018658584359589295,879576012437798.0,2510.2653940139658,0.07422883788216605,34.77576370496803
stage2,8279,44,0.65,74929,27,"{""atr_period"": 14, ""horizon_h"": 6, ""ma_windows"": [8, 24, 96], ""mtf_intervals"": [""4h"", ""1d""], ""ret_windows"": [1, 6, 12, 24, 48], ""rsi_period"": 14, ""target_threshold"": 0.006, ""vol_windows"": [24, 48]}","{""colsample_bytree"": 1.0, ""gamma"": 0.0, ""learning_rate"": 0.03, ""max_depth"": 5, ""min_child_weight"": 1, ""n_estimators"": 250, ""subsample"": 1.0}",4,1585,0.8429022082018928,0.02004129396405459,37161319702621.59,2510.2653940139658,0.05322937752270851,31.65432697282026
stage2,8279,23,0.52,74929,27,"{""atr_period"": 14, ""horizon_h"": 6, ""ma_windows"": [8, 24, 96], ""mtf_intervals"": [""4h"", ""1d""], ""ret_windows"": [1, 6, 12, 24, 48], ""rsi_period"": 14, ""target_threshold"": 0.006, ""vol_windows"": [24, 48]}","{""colsample_bytree"": 1.0, ""gamma"": 0.2, ""learning_rate"": 0.07, ""max_depth"": 3, ""min_child_weight"": 5, ""n_estimators"": 250, ""subsample"": 0.7}",4,2912,0.7458791208791209,0.015508516217044754,2.058353549170178e+19,2510.2653940139658,0.07422883788216605,44.75468018964234
stage2,8279,23,0.55,74929,27,"{""atr_period"": 14, ""horizon_h"": 6, ""ma_windows"": [8, 24, 96], ""mtf_intervals"": [""4h"", ""1d""], ""ret_windows"": [1, 6, 12, 24, 48], ""rsi_period"": 14, ""target_threshold"": 0.006, ""vol_windows"": [24, 48]}","{""colsample_bytree"": 1.0, ""gamma"": 0.2, ""learning_rate"": 0.07, ""max_depth"": 3, ""min_child_weight"": 5, ""n_estimators"": 250, ""subsample"": 0.7}",4,2505,0.7660678642714571,0.016501104315535173,4.693333894705499e+17,2510.2653940139658,0.07110468036280448,40.999400548331145
stage2,8279,23,0.58,74929,27,"{""atr_period"": 14, ""horizon_h"": 6, ""ma_windows"": [8, 24, 96], ""mtf_intervals"": [""4h"", ""1d""], ""ret_windows"": [1, 6, 12, 24, 48], ""rsi_period"": 14, ""target_threshold"": 0.006, ""vol_windows"": [24, 48]}","{""colsample_bytree"": 1.0, ""gamma"": 0.2, ""learning_rate"": 0.07, ""max_depth"": 3, ""min_child_weight"": 5, ""n_estimators"": 250, ""subsample"": 0.7}",4,2153,0.791453785415699,0.017646448067370018,1.7275353024789852e+16,2510.2653940139658,0.060566013874518765,37.73210880587829
stage2,8279,23,0.6,74929,27,"{""atr_period"": 14, ""horizon_h"": 6, ""ma_windows"": [8, 24, 96], ""mtf_intervals"": [""4h"", ""1d""], ""ret_windows"": [1, 6, 12, 24, 48], ""rsi_period"": 14, ""target_threshold"": 0.006, ""vol_windows"": [24, 48]}","{""colsample_bytree"": 1.0, ""gamma"": 0.2, ""learning_rate"": 0.07, ""max_depth"": 3, ""min_child_weight"": 5, ""n_estimators"": 250, ""subsample"": 0.7}",4,1933,0.8049663735126746,0.018274597573292136,1246728666317664.2,2510.2653940139658,0.060566013874518765,35.11918632123199
stage2,8279,23,0.62,74929,27,"{""atr_period"": 14, ""horizon_h"": 6, ""ma_windows"": [8, 24, 96], ""mtf_intervals"": [""4h"", ""1d""], ""ret_windows"": [1, 6, 12, 24, 48], ""rsi_period"": 14, ""target_threshold"": 0.006, ""vol_windows"": [24, 48]}","{""colsample_bytree"": 1.0, ""gamma"": 0.2, ""learning_rate"": 0.07, ""max_depth"": 3, ""min_child_weight"": 5, ""n_estimators"": 250, ""subsample"": 0.7}",4,1740,0.8172413793103448,0.01900763482901661,134908474292191.03,2510.2653940139658,0.04185726149726399,32.92054324756838
stage2,8279,23,0.65,74929,27,"{""atr_period"": 14, ""horizon_h"": 6, ""ma_windows"": [8, 24, 96], ""mtf_intervals"": [""4h"", ""1d""], ""ret_windows"": [1, 6, 12, 24, 48], ""rsi_period"": 14, ""target_threshold"": 0.006, ""vol_windows"": [24, 48]}","{""colsample_bytree"": 1.0, ""gamma"": 0.2, ""learning_rate"": 0.07, ""max_depth"": 3, ""min_child_weight"": 5, ""n_estimators"": 250, ""subsample"": 0.7}",4,1458,0.8340192043895748,0.020152371642676862,3526948930831.4,2510.2653940139658,0.041857261497263876,29.29895999348999
stage2,7019,51,0.52,74929,27,"{""atr_period"": 21, ""horizon_h"": 6, ""ma_windows"": [12, 24, 72], ""mtf_intervals"": [""4h"", ""1d""], ""ret_windows"": [1, 6, 12, 24, 48], ""rsi_period"": 14, ""target_threshold"": 0.006, ""vol_windows"": [12, 48]}","{""colsample_bytree"": 0.7, ""gamma"": 0.2, ""learning_rate"": 0.07, ""max_depth"": 5, ""min_child_weight"": 5, ""n_estimators"": 250, ""subsample"": 0.7}",4,3297,0.7424931756141947,0.014886977948456746,1.0050823635443913e+21,2510.2653940139658,0.07823454942399288,48.6333295341705
stage2,7019,51,0.55,74929,27,"{""atr_period"": 21, ""horizon_h"": 6, ""ma_windows"": [12, 24, 72], ""mtf_intervals"": [""4h"", ""1d""], ""ret_windows"": [1, 6, 12, 24, 48], ""rsi_period"": 14, ""target_threshold"": 0.006, ""vol_windows"": [12, 48]}","{""colsample_bytree"": 0.7, ""gamma"": 0.2, ""learning_rate"": 0.07, ""max_depth"": 5, ""min_child_weight"": 5, ""n_estimators"": 250, ""subsample"": 0.7}",4,2948,0.7632293080054274,0.015679380297832803,5.947701708844959e+19,2510.2653940139658,0.07884120533897343,45.82871953052043
stage2,7019,51,0.58,74929,27,"{""atr_period"": 21, ""horizon_h"": 6, ""ma_windows"": [12, 24, 72], ""mtf_intervals"": [""4h"", ""1d""], ""ret_windows"": [1, 6, 12, 24, 48], ""rsi_period"": 14, ""target_threshold"": 0.006, ""vol_windows"": [12, 48]}","{""colsample_bytree"": 0.7, ""gamma"": 0.2, ""learning_rate"": 0.07, ""max_depth"": 5, ""min_child_weight"": 5, ""n_estimators"": 250, ""subsample"": 0.7}",4,2634,0.7794229309035687,0.01651501766699506,4.024491481653965e+18,2510.2653940139658,0.05465259221013519,43.16726242677378
stage2,7019,51,0.6,74929,27,"{""atr_period"": 21, ""horizon_h"": 6, ""ma_windows"": [12, 24, 72], ""mtf_intervals"": [""4h"", ""1d""], ""ret_windows"": [1, 6, 12, 24, 48], ""rsi_period"": 14, ""target_threshold"": 0.006, ""vol_windows"": [12, 48]}","{""colsample_bytree"": 0.7, ""gamma"": 0.2, ""learning_rate"": 0.07, ""max_depth"": 5, ""min_child_weight"": 5, ""n_estimators"": 250, ""subsample"": 0.7}",4,2407,0.7989198171998338,0.01721315972837059,5.203072620272674e+17,2510.2653940139658,0.05465259221013519,41.142710755976026
stage2,7019,51,0.62,74929,27,"{""atr_period"": 21, ""horizon_h"": 6, ""ma_windows"": [12, 24, 72], ""mtf_intervals"": [""4h"", ""1d""], ""ret_windows"": [1, 6, 12, 24, 48], ""rsi_period"": 14, ""target_threshold"": 0.006, ""vol_windows"": [12, 48]}","{""colsample_bytree"": 0.7, ""gamma"": 0.2, ""learning_rate"": 0.07, ""max_depth"": 5, ""min_child_weight"": 5, ""n_estimators"": 250, ""subsample"": 0.7}",4,2226,0.8113207547169812,0.017875252256163043,1.0278840087868314e+17,2510.2653940139658,0.054652592210135076,39.53618123536414
stage2,7019,51,0.65,74929,27,"{""atr_period"": 21, ""horizon_h"": 6, ""ma_windows"": [12, 24, 72], ""mtf_intervals"": [""4h"", ""1d""], ""ret_windows"": [1, 6, 12, 24, 48], ""rsi_period"": 14, ""target_threshold"": 0.006, ""vol_windows"": [12, 48]}","{""colsample_bytree"": 0.7, ""gamma"": 0.2, ""learning_rate"": 0.07, ""max_depth"": 5, ""min_child_weight"": 5, ""n_estimators"": 250, ""subsample"": 0.7}",4,1930,0.8373056994818653,0.0190144554031812,4860521029553428.0,2510.2653940139658,0.04583266074799752,36.51896590724074
stage2,7019,58,0.52,74929,27,"{""atr_period"": 21, ""horizon_h"": 6, ""ma_windows"": [12, 24, 72], ""mtf_intervals"": [""4h"", ""1d""], ""ret_windows"": [1, 6, 12, 24, 48], ""rsi_period"": 14, ""target_threshold"": 0.006, ""vol_windows"": [12, 48]}","{""colsample_bytree"": 0.7, ""gamma"": 0.0, ""learning_rate"": 0.07, ""max_depth"": 5, ""min_child_weight"": 5, ""n_estimators"": 250, ""subsample"": 1.0}",4,3300,0.743030303030303,0.014899816026024477,1.0912277953115994e+21,2510.2653940139658,0.1256789786432767,48.692373714211435
stage2,7019,58,0.55,74929,27,"{""atr_period"": 21, ""horizon_h"": 6, ""ma_windows"": [12, 24, 72], ""mtf_intervals"": [""4h"", ""1d""], ""ret_windows"": [1, 6, 12, 24, 48], ""rsi_period"": 14, ""target_threshold"": 0.006, ""vol_windows"": [12, 48]}","{""colsample_bytree"": 0.7, ""gamma"": 0.0, ""learning_rate"": 0.07, ""max_depth"": 5, ""min_child_weight"": 5, ""n_estimators"": 250, ""subsample"": 1.0}",4,2940,0.7670068027210885,0.015813216008513004,7.766608657068887e+19,2510.2653940139658,0.07884120533897354,46.099640937291085
stage2,7019,58,0.58,74929,27,"{""atr_period"": 21, ""horizon_h"": 6, ""ma_windows"": [12, 24, 72], ""mtf_intervals"": [""4h"", ""1d""], ""ret_windows"": [1, 6, 12, 24, 48], ""rsi_period"": 14, ""target_threshold"": 0.006, ""vol_windows"": [12, 48]}","{""colsample_bytree"": 0.7, ""gamma"": 0.0, ""learning_rate"": 0.07, ""max_depth"": 5, ""min_child_weight"": 5, ""n_estimators"": 250, ""subsample"": 1.0}",4,2590,0.7934362934362934,0.016881058408351936,5.021050735078082e+18,2510.2653940139658,0.05465259221013519,43.40264210138152
stage2,7019,58,0.6,74929,27,"{""atr_period"": 21, ""horizon_h"": 6, ""ma_windows"": [12, 24, 72], ""mtf_intervals"": [""4h"", ""1d""], ""ret_windows"": [1, 6, 12, 24, 48], ""rsi_period"": 14, ""target_threshold"": 0.006, ""vol_windows"": [12, 48]}","{""colsample_bytree"": 0.7, ""gamma"": 0.0, ""learning_rate"": 0.07, ""max_depth"": 5, ""min_child_weight"": 5, ""n_estimators"": 250, ""subsample"": 1.0}",4,2371,0.8055672711935892,0.017514535273888156,5.73274262979866e+17,2510.2653940139658,0.05465259221013519,41.24738444409679
stage2,7019,58,0.62,74929,27,"{""atr_period"": 21, ""horizon_h"": 6, ""ma_windows"": [12, 24, 72], ""mtf_intervals"": [""4h"", ""1d""], ""ret_windows"": [1, 6, 12, 24, 48], ""rsi_period"": 14, ""target_threshold"": 0.006, ""vol_windows"": [12, 48]}","{""colsample_bytree"": 0.7, ""gamma"": 0.0, ""learning_rate"": 0.07, ""max_depth"": 5, ""min_child_weight"": 5, ""n_estimators"": 250, ""subsample"": 1.0}",4,2190,0.8141552511415525,0.01809376108836255,8.736986483758202e+16,2510.2653940139658,0.054652592210135076,39.377674815722806
stage2,7019,58,0.65,74929,27,"{""atr_period"": 21, ""horizon_h"": 6, ""ma_windows"": [12, 24, 72], ""mtf_intervals"": [""4h"", ""1d""], ""ret_windows"": [1, 6, 12, 24, 48], ""rsi_period"": 14, ""target_threshold"": 0.006, ""vol_windows"": [12, 48]}","{""colsample_bytree"": 0.7, ""gamma"": 0.0, ""learning_rate"": 0.07, ""max_depth"": 5, ""min_child_weight"": 5, ""n_estimators"": 250, ""subsample"": 1.0}",4,1900,0.8305263157894737,0.019043464230500955,2908244327154665.0,2510.2653940139658,0.04583266074799741,36.00017840612068
stage2,7019,50,0.52,74929,27,"{""atr_period"": 21, ""horizon_h"": 6, ""ma_windows"": [12, 24, 72], ""mtf_intervals"": [""4h"", ""1d""], ""ret_windows"": [1, 6, 12, 24, 48], ""rsi_period"": 14, ""target_threshold"": 0.006, ""vol_windows"": [12, 48]}","{""colsample_bytree"": 0.7, ""gamma"": 0.0, ""learning_rate"": 0.07, ""max_depth"": 5, ""min_child_weight"": 5, ""n_estimators"": 250, ""subsample"": 0.7}",4,3327,0.7366997294860235,0.014796361151056139,1.1583729611924813e+21,2510.2653940139658,0.05465259221013519,48.781707730432046
stage2,7019,50,0.55,74929,27,"{""atr_period"": 21, ""horizon_h"": 6, ""ma_windows"": [12, 24, 72], ""mtf_intervals"": [""4h"", ""1d""], ""ret_windows"": [1, 6, 12, 24, 48], ""rsi_period"": 14, ""target_threshold"": 0.006, ""vol_windows"": [12, 48]}","{""colsample_bytree"": 0.7, ""gamma"": 0.0, ""learning_rate"": 0.07, ""max_depth"": 5, ""min_child_weight"": 5, ""n_estimators"": 250, ""subsample"": 0.7}",4,2942,0.7624065261726717,0.015784009242782494,7.349525570581699e+19,2510.2653940139658,0.0546525922101353,46.052623528583446
stage2,7019,50,0.58,74929,27,"{""atr_period"": 21, ""horizon_h"": 6, ""ma_windows"": [12, 24, 72], ""mtf_intervals"": [""4h"", ""1d""], ""ret_windows"": [1, 6, 12, 24, 48], ""rsi_period"": 14, ""target_threshold"": 0.006, ""vol_windows"": [12, 48]}","{""colsample_bytree"": 0.7, ""gamma"": 0.0, ""learning_rate"": 0.07, ""max_depth"": 5, ""min_child_weight"": 5, ""n_estimators"": 250, ""subsample"": 0.7}",4,2633,0.7804785415875427,0.01657319495576164,4.612571178342862e+18,2510.2653940139658,0.054652592210134965,43.30495921157051
stage2,7019,50,0.6,74929,27,"{""atr_period"": 21, ""horizon_h"": 6, ""ma_windows"": [12, 24, 72], ""mtf_intervals"": [""4h"", ""1d""], ""ret_windows"": [1, 6, 12, 24, 48], ""rsi_period"": 14, ""target_threshold"": 0.006, ""vol_windows"": [12, 48]}","{""colsample_bytree"": 0.7, ""gamma"": 0.0, ""learning_rate"": 0.07, ""max_depth"": 5, ""min_child_weight"": 5, ""n_estimators"": 250, ""subsample"": 0.7}",4,2417,0.7939594538684319,0.017197176599011762,5.942176513580687e+17,2510.2653940139658,0.04583266074799763,41.275850709099785
stage2,7019,50,0.62,74929,27,"{""atr_period"": 21, ""horizon_h"": 6, ""ma_windows"": [12, 24, 72], ""mtf_intervals"": [""4h"", ""1d""], ""ret_windows"": [1, 6, 12, 24, 48], ""rsi_period"": 14, ""target_threshold"": 0.006, ""vol_windows"": [12, 48]}","{""colsample_bytree"": 0.7, ""gamma"": 0.0, ""learning_rate"": 0.07, ""max_depth"": 5, ""min_child_weight"": 5, ""n_estimators"": 250, ""subsample"": 0.7}",4,2225,0.8076404494382022,0.01780820000889648,8.74881201826913e+16,2510.2653940139658,0.04583266074799741,39.37594103896382
stage2,7019,50,0.65,74929,27,"{""atr_period"": 21, ""horizon_h"": 6, ""ma_windows"": [12, 24, 72], ""mtf_intervals"": [""4h"", ""1d""], ""ret_windows"": [1, 6, 12, 24, 48], ""rsi_period"": 14, ""target_threshold"": 0.006, ""vol_windows"": [12, 48]}","{""colsample_bytree"": 0.7, ""gamma"": 0.0, ""learning_rate"": 0.07, ""max_depth"": 5, ""min_child_weight"": 5, ""n_estimators"": 250, ""subsample"": 0.7}",4,1936,0.8305785123966942,0.018863670624892314,4065024184683050.5,2510.2653940139658,0.04583266074799752,36.33365193192678
stage2,7019,48,0.52,74929,27,"{""atr_period"": 21, ""horizon_h"": 6, ""ma_windows"": [12, 24, 72], ""mtf_intervals"": [""4h"", ""1d""], ""ret_windows"": [1, 6, 12, 24, 48], ""rsi_period"": 14, ""target_threshold"": 0.006, ""vol_windows"": [12, 48]}","{""colsample_bytree"": 0.7, ""gamma"": 0.0, ""learning_rate"": 0.07, ""max_depth"": 5, ""min_child_weight"": 1, ""n_estimators"": 250, ""subsample"": 0.7}",4,3319,0.7432961735462489,0.014927565918933223,1.5830917833318196e+21,2510.2653940139658,0.06154078183779277,49.096953787989136
stage2,7019,48,0.55,74929,27,"{""atr_period"": 21, ""horizon_h"": 6, ""ma_windows"": [12, 24, 72], ""mtf_intervals"": [""4h"", ""1d""], ""ret_windows"": [1, 6, 12, 24, 48], ""rsi_period"": 14, ""target_threshold"": 0.006, ""vol_windows"": [12, 48]}","{""colsample_bytree"": 0.7, ""gamma"": 0.0, ""learning_rate"": 0.07, ""max_depth"": 5, ""min_child_weight"": 1, ""n_estimators"": 250, ""subsample"": 0.7}",4,2943,0.7621474685694869,0.015750293829657137,6.742238911180493e+19,2510.2653940139658,0.05465259221013519,45.96590284870615
stage2,7019,48,0.58,74929,27,"{""atr_period"": 21, ""horizon_h"": 6, ""ma_windows"": [12, 24, 72], ""mtf_intervals"": [""4h"", ""1d""], ""ret_windows"": [1, 6, 12, 24, 48], ""rsi_period"": 14, ""target_threshold"": 0.006, ""vol_windows"": [12, 48]}","{""colsample_bytree"": 0.7, ""gamma"": 0.0, ""learning_rate"": 0.07, ""max_depth"": 5, ""min_child_weight"": 1, ""n_estimators"": 250, ""subsample"": 0.7}",4,2597,0.7866769349249133,0.016716310030744638,3.695956620269212e+18,2510.2653940139658,0.05465259221013519,43.08951682274406
stage2,7019,48,0.6,74929,27,"{""atr_period"": 21, ""horizon_h"": 6, ""ma_windows"": [12, 24, 72], ""mtf_intervals"": [""4h"", ""1d""], ""ret_windows"": [1, 6, 12, 24, 48], ""rsi_period"": 14, ""target_threshold"": 0.006, ""vol_windows"": [12, 48]}","{""colsample_bytree"": 0.7, ""gamma"": 0.0, ""learning_rate"": 0.07, ""max_depth"": 5, ""min_child_weight"": 1, ""n_estimators"": 250, ""subsample"": 0.7}",4,2399,0.8024176740308462,0.01743006574980121,7.620803353059578e+17,2510.2653940139658,0.05465259221013519,41.52887674106903
stage2,7019,48,0.62,74929,27,"{""atr_period"": 21, ""horizon_h"": 6, ""ma_windows"": [12, 24, 72], ""mtf_intervals"": [""4h"", ""1d""], ""ret_windows"": [1, 6, 12, 24, 48], ""rsi_period"": 14, ""target_threshold"": 0.006, ""vol_windows"": [12, 48]}","{""colsample_bytree"": 0.7, ""gamma"": 0.0, ""learning_rate"": 0.07, ""max_depth"": 5, ""min_child_weight"": 1, ""n_estimators"": 250, ""subsample"": 0.7}",4,2221,0.8176497073390365,0.0179745645940166,1.173200869115643e+17,2510.2653940139658,0.054652592210135076,39.6742723663457
stage2,7019,48,0.65,74929,27,"{""atr_period"": 21, ""horizon_h"": 6, ""ma_windows"": [12, 24, 72], ""mtf_intervals"": [""4h"", ""1d""], ""ret_windows"": [1, 6, 12, 24, 48], ""rsi_period"": 14, ""target_threshold"": 0.006, ""vol_windows"": [12, 48]}","{""colsample_bytree"": 0.7, ""gamma"": 0.0, ""learning_rate"": 0.07, ""max_depth"": 5, ""min_child_weight"": 1, ""n_estimators"": 250, ""subsample"": 0.7}",4,1980,0.8338383838383838,0.01876939771016258,7691005181930190.0,2510.2653940139658,0.04583266074799752,36.97313744112884
stage2,7019,57,0.52,74929,27,"{""atr_period"": 21, ""horizon_h"": 6, ""ma_windows"": [12, 24, 72], ""mtf_intervals"": [""4h"", ""1d""], ""ret_windows"": [1, 6, 12, 24, 48], ""rsi_period"": 14, ""target_threshold"": 0.006, ""vol_windows"": [12, 48]}","{""colsample_bytree"": 0.7, ""gamma"": 0.2, ""learning_rate"": 0.07, ""max_depth"": 5, ""min_child_weight"": 1, ""n_estimators"": 250, ""subsample"": 1.0}",4,3266,0.7455603184323332,0.014958894499673995,8.02709911453844e+20,2510.2653940139658,0.0871566229114199,48.40706616588568
stage2,7019,57,0.55,74929,27,"{""atr_period"": 21, ""horizon_h"": 6, ""ma_windows"": [12, 24, 72], ""mtf_intervals"": [""4h"", ""1d""], ""ret_windows"": [1, 6, 12, 24, 48], ""rsi_period"": 14, ""target_threshold"": 0.006, ""vol_windows"": [12, 48]}","{""colsample_bytree"": 0.7, ""gamma"": 0.2, ""learning_rate"": 0.07, ""max_depth"": 5, ""min_child_weight"": 1, ""n_estimators"": 250, ""subsample"": 1.0}",4,2910,0.7701030927835052,0.015889221790081124,6.0418280676298334e+19,2510.2653940139658,0.07884120533897365,45.85159903912281
stage2,7019,57,0.58,74929,27,"{""atr_period"": 21, ""horizon_h"": 6, ""ma_windows"": [12, 24, 72], ""mtf_intervals"": [""4h"", ""1d""], ""ret_windows"": [1, 6, 12, 24, 48], ""rsi_period"": 14, ""target_threshold"": 0.006, ""vol_windows"": [12, 48]}","{""colsample_bytree"": 0.7, ""gamma"": 0.2, ""learning_rate"": 0.07, ""max_depth"": 5, ""min_child_weight"": 1, ""n_estimators"": 250, ""subsample"": 1.0}",4,2604,0.7872503840245776,0.016666979626638597,3.6632063267029893e+18,2510.2653940139658,0.07573261296471667,43.070140321099835
stage2,7019,57,0.6,74929,27,"{""atr_period"": 21, ""horizon_h"": 6, ""ma_windows"": [12, 24, 72], ""mtf_intervals"": [""4h"", ""1d""], ""ret_windows"": [1, 6, 12, 24, 48], ""rsi_period"": 14, ""target_threshold"": 0.006, ""vol_windows"": [12, 48]}","{""colsample_bytree"": 0.7, ""gamma"": 0.2, ""learning_rate"": 0.07, ""max_depth"": 5, ""min_child_weight"": 1, ""n_estimators"": 250, ""subsample"": 1.0}",4,2398,0.7973311092577148,0.01722881565251131,4.655893194786778e+17,2510.2653940139658,0.07588403381916575,41.01983374751748
stage2,7019,57,0.62,74929,27,"{""atr_period"": 21, ""horizon_h"": 6, ""ma_windows"": [12, 24, 72], ""mtf_intervals"": [""4h"", ""1d""], ""ret_windows"": [1, 6, 12, 24, 48], ""rsi_period"": 14, ""target_threshold"": 0.006, ""vol_windows"": [12, 48]}","{""colsample_bytree"": 0.7, ""gamma"": 0.2, ""learning_rate"": 0.07, ""max_depth"": 5, ""min_child_weight"": 1, ""n_estimators"": 250, ""subsample"": 1.0}",4,2214,0.8075880758807588,0.017864417529503948,8.13010897988516e+16,2510.2653940139658,0.046270913073059194,39.302786160438636
stage2,7019,57,0.65,74929,27,"{""atr_period"": 21, ""horizon_h"": 6, ""ma_windows"": [12, 24, 72], ""mtf_intervals"": [""4h"", ""1d""], ""ret_windows"": [1, 6, 12, 24, 48], ""rsi_period"": 14, ""target_threshold"": 0.006, ""vol_windows"": [12, 48]}","{""colsample_bytree"": 0.7, ""gamma"": 0.2, ""learning_rate"": 0.07, ""max_depth"": 5, ""min_child_weight"": 1, ""n_estimators"": 250, ""subsample"": 1.0}",4,1912,0.8232217573221757,0.018841380015223327,2488997437078462.5,2510.2653940139658,0.04583266074799763,35.837048504201846
stage2,7019,61,0.52,74929,27,"{""atr_period"": 21, ""horizon_h"": 6, ""ma_windows"": [12, 24, 72], ""mtf_intervals"": [""4h"", ""1d""], ""ret_windows"": [1, 6, 12, 24, 48], ""rsi_period"": 14, ""target_threshold"": 0.006, ""vol_windows"": [12, 48]}","{""colsample_bytree"": 1.0, ""gamma"": 0.2, ""learning_rate"": 0.07, ""max_depth"": 5, ""min_child_weight"": 1, ""n_estimators"": 250, ""subsample"": 1.0}",4,3354,0.7307692307692307,0.014611801850258775,9.327707952726202e+20,2510.2653940139658,0.07884120533897365,48.546780377076885
stage2,7019,61,0.55,74929,27,"{""atr_period"": 21, ""horizon_h"": 6, ""ma_windows"": [12, 24, 72], ""mtf_intervals"": [""4h"", ""1d""], ""ret_windows"": [1, 6, 12, 24, 48], ""rsi_period"": 14, ""target_threshold"": 0.006, ""vol_windows"": [12, 48]}","{""colsample_bytree"": 1.0, ""gamma"": 0.2, ""learning_rate"": 0.07, ""max_depth"": 5, ""min_child_weight"": 1, ""n_estimators"": 250, ""subsample"": 1.0}",4,2992,0.7530080213903744,0.015450705075506839,5.999274493823846e+19,2510.2653940139658,0.07884120533897365,45.82734676615463
stage2,7019,61,0.58,74929,27,"{""atr_period"": 21, ""horizon_h"": 6, ""ma_windows"": [12, 24, 72], ""mtf_intervals"": [""4h"", ""1d""], ""ret_windows"": [1, 6, 12, 24, 48], ""rsi_period"": 14, ""target_threshold"": 0.006, ""vol_windows"": [12, 48]}","{""colsample_bytree"": 1.0, ""gamma"": 0.2, ""learning_rate"": 0.07, ""max_depth"": 5, ""min_child_weight"": 1, ""n_estimators"": 250, ""subsample"": 1.0}",4,2637,0.7796738718240425,0.016557344174701068,4.730072270750482e+18,2510.2653940139658,0.07884120533897354,43.317249403695726
stage2,7019,61,0.6,74929,27,"{""atr_period"": 21, ""horizon_h"": 6, ""ma_windows"": [12, 24, 72], ""mtf_intervals"": [""4h"", ""1d""], ""ret_windows"": [1, 6, 12, 24, 48], ""rsi_period"": 14, ""target_threshold"": 0.006, ""vol_windows"": [12, 48]}","{""colsample_bytree"": 1.0, ""gamma"": 0.2, ""learning_rate"": 0.07, ""max_depth"": 5, ""min_child_weight"": 1, ""n_estimators"": 250, ""subsample"": 1.0}",4,2439,0.7904879048790487,0.017092772047660215,6.713101943009545e+17,2510.2653940139658,0.07884120533897343,41.37771960926448
stage2,7019,61,0.62,74929,27,"{""atr_period"": 21, ""horizon_h"": 6, ""ma_windows"": [12, 24, 72], ""mtf_intervals"": [""4h"", ""1d""], ""ret_windows"": [1, 6, 12, 24, 48], ""rsi_period"": 14, ""target_threshold"": 0.006, ""vol_windows"": [12, 48]}","{""colsample_bytree"": 1.0, ""gamma"": 0.2, ""learning_rate"": 0.07, ""max_depth"": 5, ""min_child_weight"": 1, ""n_estimators"": 250, ""subsample"": 1.0}",4,2235,0.8067114093959732,0.017773358550864243,9.624406403979416e+16,2510.2653940139658,0.07588403381916586,39.45527767287705
stage2,7019,61,0.65,74929,27,"{""atr_period"": 21, ""horizon_h"": 6, ""ma_windows"": [12, 24, 72], ""mtf_intervals"": [""4h"", ""1d""], ""ret_windows"": [1, 6, 12, 24, 48], ""rsi_period"": 14, ""target_threshold"": 0.006, ""vol_windows"": [12, 48]}","{""colsample_bytree"": 1.0, ""gamma"": 0.2, ""learning_rate"": 0.07, ""max_depth"": 5, ""min_child_weight"": 1, ""n_estimators"": 250, ""subsample"": 1.0}",4,1968,0.8246951219512195,0.018693021830845757,5284112299399101.0,2510.2653940139658,0.04583266074799763,36.5898649759037
stage2,7019,38,0.52,74929,27,"{""atr_period"": 21, ""horizon_h"": 6, ""ma_windows"": [12, 24, 72], ""mtf_intervals"": [""4h"", ""1d""], ""ret_windows"": [1, 6, 12, 24, 48], ""rsi_period"": 14, ""target_threshold"": 0.006, ""vol_windows"": [12, 48]}","{""colsample_bytree"": 1.0, ""gamma"": 0.0, ""learning_rate"": 0.03, ""max_depth"": 5, ""min_child_weight"": 5, ""n_estimators"": 250, ""subsample"": 0.7}",4,3112,0.7487146529562982,0.015329080318994933,2.5574694634894347e+20,2510.2653940139658,0.07884120533897343,47.2729039009162
stage2,7019,38,0.55,74929,27,"{""atr_period"": 21, ""horizon_h"": 6, ""ma_windows"": [12, 24, 72], ""mtf_intervals"": [""4h"", ""1d""], ""ret_windows"": [1, 6, 12, 24, 48], ""rsi_period"": 14, ""target_threshold"": 0.006, ""vol_windows"": [12, 48]}","{""colsample_bytree"": 1.0, ""gamma"": 0.0, ""learning_rate"": 0.03, ""max_depth"": 5, ""min_child_weight"": 5, ""n_estimators"": 250, ""subsample"": 0.7}",4,2711,0.7731464404278864,0.016340650722675907,8.832512839696755e+18,2510.2653940139658,0.07422883788216605,43.93709916701328
stage2,7019,38,0.58,74929,27,"{""atr_period"": 21, ""horizon_h"": 6, ""ma_windows"": [12, 24, 72], ""mtf_intervals"": [""4h"", ""1d""], ""ret_windows"": [1, 6, 12, 24, 48], ""rsi_period"": 14, ""target_threshold"": 0.006, ""vol_windows"": [12, 48]}","{""colsample_bytree"": 1.0, ""gamma"": 0.0, ""learning_rate"": 0.03, ""max_depth"": 5, ""min_child_weight"": 5, ""n_estimators"": 250, ""subsample"": 0.7}",4,2348,0.8019591141396933,0.01744816548244096,3.291233971033089e+17,2510.2653940139658,0.07110468036280437,40.68080941752913
stage2,7019,38,0.6,74929,27,"{""atr_period"": 21, ""horizon_h"": 6, ""ma_windows"": [12, 24, 72], ""mtf_intervals"": [""4h"", ""1d""], ""ret_windows"": [1, 6, 12, 24, 48], ""rsi_period"": 14, ""target_threshold"": 0.006, ""vol_windows"": [12, 48]}","{""colsample_bytree"": 1.0, ""gamma"": 0.0, ""learning_rate"": 0.03, ""max_depth"": 5, ""min_child_weight"": 5, ""n_estimators"": 250, ""subsample"": 0.7}",4,2139,0.8134642356241234,0.01798110189989179,2.771381320891e+16,2510.2653940139658,0.0711046803628046,38.21977521912735
stage2,7019,38,0.62,74929,27,"{""atr_period"": 21, ""horizon_h"": 6, ""ma_windows"": [12, 24, 72], ""mtf_intervals"": [""4h"", ""1d""], ""ret_windows"": [1, 6, 12, 24, 48], ""rsi_period"": 14, ""target_threshold"": 0.006, ""vol_windows"": [12, 48]}","{""colsample_bytree"": 1.0, ""gamma"": 0.0, ""learning_rate"": 0.03, ""max_depth"": 5, ""min_child_weight"": 5, ""n_estimators"": 250, ""subsample"": 0.7}",4,1936,0.8290289256198347,0.018765522838194118,3376943000748775.5,2510.2653940139658,0.05465259221013519,36.14176828460317
stage2,7019,38,0.65,74929,27,"{""atr_period"": 21, ""horizon_h"": 6, ""ma_windows"": [12, 24, 72], ""mtf_intervals"": [""4h"", ""1d""], ""ret_windows"": [1, 6, 12, 24, 48], ""rsi_period"": 14, ""target_threshold"": 0.006, ""vol_windows"": [12, 48]}","{""colsample_bytree"": 1.0, ""gamma"": 0.0, ""learning_rate"": 0.03, ""max_depth"": 5, ""min_child_weight"": 5, ""n_estimators"": 250, ""subsample"": 0.7}",4,1666,0.8451380552220888,0.019928183511078643,152893184437506.75,2510.2653940139658,0.054652592210135076,33.06897026873702
stage2,7019,36,0.52,74929,27,"{""atr_period"": 21, ""horizon_h"": 6, ""ma_windows"": [12, 24, 72], ""mtf_intervals"": [""4h"", ""1d""], ""ret_windows"": [1, 6, 12, 24, 48], ""rsi_period"": 14, ""target_threshold"": 0.006, ""vol_windows"": [12, 48]}","{""colsample_bytree"": 1.0, ""gamma"": 0.0, ""learning_rate"": 0.03, ""max_depth"": 5, ""min_child_weight"": 1, ""n_estimators"": 250, ""subsample"": 0.7}",4,3095,0.7505654281098546,0.015381127305642006,2.3191440349769843e+20,2510.2653940139658,0.07884120533897343,47.17698078530275
stage2,7019,36,0.55,74929,27,"{""atr_period"": 21, ""horizon_h"": 6, ""ma_windows"": [12, 24, 72], ""mtf_intervals"": [""4h"", ""1d""], ""ret_windows"": [1, 6, 12, 24, 48], ""rsi_period"": 14, ""target_threshold"": 0.006, ""vol_windows"": [12, 48]}","{""colsample_bytree"": 1.0, ""gamma"": 0.0, ""learning_rate"": 0.03, ""max_depth"": 5, ""min_child_weight"": 1, ""n_estimators"": 250, ""subsample"": 0.7}",4,2689,0.7783562662699889,0.016515943742390144,9.837407857541335e+18,2510.2653940139658,0.07899211691902841,44.04804042563739
stage2,7019,36,0.58,74929,27,"{""atr_period"": 21, ""horizon_h"": 6, ""ma_windows"": [12, 24, 72], ""mtf_intervals"": [""4h"", ""1d""], ""ret_windows"": [1, 6, 12, 24, 48], ""rsi_period"": 14, ""target_threshold"": 0.006, ""vol_windows"": [12, 48]}","{""colsample_bytree"": 1.0, ""gamma"": 0.0, ""learning_rate"": 0.03, ""max_depth"": 5, ""min_child_weight"": 1, ""n_estimators"": 250, ""subsample"": 0.7}",4,2319,0.802501078050884,0.017535247987025215,2.432287356060881e+17,2510.2653940139658,0.07110468036280448,40.37950920045333
stage2,7019,36,0.6,74929,27,"{""atr_period"": 21, ""horizon_h"": 6, ""ma_windows"": [12, 24, 72], ""mtf_intervals"": [""4h"", ""1d""], ""ret_windows"": [1, 6, 12, 24, 48], ""rsi_period"": 14, ""target_threshold"": 0.006, ""vol_windows"": [12, 48]}","{""colsample_bytree"": 1.0, ""gamma"": 0.0, ""learning_rate"": 0.03, ""max_depth"": 5, ""min_child_weight"": 1, ""n_estimators"": 250, ""subsample"": 0.7}",4,2110,0.819431279620853,0.01823470314423878,2.8040827053244596e+16,2510.2653940139658,0.054652592210135076,38.2465343048671
stage2,7019,36,0.62,74929,27,"{""atr_period"": 21, ""horizon_h"": 6, ""ma_windows"": [12, 24, 72], ""mtf_intervals"": [""4h"", ""1d""], ""ret_windows"": [1, 6, 12, 24, 48], ""rsi_period"": 14, ""target_threshold"": 0.006, ""vol_windows"": [12, 48]}","{""colsample_bytree"": 1.0, ""gamma"": 0.0, ""learning_rate"": 0.03, ""max_depth"": 5, ""min_child_weight"": 1, ""n_estimators"": 250, ""subsample"": 0.7}",4,1944,0.8307613168724279,0.018779912894384628,4013009798145934.5,2510.2653940139658,0.054652592210135076,36.315839988341715
stage2,7019,36,0.65,74929,27,"{""atr_period"": 21, ""horizon_h"": 6, ""ma_windows"": [12, 24, 72], ""mtf_intervals"": [""4h"", ""1d""], ""ret_windows"": [1, 6, 12, 24, 48], ""rsi_period"": 14, ""target_threshold"": 0.006, ""vol_windows"": [12, 48]}","{""colsample_bytree"": 1.0, ""gamma"": 0.0, ""learning_rate"": 0.03, ""max_depth"": 5, ""min_child_weight"": 1, ""n_estimators"": 250, ""subsample"": 0.7}",4,1659,0.8438818565400844,0.01990436960719016,128282192781991.03,2510.2653940139658,0.054652592210135076,32.89226773030873
stage2,7019,32,0.52,74929,27,"{""atr_period"": 21, ""horizon_h"": 6, ""ma_windows"": [12, 24, 72], ""mtf_intervals"": [""4h"", ""1d""], ""ret_windows"": [1, 6, 12, 24, 48], ""rsi_period"": 14, ""target_threshold"": 0.006, ""vol_windows"": [12, 48]}","{""colsample_bytree"": 0.7, ""gamma"": 0.0, ""learning_rate"": 0.03, ""max_depth"": 5, ""min_child_weight"": 1, ""n_estimators"": 250, ""subsample"": 0.7}",4,3036,0.7529644268774703,0.015514181850485816,1.406396142270415e+20,2510.2653940139658,0.07899211691902852,46.679721302690496
stage2,7019,32,0.55,74929,27,"{""atr_period"": 21, ""horizon_h"": 6, ""ma_windows"": [12, 24, 72], ""mtf_intervals"": [""4h"", ""1d""], ""ret_windows"": [1, 6, 12, 24, 48], ""rsi_period"": 14, ""target_threshold"": 0.006, ""vol_windows"": [12, 48]}","{""colsample_bytree"": 0.7, ""gamma"": 0.0, ""learning_rate"": 0.03, ""max_depth"": 5, ""min_child_weight"": 1, ""n_estimators"": 250, ""subsample"": 0.7}",4,2634,0.7779043280182233,0.016553699214932754,4.4291216205566167e+18,2510.2653940139658,0.06154078183779299,43.25871562372092
stage2,7019,32,0.58,74929,27,"{""atr_period"": 21, ""horizon_h"": 6, ""ma_windows"": [12, 24, 72], ""mtf_intervals"": [""4h"", ""1d""], ""ret_windows"": [1, 6, 12, 24, 48], ""rsi_period"": 14, ""target_threshold"": 0.006, ""vol_windows"": [12, 48]}","{""colsample_bytree"": 0.7, ""gamma"": 0.0, ""learning_rate"": 0.03, ""max_depth"": 5, ""min_child_weight"": 1, ""n_estimators"": 250, ""subsample"": 0.7}",4,2271,0.800968736239542,0.017534803422032133,1.059867603691075e+17,2510.2653940139658,0.05465259221013519,39.55581769930642
stage2,7019,32,0.6,74929,27,"{""atr_period"": 21, ""horizon_h"": 6, ""ma_windows"": [12, 24, 72], ""mtf_intervals"": [""4h"", ""1d""], ""ret_windows"": [1, 6, 12, 24, 48], ""rsi_period"": 14, ""target_threshold"": 0.006, ""vol_windows"": [12, 48]}","{""colsample_bytree"": 0.7, ""gamma"": 0.0, ""learning_rate"": 0.03, ""max_depth"": 5, ""min_child_weight"": 1, ""n_estimators"": 250, ""subsample"": 0.7}",4,2063,0.8128938439166262,0.018266307147943965,1.2785567734145004e+16,2510.2653940139658,0.054652592210135076,37.45621264514837
stage2,7019,32,0.62,74929,27,"{""atr_period"": 21, ""horizon_h"": 6, ""ma_windows"": [12, 24, 72], ""mtf_intervals"": [""4h"", ""1d""], ""ret_windows"": [1, 6, 12, 24, 48], ""rsi_period"": 14, ""target_threshold"": 0.006, ""vol_windows"": [12, 48]}","{""colsample_bytree"": 0.7, ""gamma"": 0.0, ""learning_rate"": 0.03, ""max_depth"": 5, ""min_child_weight"": 1, ""n_estimators"": 250, ""subsample"": 0.7}",4,1862,0.8259935553168636,0.0189215004588492,1139283416094917.2,2510.2653940139658,0.05465259221013519,35.0540164291227
stage2,7019,32,0.65,74929,27,"{""atr_period"": 21, ""horizon_h"": 6, ""ma_windows"": [12, 24, 72], ""mtf_intervals"": [""4h"", ""1d""], ""ret_windows"": [1, 6, 12, 24, 48], ""rsi_period"": 14, ""target_threshold"": 0.006, ""vol_windows"": [12, 48]}","{""colsample_bytree"": 0.7, ""gamma"": 0.0, ""learning_rate"": 0.03, ""max_depth"": 5, ""min_child_weight"": 1, ""n_estimators"": 250, ""subsample"": 0.7}",4,1600,0.839375,0.020064597517202326,51743071385425.46,2510.2653940139658,0.041857261497263876,31.988399802227473
stage2,7019,42,0.52,74929,27,"{""atr_period"": 21, ""horizon_h"": 6, ""ma_windows"": [12, 24, 72], ""mtf_intervals"": [""4h"", ""1d""], ""ret_windows"": [1, 6, 12, 24, 48], ""rsi_period"": 14, ""target_threshold"": 0.006, ""vol_windows"": [12, 48]}","{""colsample_bytree"": 0.7, ""gamma"": 0.0, ""learning_rate"": 0.03, ""max_depth"": 5, ""min_child_weight"": 5, ""n_estimators"": 250, ""subsample"": 1.0}",4,2997,0.7557557557557557,0.015574110544313447,9.266429654534845e+19,2510.2653940139658,0.07884120533897354,46.26529180802912
stage2,7019,42,0.55,74929,27,"{""atr_period"": 21, ""horizon_h"": 6, ""ma_windows"": [12, 24, 72], ""mtf_intervals"": [""4h"", ""1d""], ""ret_windows"": [1, 6, 12, 24, 48], ""rsi_period"": 14, ""target_threshold"": 0.006, ""vol_windows"": [12, 48]}","{""colsample_bytree"": 0.7, ""gamma"": 0.0, ""learning_rate"": 0.03, ""max_depth"": 5, ""min_child_weight"": 5, ""n_estimators"": 250, ""subsample"": 1.0}",4,2610,0.7812260536398468,0.016628137491480028,3.6360389333367204e+18,2510.2653940139658,0.060566013874518876,43.06514949379556
stage2,7019,42,0.58,74929,27,"{""atr_period"": 21, ""horizon_h"": 6, ""ma_windows"": [12, 24, 72], ""mtf_intervals"": [""4h"", ""1d""], ""ret_windows"": [1, 6, 12, 24, 48], ""rsi_period"": 14, ""target_threshold"": 0.006, ""vol_windows"": [12, 48]}","{""colsample_bytree"": 0.7, ""gamma"": 0.0, ""learning_rate"": 0.03, ""max_depth"": 5, ""min_child_weight"": 5, ""n_estimators"": 250, ""subsample"": 1.0}",4,2244,0.8008021390374331,0.017538771116932757,6.7245039770825704e+16,2510.2653940139658,0.05465259221013519,39.10074523667809
stage2,7019,42,0.6,74929,27,"{""atr_period"": 21, ""horizon_h"": 6, ""ma_windows"": [12, 24, 72], ""mtf_intervals"": [""4h"", ""1d""], ""ret_windows"": [1, 6, 12, 24, 48], ""rsi_period"": 14, ""target_threshold"": 0.006, ""vol_windows"": [12, 48]}","{""colsample_bytree"": 0.7, ""gamma"": 0.0, ""learning_rate"": 0.03, ""max_depth"": 5, ""min_child_weight"": 5, ""n_estimators"": 250, ""subsample"": 1.0}",4,2040,0.8151960784313725,0.018295025453567735,8970253962597328.0,2510.2653940139658,0.054652592210135076,37.103881153290345
stage2,7019,42,0.62,74929,27,"{""atr_period"": 21, ""horizon_h"": 6, ""ma_windows"": [12, 24, 72], ""mtf_intervals"": [""4h"", ""1d""], ""ret_windows"": [1, 6, 12, 24, 48], ""rsi_period"": 14, ""target_threshold"": 0.006, ""vol_windows"": [12, 48]}","{""colsample_bytree"": 0.7, ""gamma"": 0.0, ""learning_rate"": 0.03, ""max_depth"": 5, ""min_child_weight"": 5, ""n_estimators"": 250, ""subsample"": 1.0}",4,1829,0.8228540185893931,0.018920690508478617,613581499800042.8,2510.2653940139658,0.054652592210135076,34.432656658100655
stage2,7019,42,0.65,74929,27,"{""atr_period"": 21, ""horizon_h"": 6, ""ma_windows"": [12, 24, 72], ""mtf_intervals"": [""4h"", ""1d""], ""ret_windows"": [1, 6, 12, 24, 48], ""rsi_period"": 14, ""target_threshold"": 0.006, ""vol_windows"": [12, 48]}","{""colsample_bytree"": 0.7, ""gamma"": 0.0, ""learning_rate"": 0.03, ""max_depth"": 5, ""min_child_weight"": 5, ""n_estimators"": 250, ""subsample"": 1.0}",4,1565,0.8421725239616613,0.02016630955920457,30206106284210.35,2510.2653940139658,0.04185726149726399,31.453205079606487
stage2,7019,44,0.52,74929,27,"{""atr_period"": 21, ""horizon_h"": 6, ""ma_windows"": [12, 24, 72], ""mtf_intervals"": [""4h"", ""1d""], ""ret_windows"": [1, 6, 12, 24, 48], ""rsi_period"": 14, ""target_threshold"": 0.006, ""vol_windows"": [12, 48]}","{""colsample_bytree"": 1.0, ""gamma"": 0.0, ""learning_rate"": 0.03, ""max_depth"": 5, ""min_child_weight"": 1, ""n_estimators"": 250, ""subsample"": 1.0}",4,3039,0.7548535702533729,0.01550424286701464,1.4314941121324402e+20,2510.2653940139658,0.07884120533897354,46.698916788822324
stage2,7019,44,0.55,74929,27,"{""atr_period"": 21, ""horizon_h"": 6, ""ma_windows"": [12, 24, 72], ""mtf_intervals"": [""4h"", ""1d""], ""ret_windows"": [1, 6, 12, 24, 48], ""rsi_period"": 14, ""target_threshold"": 0.006, ""vol_windows"": [12, 48]}","{""colsample_bytree"": 1.0, ""gamma"": 0.0, ""learning_rate"": 0.03, ""max_depth"": 5, ""min_child_weight"": 1, ""n_estimators"": 250, ""subsample"": 1.0}",4,2633,0.782757311052032,0.01665312345538563,5.651872168024761e+18,2510.2653940139658,0.07422883788216617,43.50083493888066
stage2,7019,44,0.58,74929,27,"{""atr_period"": 21, ""horizon_h"": 6, ""ma_windows"": [12, 24, 72], ""mtf_intervals"": [""4h"", ""1d""], ""ret_windows"": [1, 6, 12, 24, 48], ""rsi_period"": 14, ""target_threshold"": 0.006, ""vol_windows"": [12, 48]}","{""colsample_bytree"": 1.0, ""gamma"": 0.0, ""learning_rate"": 0.03, ""max_depth"": 5, ""min_child_weight"": 1, ""n_estimators"": 250, ""subsample"": 1.0}",4,2271,0.8049317481285777,0.017614077039272907,1.2680057637602101e+17,2510.2653940139658,0.0711046803628046,39.73069765709133
stage2,7019,44,0.6,74929,27,"{""atr_period"": 21, ""horizon_h"": 6, ""ma_windows"": [12, 24, 72], ""mtf_intervals"": [""4h"", ""1d""], ""ret_windows"": [1, 6, 12, 24, 48], ""rsi_period"": 14, ""target_threshold"": 0.006, ""vol_windows"": [12, 48]}","{""colsample_bytree"": 1.0, ""gamma"": 0.0, ""learning_rate"": 0.03, ""max_depth"": 5, ""min_child_weight"": 1, ""n_estimators"": 250, ""subsample"": 1.0}",4,2056,0.818579766536965,0.018348039374695216,1.333523538296802e+16,2510.2653940139658,0.05465259221013519,37.5035080360271
stage2,7019,44,0.62,74929,27,"{""atr_period"": 21, ""horizon_h"": 6, ""ma_windows"": [12, 24, 72], ""mtf_intervals"": [""4h"", ""1d""], ""ret_windows"": [1, 6, 12, 24, 48], ""rsi_period"": 14, ""target_threshold"": 0.006, ""vol_windows"": [12, 48]}","{""colsample_bytree"": 1.0, ""gamma"": 0.0, ""learning_rate"": 0.03, ""max_depth"": 5, ""min_child_weight"": 1, ""n_estimators"": 250, ""subsample"": 1.0}",4,1873,0.8286171916711158,0.018923240263893595,1407556428824935.2,2510.2653940139658,0.0546525922101353,35.2675849460092
stage2,7019,44,0.65,74929,27,"{""atr_period"": 21, ""horizon_h"": 6, ""ma_windows"": [12, 24, 72], ""mtf_intervals"": [""4h"", ""1d""], ""ret_windows"": [1, 6, 12, 24, 48], ""rsi_period"": 14, ""target_threshold"": 0.006, ""vol_windows"": [12, 48]}","{""colsample_bytree"": 1.0, ""gamma"": 0.0, ""learning_rate"": 0.03, ""max_depth"": 5, ""min_child_weight"": 1, ""n_estimators"": 250, ""subsample"": 1.0}",4,1625,0.8461538461538461,0.01993473430600164,69214754488476.57,2510.2653940139658,0.041857261497263876,32.2837074915989
stage2,7019,23,0.52,74929,27,"{""atr_period"": 21, ""horizon_h"": 6, ""ma_windows"": [12, 24, 72], ""mtf_intervals"": [""4h"", ""1d""], ""ret_windows"": [1, 6, 12, 24, 48], ""rsi_period"": 14, ""target_threshold"": 0.006, ""vol_windows"": [12, 48]}","{""colsample_bytree"": 1.0, ""gamma"": 0.2, ""learning_rate"": 0.07, ""max_depth"": 3, ""min_child_weight"": 5, ""n_estimators"": 250, ""subsample"": 0.7}",4,2844,0.749648382559775,0.01566404664572154,1.1264444858281982e+19,2510.2653940139658,0.060566013874518876,44.16293103861552
stage2,7019,23,0.55,74929,27,"{""atr_period"": 21, ""horizon_h"": 6, ""ma_windows"": [12, 24, 72], ""mtf_intervals"": [""4h"", ""1d""], ""ret_windows"": [1, 6, 12, 24, 48], ""rsi_period"": 14, ""target_threshold"": 0.006, ""vol_windows"": [12, 48]}","{""colsample_bytree"": 1.0, ""gamma"": 0.2, ""learning_rate"": 0.07, ""max_depth"": 3, ""min_child_weight"": 5, ""n_estimators"": 250, ""subsample"": 0.7}",4,2437,0.7739023389413213,0.01672841833862497,2.678873936910486e+17,2510.2653940139658,0.060566013874518876,40.452009325254416
stage2,7019,23,0.58,74929,27,"{""atr_period"": 21, ""horizon_h"": 6, ""ma_windows"": [12, 24, 72], ""mtf_intervals"": [""4h"", ""1d""], ""ret_windows"": [1, 6, 12, 24, 48], ""rsi_period"": 14, ""target_threshold"": 0.006, ""vol_windows"": [12, 48]}","{""colsample_bytree"": 1.0, ""gamma"": 0.2, ""learning_rate"": 0.07, ""max_depth"": 3, ""min_child_weight"": 5, ""n_estimators"": 250, ""subsample"": 0.7}",4,2109,0.7961119013750593,0.017855542569468547,1.2374400008589302e+16,2510.2653940139658,0.05465259221013519,37.40681378358637
stage2,7019,23,0.6,74929,27,"{""atr_period"": 21, ""horizon_h"": 6, ""ma_windows"": [12, 24, 72], ""mtf_intervals"": [""4h"", ""1d""], ""ret_windows"": [1, 6, 12, 24, 48], ""rsi_period"": 14, ""target_threshold"": 0.006, ""vol_windows"": [12, 48]}","{""colsample_bytree"": 1.0, ""gamma"": 0.2, ""learning_rate"": 0.07, ""max_depth"": 3, ""min_child_weight"": 5, ""n_estimators"": 250, ""subsample"": 0.7}",4,1897,0.8112809699525567,0.018566260265095384,1122575913388066.4,2510.2653940139658,0.054652592210135076,35.024630924089486
stage2,7019,23,0.62,74929,27,"{""atr_period"": 21, ""horizon_h"": 6, ""ma_windows"": [12, 24, 72], ""mtf_intervals"": [""4h"", ""1d""], ""ret_windows"": [1, 6, 12, 24, 48], ""rsi_period"": 14, ""target_threshold"": 0.006, ""vol_windows"": [12, 48]}","{""colsample_bytree"": 1.0, ""gamma"": 0.2, ""learning_rate"": 0.07, ""max_depth"": 3, ""min_child_weight"": 5, ""n_estimators"": 250, ""subsample"": 0.7}",4,1713,0.822533566841798,0.01920097879232751,112719274475358.75,2510.2653940139658,0.05465259221013519,32.74022993468431
stage2,7019,23,0.65,74929,27,"{""atr_period"": 21, ""horizon_h"": 6, ""ma_windows"": [12, 24, 72], ""mtf_intervals"": [""4h"", ""1d""], ""ret_windows"": [1, 6, 12, 24, 48], ""rsi_period"": 14, ""target_threshold"": 0.006, ""vol_windows"": [12, 48]}","{""colsample_bytree"": 1.0, ""gamma"": 0.2, ""learning_rate"": 0.07, ""max_depth"": 3, ""min_child_weight"": 5, ""n_estimators"": 250, ""subsample"": 0.7}",4,1424,0.8469101123595506,0.020470521436459506,2810161721643.6313,2510.2653940139658,0.05465259221013519,29.07822911507873
stage2,5183,51,0.52,74772,27,"{""atr_period"": 21, ""horizon_h"": 6, ""ma_windows"": [12, 24, 72], ""mtf_intervals"": [""4h"", ""1d""], ""ret_windows"": [1, 2, 4, 8, 24], ""rsi_period"": 21, ""target_threshold"": 0.006, ""vol_windows"": [24, 48]}","{""colsample_bytree"": 0.7, ""gamma"": 0.2, ""learning_rate"": 0.07, ""max_depth"": 5, ""min_child_weight"": 5, ""n_estimators"": 250, ""subsample"": 0.7}",4,3368,0.7330760095011877,0.01461459597430204,1.1462029886530014e+21,2192.578913547333,0.1256789786432766,48.731279769525386
stage2,5183,51,0.55,74772,27,"{""atr_period"": 21, ""horizon_h"": 6, ""ma_windows"": [12, 24, 72], ""mtf_intervals"": [""4h"", ""1d""], ""ret_windows"": [1, 2, 4, 8, 24], ""rsi_period"": 21, ""target_threshold"": 0.006, ""vol_windows"": [24, 48]}","{""colsample_bytree"": 0.7, ""gamma"": 0.2, ""learning_rate"": 0.07, ""max_depth"": 5, ""min_child_weight"": 5, ""n_estimators"": 250, ""subsample"": 0.7}",4,3008,0.7533244680851063,0.015467230702866958,8.000793789164454e+19,2192.578913547333,0.07588403381916575,46.11711293047136
stage2,5183,51,0.58,74772,27,"{""atr_period"": 21, ""horizon_h"": 6, ""ma_windows"": [12, 24, 72], ""mtf_intervals"": [""4h"", ""1d""], ""ret_windows"": [1, 2, 4, 8, 24], ""rsi_period"": 21, ""target_threshold"": 0.006, ""vol_windows"": [24, 48]}","{""colsample_bytree"": 0.7, ""gamma"": 0.2, ""learning_rate"": 0.07, ""max_depth"": 5, ""min_child_weight"": 5, ""n_estimators"": 250, ""subsample"": 0.7}",4,2660,0.774812030075188,0.016358552835758718,4.096769331912432e+18,2192.578913547333,0.054652592210135076,43.18012211980818
stage2,5183,51,0.6,74772,27,"{""atr_period"": 21, ""horizon_h"": 6, ""ma_windows"": [12, 24, 72], ""mtf_intervals"": [""4h"", ""1d""], ""ret_windows"": [1, 2, 4, 8, 24], ""rsi_period"": 21, ""target_threshold"": 0.006, ""vol_windows"": [24, 48]}","{""colsample_bytree"": 0.7, ""gamma"": 0.2, ""learning_rate"": 0.07, ""max_depth"": 5, ""min_child_weight"": 5, ""n_estimators"": 250, ""subsample"": 0.7}",4,2434,0.7933442892358258,0.017103763269599125,6.40188640633744e+17,2192.578913547333,0.054652592210135076,41.34471852026447
stage2,5183,51,0.62,74772,27,"{""atr_period"": 21, ""horizon_h"": 6, ""ma_windows"": [12, 24, 72], ""mtf_intervals"": [""4h"", ""1d""], ""ret_windows"": [1, 2, 4, 8, 24], ""rsi_period"": 21, ""target_threshold"": 0.006, ""vol_windows"": [24, 48]}","{""colsample_bytree"": 0.7, ""gamma"": 0.2, ""learning_rate"": 0.07, ""max_depth"": 5, ""min_child_weight"": 5, ""n_estimators"": 250, ""subsample"": 0.7}",4,2223,0.811965811965812,0.01776698078472815,7.787999852919366e+16,2192.578913547333,0.05465259221013519,39.25832775627455
stage2,5183,51,0.65,74772,27,"{""atr_period"": 21, ""horizon_h"": 6, ""ma_windows"": [12, 24, 72], ""mtf_intervals"": [""4h"", ""1d""], ""ret_windows"": [1, 2, 4, 8, 24], ""rsi_period"": 21, ""target_threshold"": 0.006, ""vol_windows"": [24, 48]}","{""colsample_bytree"": 0.7, ""gamma"": 0.2, ""learning_rate"": 0.07, ""max_depth"": 5, ""min_child_weight"": 5, ""n_estimators"": 250, ""subsample"": 0.7}",4,1935,0.8217054263565892,0.018609579589159275,2479565683463129.5,2192.578913547333,0.0546525922101353,35.82577449380859
stage2,5183,58,0.52,74772,27,"{""atr_period"": 21, ""horizon_h"": 6, ""ma_windows"": [12, 24, 72], ""mtf_intervals"": [""4h"", ""1d""], ""ret_windows"": [1, 2, 4, 8, 24], ""rsi_period"": 21, ""target_threshold"": 0.006, ""vol_windows"": [24, 48]}","{""colsample_bytree"": 0.7, ""gamma"": 0.0, ""learning_rate"": 0.07, ""max_depth"": 5, ""min_child_weight"": 5, ""n_estimators"": 250, ""subsample"": 1.0}",4,3295,0.7405159332321699,0.014906568171578921,1.0412465491106921e+21,2192.578913547333,0.07092643614738747,48.67090762707365
stage2,5183,58,0.55,74772,27,"{""atr_period"": 21, ""horizon_h"": 6, ""ma_windows"": [12, 24, 72], ""mtf_intervals"": [""4h"", ""1d""], ""ret_windows"": [1, 2, 4, 8, 24], ""rsi_period"": 21, ""target_threshold"": 0.006, ""vol_windows"": [24, 48]}","{""colsample_bytree"": 0.7, ""gamma"": 0.0, ""learning_rate"": 0.07, ""max_depth"": 5, ""min_child_weight"": 5, ""n_estimators"": 250, ""subsample"": 1.0}",4,2921,0.7596713454296474,0.015748947732071677,4.790287767029653e+19,2192.578913547333,0.0650782298642072,45.6168967963975
stage2,5183,58,0.58,74772,27,"{""atr_period"": 21, ""horizon_h"": 6, ""ma_windows"": [12, 24, 72], ""mtf_intervals"": [""4h"", ""1d""], ""ret_windows"": [1, 2, 4, 8, 24], ""rsi_period"": 21, ""target_threshold"": 0.006, ""vol_windows"": [24, 48]}","{""colsample_bytree"": 0.7, ""gamma"": 0.0, ""learning_rate"": 0.07, ""max_depth"": 5, ""min_child_weight"": 5, ""n_estimators"": 250, ""subsample"": 1.0}",4,2594,0.7791056283731689,0.016600418507882735,2.613746895481628e+18,2192.578913547333,0.06507822986420708,42.73086519371823
stage2,5183,58,0.6,74772,27,"{""atr_period"": 21, ""horizon_h"": 6, ""ma_windows"": [12, 24, 72], ""mtf_intervals"": [""4h"", ""1d""], ""ret_windows"": [1, 2, 4, 8, 24], ""rsi_period"": 21, ""target_threshold"": 0.006, ""vol_windows"": [24, 48]}","{""colsample_bytree"": 0.7, ""gamma"": 0.0, ""learning_rate"": 0.07, ""max_depth"": 5, ""min_child_weight"": 5, ""n_estimators"": 250, ""subsample"": 1.0}",4,2378,0.7943650126156434,0.01727302096575862,3.6631367824036794e+17,2192.578913547333,0.0650782298642072,40.783403468518294
stage2,5183,58,0.62,74772,27,"{""atr_period"": 21, ""horizon_h"": 6, ""ma_windows"": [12, 24, 72], ""mtf_intervals"": [""4h"", ""1d""], ""ret_windows"": [1, 2, 4, 8, 24], ""rsi_period"": 21, ""target_threshold"": 0.006, ""vol_windows"": [24, 48]}","{""colsample_bytree"": 0.7, ""gamma"": 0.0, ""learning_rate"": 0.07, ""max_depth"": 5, ""min_child_weight"": 5, ""n_estimators"": 250, ""subsample"": 1.0}",4,2176,0.8079044117647058,0.017853618656192043,4.0609775484566584e+16,2192.578913547333,0.06507822986420708,38.59939857174774
stage2,5183,58,0.65,74772,27,"{""atr_period"": 21, ""horizon_h"": 6, ""ma_windows"": [12, 24, 72], ""mtf_intervals"": [""4h"", ""1d""], ""ret_windows"": [1, 2, 4, 8, 24], ""rsi_period"": 21, ""target_threshold"": 0.006, ""vol_windows"": [24, 48]}","{""colsample_bytree"": 0.7, ""gamma"": 0.0, ""learning_rate"": 0.07, ""max_depth"": 5, ""min_child_weight"": 5, ""n_estimators"": 250, ""subsample"": 1.0}",4,1896,0.8285864978902954,0.018873063480787218,1966677231999631.8,2192.578913547333,0.054652592210135076,35.60164923939649
stage2,5183,50,0.52,74772,27,"{""atr_period"": 21, ""horizon_h"": 6, ""ma_windows"": [12, 24, 72], ""mtf_intervals"": [""4h"", ""1d""], ""ret_windows"": [1, 2, 4, 8, 24], ""rsi_period"": 21, ""target_threshold"": 0.006, ""vol_windows"": [24, 48]}","{""colsample_bytree"": 0.7, ""gamma"": 0.0, ""learning_rate"": 0.07, ""max_depth"": 5, ""min_child_weight"": 5, ""n_estimators"": 250, ""subsample"": 0.7}",4,3347,0.7328951299671348,0.014728508003834287,1.2313191554928038e+21,2192.578913547333,0.1256789786432767,48.803677710382274
stage2,5183,50,0.55,74772,27,"{""atr_period"": 21, ""horizon_h"": 6, ""ma_windows"": [12, 24, 72], ""mtf_intervals"": [""4h"", ""1d""], ""ret_windows"": [1, 2, 4, 8, 24], ""rsi_period"": 21, ""target_threshold"": 0.006, ""vol_windows"": [24, 48]}","{""colsample_bytree"": 0.7, ""gamma"": 0.0, ""learning_rate"": 0.07, ""max_depth"": 5, ""min_child_weight"": 5, ""n_estimators"": 250, ""subsample"": 0.7}",4,3002,0.7551632245169887,0.015593655022792599,1.057644152457767e+20,2192.578913547333,0.0757326129647169,46.39875931022369
stage2,5183,50,0.58,74772,27,"{""atr_period"": 21, ""horizon_h"": 6, ""ma_windows"": [12, 24, 72], ""mtf_intervals"": [""4h"", ""1d""], ""ret_windows"": [1, 2, 4, 8, 24], ""rsi_period"": 21, ""target_threshold"": 0.006, ""vol_windows"": [24, 48]}","{""colsample_bytree"": 0.7, ""gamma"": 0.0, ""learning_rate"": 0.07, ""max_depth"": 5, ""min_child_weight"": 5, ""n_estimators"": 250, ""subsample"": 0.7}",4,2655,0.7721280602636534,0.01642375860440905,4.4586859285517737e+18,2192.578913547333,0.05465259221013519,43.263151982598686
stage2,5183,50,0.6,74772,27,"{""atr_period"": 21, ""horizon_h"": 6, ""ma_windows"": [12, 24, 72], ""mtf_intervals"": [""4h"", ""1d""], ""ret_windows"": [1, 2, 4, 8, 24], ""rsi_period"": 21, ""target_threshold"": 0.006, ""vol_windows"": [24, 48]}","{""colsample_bytree"": 0.7, ""gamma"": 0.0, ""learning_rate"": 0.07, ""max_depth"": 5, ""min_child_weight"": 5, ""n_estimators"": 250, ""subsample"": 0.7}",4,2424,0.7879537953795379,0.017067193816949773,4.918651974896844e+17,2192.578913547333,0.05465259221013519,41.07655537575325
stage2,5183,50,0.62,74772,27,"{""atr_period"": 21, ""horizon_h"": 6, ""ma_windows"": [12, 24, 72], ""mtf_intervals"": [""4h"", ""1d""], ""ret_windows"": [1, 2, 4, 8, 24], ""rsi_period"": 21, ""target_threshold"": 0.006, ""vol_windows"": [24, 48]}","{""colsample_bytree"": 0.7, ""gamma"": 0.0, ""learning_rate"": 0.07, ""max_depth"": 5, ""min_child_weight"": 5, ""n_estimators"": 250, ""subsample"": 0.7}",4,2236,0.804561717352415,0.017775554937382622,9.873426644037138e+16,2192.578913547333,0.05465259221013519,39.4897359760878
stage2,5183,50,0.65,74772,27,"{""atr_period"": 21, ""horizon_h"": 6, ""ma_windows"": [12, 24, 72], ""mtf_intervals"": [""4h"", ""1d""], ""ret_windows"": [1, 2, 4, 8, 24], ""rsi_period"": 21, ""target_threshold"": 0.006, ""vol_windows"": [24, 48]}","{""colsample_bytree"": 0.7, ""gamma"": 0.0, ""learning_rate"": 0.07, ""max_depth"": 5, ""min_child_weight"": 5, ""n_estimators"": 250, ""subsample"": 0.7}",4,1930,0.8227979274611399,0.018778687387203553,3101924238769442.0,2192.578913547333,0.054652592210135076,36.051940580978616
stage2,5183,48,0.52,74772,27,"{""atr_period"": 21, ""horizon_h"": 6, ""ma_windows"": [12, 24, 72], ""mtf_intervals"": [""4h"", ""1d""], ""ret_windows"": [1, 2, 4, 8, 24], ""rsi_period"": 21, ""target_threshold"": 0.006, ""vol_windows"": [24, 48]}","{""colsample_bytree"": 0.7, ""gamma"": 0.0, ""learning_rate"": 0.07, ""max_depth"": 5, ""min_child_weight"": 1, ""n_estimators"": 250, ""subsample"": 0.7}",4,3366,0.7349970291146761,0.014690723412753936,1.4394384199947513e+21,2192.578913547333,0.07884120533897354,48.98464281220804
stage2,5183,48,0.55,74772,27,"{""atr_period"": 21, ""horizon_h"": 6, ""ma_windows"": [12, 24, 72], ""mtf_intervals"": [""4h"", ""1d""], ""ret_windows"": [1, 2, 4, 8, 24], ""rsi_period"": 21, ""target_threshold"": 0.006, ""vol_windows"": [24, 48]}","{""colsample_bytree"": 0.7, ""gamma"": 0.0, ""learning_rate"": 0.07, ""max_depth"": 5, ""min_child_weight"": 1, ""n_estimators"": 250, ""subsample"": 0.7}",4,2998,0.7501667778519012,0.015472639930712115,6.959632389347125e+19,2192.578913547333,0.07899211691902874,45.97366190548346
stage2,5183,48,0.58,74772,27,"{""atr_period"": 21, ""horizon_h"": 6, ""ma_windows"": [12, 24, 72], ""mtf_intervals"": [""4h"", ""1d""], ""ret_windows"": [1, 2, 4, 8, 24], ""rsi_period"": 21, ""target_threshold"": 0.006, ""vol_windows"": [24, 48]}","{""colsample_bytree"": 0.7, ""gamma"": 0.0, ""learning_rate"": 0.07, ""max_depth"": 5, ""min_child_weight"": 1, ""n_estimators"": 250, ""subsample"": 0.7}",4,2679,0.7734229189996267,0.016436543510330734,6.781533696564496e+18,2192.578913547333,0.0650782298642072,43.678426527546804
stage2,5183,48,0.6,74772,27,"{""atr_period"": 21, ""horizon_h"": 6, ""ma_windows"": [12, 24, 72], ""mtf_intervals"": [""4h"", ""1d""], ""ret_windows"": [1, 2, 4, 8, 24], ""rsi_period"": 21, ""target_threshold"": 0.006, ""vol_windows"": [24, 48]}","{""colsample_bytree"": 0.7, ""gamma"": 0.0, ""learning_rate"": 0.07, ""max_depth"": 5, ""min_child_weight"": 1, ""n_estimators"": 250, ""subsample"": 0.7}",4,2443,0.7928776094965206,0.0171976774376931,9.204103542919072e+17,2192.578913547333,0.05465259221013519,41.70815321377622
stage2,5183,48,0.62,74772,27,"{""atr_period"": 21, ""horizon_h"": 6, ""ma_windows"": [12, 24, 72], ""mtf_intervals"": [""4h"", ""1d""], ""ret_windows"": [1, 2, 4, 8, 24], ""rsi_period"": 21, ""target_threshold"": 0.006, ""vol_windows"": [24, 48]}","{""colsample_bytree"": 0.7, ""gamma"": 0.0, ""learning_rate"": 0.07, ""max_depth"": 5, ""min_child_weight"": 1, ""n_estimators"": 250, ""subsample"": 0.7}",4,2243,0.8047258136424431,0.017810288061476928,1.197838431233354e+17,2192.578913547333,0.0546525922101353,39.68340186538302
stage2,5183,48,0.65,74772,27,"{""atr_period"": 21, ""horizon_h"": 6, ""ma_windows"": [12, 24, 72], ""mtf_intervals"": [""4h"", ""1d""], ""ret_windows"": [1, 2, 4, 8, 24], ""rsi_period"": 21, ""target_threshold"": 0.006, ""vol_windows"": [24, 48]}","{""colsample_bytree"": 0.7, ""gamma"": 0.0, ""learning_rate"": 0.07, ""max_depth"": 5, ""min_child_weight"": 1, ""n_estimators"": 250, ""subsample"": 0.7}",4,1970,0.8238578680203046,0.01857416398085041,4390899532279093.5,2192.578913547333,0.05465259221013519,36.398663816012785
stage2,5183,57,0.52,74772,27,"{""atr_period"": 21, ""horizon_h"": 6, ""ma_windows"": [12, 24, 72], ""mtf_intervals"": [""4h"", ""1d""], ""ret_windows"": [1, 2, 4, 8, 24], ""rsi_period"": 21, ""target_threshold"": 0.006, ""vol_windows"": [24, 48]}","{""colsample_bytree"": 0.7, ""gamma"": 0.2, ""learning_rate"": 0.07, ""max_depth"": 5, ""min_child_weight"": 1, ""n_estimators"": 250, ""subsample"": 1.0}",4,3279,0.7368100030497102,0.014823105367031417,6.234773771178338e+20,2192.578913547333,0.1256789786432766,48.1270375107167
stage2,5183,57,0.55,74772,27,"{""atr_period"": 21, ""horizon_h"": 6, ""ma_windows"": [12, 24, 72], ""mtf_intervals"": [""4h"", ""1d""], ""ret_windows"": [1, 2, 4, 8, 24], ""rsi_period"": 21, ""target_threshold"": 0.006, ""vol_windows"": [24, 48]}","{""colsample_bytree"": 0.7, ""gamma"": 0.2, ""learning_rate"": 0.07, ""max_depth"": 5, ""min_child_weight"": 1, ""n_estimators"": 250, ""subsample"": 1.0}",4,2910,0.7601374570446735,0.015749952246276903,4.036894418371783e+19,2192.578913547333,0.086491815202144,45.43545613093325
stage2,5183,57,0.58,74772,27,"{""atr_period"": 21, ""horizon_h"": 6, ""ma_windows"": [12, 24, 72], ""mtf_intervals"": [""4h"", ""1d""], ""ret_windows"": [1, 2, 4, 8, 24], ""rsi_period"": 21, ""target_threshold"": 0.006, ""vol_windows"": [24, 48]}","{""colsample_bytree"": 0.7, ""gamma"": 0.2, ""learning_rate"": 0.07, ""max_depth"": 5, ""min_child_weight"": 1, ""n_estimators"": 250, ""subsample"": 1.0}",4,2554,0.7850430696945967,0.01679514410859519,2.2144095314810967e+18,2192.578913547333,0.06507822986420708,42.571373958334796
stage2,5183,57,0.6,74772,27,"{""atr_period"": 21, ""horizon_h"": 6, ""ma_windows"": [12, 24, 72], ""mtf_intervals"": [""4h"", ""1d""], ""ret_windows"": [1, 2, 4, 8, 24], ""rsi_period"": 21, ""target_threshold"": 0.006, ""vol_windows"": [24, 48]}","{""colsample_bytree"": 0.7, ""gamma"": 0.2, ""learning_rate"": 0.07, ""max_depth"": 5, ""min_child_weight"": 1, ""n_estimators"": 250, ""subsample"": 1.0}",4,2347,0.7997443544951002,0.017369293276770517,2.7005687914034048e+17,2192.578913547333,0.06507822986420697,40.48361971008351
stage2,5183,57,0.62,74772,27,"{""atr_period"": 21, ""horizon_h"": 6, ""ma_windows"": [12, 24, 72], ""mtf_intervals"": [""4h"", ""1d""], ""ret_windows"": [1, 2, 4, 8, 24], ""rsi_period"": 21, ""target_threshold"": 0.006, ""vol_windows"": [24, 48]}","{""colsample_bytree"": 0.7, ""gamma"": 0.2, ""learning_rate"": 0.07, ""max_depth"": 5, ""min_child_weight"": 1, ""n_estimators"": 250, ""subsample"": 1.0}",4,2139,0.8115942028985508,0.017912108643875522,2.397081453108276e+16,2192.578913547333,0.0546525922101353,38.08085935941611
stage2,5183,57,0.65,74772,27,"{""atr_period"": 21, ""horizon_h"": 6, ""ma_windows"": [12, 24, 72], ""mtf_intervals"": [""4h"", ""1d""], ""ret_windows"": [1, 2, 4, 8, 24], ""rsi_period"": 21, ""target_threshold"": 0.006, ""vol_windows"": [24, 48]}","{""colsample_bytree"": 0.7, ""gamma"": 0.2, ""learning_rate"": 0.07, ""max_depth"": 5, ""min_child_weight"": 1, ""n_estimators"": 250, ""subsample"": 1.0}",4,1863,0.831454643048846,0.018898373197957074,1120697589577533.9,2192.578913547333,0.04583266074799741,35.046162103814304
stage2,5183,61,0.52,74772,27,"{""atr_period"": 21, ""horizon_h"": 6, ""ma_windows"": [12, 24, 72], ""mtf_intervals"": [""4h"", ""1d""], ""ret_windows"": [1, 2, 4, 8, 24], ""rsi_period"": 21, ""target_threshold"": 0.006, ""vol_windows"": [24, 48]}","{""colsample_bytree"": 1.0, ""gamma"": 0.2, ""learning_rate"": 0.07, ""max_depth"": 5, ""min_child_weight"": 1, ""n_estimators"": 250, ""subsample"": 1.0}",4,3303,0.7381168634574629,0.01481188942720982,8.586905005305239e+20,2192.578913547333,0.08546362557743126,48.468197022287704
stage2,5183,61,0.55,74772,27,"{""atr_period"": 21, ""horizon_h"": 6, ""ma_windows"": [12, 24, 72], ""mtf_intervals"": [""4h"", ""1d""], ""ret_windows"": [1, 2, 4, 8, 24], ""rsi_period"": 21, ""target_threshold"": 0.006, ""vol_windows"": [24, 48]}","{""colsample_bytree"": 1.0, ""gamma"": 0.2, ""learning_rate"": 0.07, ""max_depth"": 5, ""min_child_weight"": 1, ""n_estimators"": 250, ""subsample"": 1.0}",4,2962,0.7555705604321404,0.015576717315390235,5.48551221825281e+19,2192.578913547333,0.07884120533897365,45.74087682573182
stage2,5183,61,0.58,74772,27,"{""atr_period"": 21, ""horizon_h"": 6, ""ma_windows"": [12, 24, 72], ""mtf_intervals"": [""4h"", ""1d""], ""ret_windows"": [1, 2, 4, 8, 24], ""rsi_period"": 21, ""target_threshold"": 0.006, ""vol_windows"": [24, 48]}","{""colsample_bytree"": 1.0, ""gamma"": 0.2, ""learning_rate"": 0.07, ""max_depth"": 5, ""min_child_weight"": 1, ""n_estimators"": 250, ""subsample"": 1.0}",4,2646,0.7770219198790628,0.01642151372442392,3.8485591086129444e+18,2192.578913547333,0.075732612964717,43.10935383385385
stage2,5183,61,0.6,74772,27,"{""atr_period"": 21, ""horizon_h"": 6, ""ma_windows"": [12, 24, 72], ""mtf_intervals"": [""4h"", ""1d""], ""ret_windows"": [1, 2, 4, 8, 24], ""rsi_period"": 21, ""target_threshold"": 0.006, ""vol_windows"": [24, 48]}","{""colsample_bytree"": 1.0, ""gamma"": 0.2, ""learning_rate"": 0.07, ""max_depth"": 5, ""min_child_weight"": 1, ""n_estimators"": 250, ""subsample"": 1.0}",4,2429,0.7941539728283245,0.01701798918249086,4.7852099968536557e+17,2192.578913547333,0.07573261296471667,41.043077276570735
stage2,5183,61,0.62,74772,27,"{""atr_period"": 21, ""horizon_h"": 6, ""ma_windows"": [12, 24, 72], ""mtf_intervals"": [""4h"", ""1d""], ""ret_windows"": [1, 2, 4, 8, 24], ""rsi_period"": 21, ""target_threshold"": 0.006, ""vol_windows"": [24, 48]}","{""colsample_bytree"": 1.0, ""gamma"": 0.2, ""learning_rate"": 0.07, ""max_depth"": 5, ""min_child_weight"": 1, ""n_estimators"": 250, ""subsample"": 1.0}",4,2229,0.8066397487662629,0.017706976888906784,7.515337406318445e+16,2192.578913547333,0.07573261296471678,39.207408715457404
stage2,5183,61,0.65,74772,27,"{""atr_period"": 21, ""horizon_h"": 6, ""ma_windows"": [12, 24, 72], ""mtf_intervals"": [""4h"", ""1d""], ""ret_windows"": [1, 2, 4, 8, 24], ""rsi_period"": 21, ""target_threshold"": 0.006, ""vol_windows"": [24, 48]}","{""colsample_bytree"": 1.0, ""gamma"": 0.2, ""learning_rate"": 0.07, ""max_depth"": 5, ""min_child_weight"": 1, ""n_estimators"": 250, ""subsample"": 1.0}",4,1937,0.8270521424883841,0.018741239085214047,3282457319470927.0,2192.578913547333,0.0650782298642072,36.10640123131525
stage2,5183,38,0.52,74772,27,"{""atr_period"": 21, ""horizon_h"": 6, ""ma_windows"": [12, 24, 72], ""mtf_intervals"": [""4h"", ""1d""], ""ret_windows"": [1, 2, 4, 8, 24], ""rsi_period"": 21, ""target_threshold"": 0.006, ""vol_windows"": [24, 48]}","{""colsample_bytree"": 1.0, ""gamma"": 0.0, ""learning_rate"": 0.03, ""max_depth"": 5, ""min_child_weight"": 5, ""n_estimators"": 250, ""subsample"": 0.7}",4,3138,0.7517527087316762,0.015274396991158571,3.218474853911401e+20,2192.578913547333,0.0757326129647169,47.506340495809305
stage2,5183,38,0.55,74772,27,"{""atr_period"": 21, ""horizon_h"": 6, ""ma_windows"": [12, 24, 72], ""mtf_intervals"": [""4h"", ""1d""], ""ret_windows"": [1, 2, 4, 8, 24], ""rsi_period"": 21, ""target_threshold"": 0.006, ""vol_windows"": [24, 48]}","{""colsample_bytree"": 1.0, ""gamma"": 0.0, ""learning_rate"": 0.03, ""max_depth"": 5, ""min_child_weight"": 5, ""n_estimators"": 250, ""subsample"": 0.7}",4,2745,0.7730418943533698,0.016357651673722384,1.6158023889562692e+19,2192.578913547333,0.07092643614738747,44.54277994624553
stage2,5183,38,0.58,74772,27,"{""atr_period"": 21, ""horizon_h"": 6, ""ma_windows"": [12, 24, 72], ""mtf_intervals"": [""4h"", ""1d""], ""ret_windows"": [1, 2, 4, 8, 24], ""rsi_period"": 21, ""target_threshold"": 0.006, ""vol_windows"": [24, 48]}","{""colsample_bytree"": 1.0, ""gamma"": 0.0, ""learning_rate"": 0.03, ""max_depth"": 5, ""min_child_weight"": 5, ""n_estimators"": 250, ""subsample"": 0.7}",4,2360,0.7974576271186441,0.0173834444705784,3.499080539863204e+17,2192.578913547333,0.06507822986420708,40.740941354512906
stage2,5183,38,0.6,74772,27,"{""atr_period"": 21, ""horizon_h"": 6, ""ma_windows"": [12, 24, 72], ""mtf_intervals"": [""4h"", ""1d""], ""ret_windows"": [1, 2, 4, 8, 24], ""rsi_period"": 21, ""target_threshold"": 0.006, ""vol_windows"": [24, 48]}","{""colsample_bytree"": 1.0, ""gamma"": 0.0, ""learning_rate"": 0.03, ""max_depth"": 5, ""min_child_weight"": 5, ""n_estimators"": 250, ""subsample"": 0.7}",4,2134,0.816776007497657,0.01809671664414852,3.246707876806187e+16,2192.578913547333,0.05465259221013519,38.38987125291821
stage2,5183,38,0.62,74772,27,"{""atr_period"": 21, ""horizon_h"": 6, ""ma_windows"": [12, 24, 72], ""mtf_intervals"": [""4h"", ""1d""], ""ret_windows"": [1, 2, 4, 8, 24], ""rsi_period"": 21, ""target_threshold"": 0.006, ""vol_windows"": [24, 48]}","{""colsample_bytree"": 1.0, ""gamma"": 0.0, ""learning_rate"": 0.03, ""max_depth"": 5, ""min_child_weight"": 5, ""n_estimators"": 250, ""subsample"": 0.7}",4,1923,0.828393135725429,0.01879981692289356,2834687750187396.0,2192.578913547333,0.05465259221013519,35.96649493285548
stage2,5183,38,0.65,74772,27,"{""atr_period"": 21, ""horizon_h"": 6, ""ma_windows"": [12, 24, 72], ""mtf_intervals"": [""4h"", ""1d""], ""ret_windows"": [1, 2, 4, 8, 24], ""rsi_period"": 21, ""target_threshold"": 0.006, ""vol_windows"": [24, 48]}","{""colsample_bytree"": 1.0, ""gamma"": 0.0, ""learning_rate"": 0.03, ""max_depth"": 5, ""min_child_weight"": 5, ""n_estimators"": 250, ""subsample"": 0.7}",4,1636,0.8447432762836186,0.019825408143085938,71924852275584.08,2192.578913547333,0.041857261497263876,32.32011222691955
stage2,5183,36,0.52,74772,27,"{""atr_period"": 21, ""horizon_h"": 6, ""ma_windows"": [12, 24, 72], ""mtf_intervals"": [""4h"", ""1d""], ""ret_windows"": [1, 2, 4, 8, 24], ""rsi_period"": 21, ""target_threshold"": 0.006, ""vol_windows"": [24, 48]}","{""colsample_bytree"": 1.0, ""gamma"": 0.0, ""learning_rate"": 0.03, ""max_depth"": 5, ""min_child_weight"": 1, ""n_estimators"": 250, ""subsample"": 0.7}",4,3129,0.7500798977309044,0.01531074579000844,3.1344347420873936e+20,2192.578913547333,0.07884120533897354,47.477279993989846
stage2,5183,36,0.55,74772,27,"{""atr_period"": 21, ""horizon_h"": 6, ""ma_windows"": [12, 24, 72], ""mtf_intervals"": [""4h"", ""1d""], ""ret_windows"": [1, 2, 4, 8, 24], ""rsi_period"": 21, ""target_threshold"": 0.006, ""vol_windows"": [24, 48]}","{""colsample_bytree"": 1.0, ""gamma"": 0.0, ""learning_rate"": 0.03, ""max_depth"": 5, ""min_child_weight"": 1, ""n_estimators"": 250, ""subsample"": 0.7}",4,2756,0.7735849056603774,0.016277323666331136,1.5482715639507999e+19,2192.578913547333,0.07573261296471678,44.49747616295393
stage2,5183,36,0.58,74772,27,"{""atr_period"": 21, ""horizon_h"": 6, ""ma_windows"": [12, 24, 72], ""mtf_intervals"": [""4h"", ""1d""], ""ret_windows"": [1, 2, 4, 8, 24], ""rsi_period"": 21, ""target_threshold"": 0.006, ""vol_windows"": [24, 48]}","{""colsample_bytree"": 1.0, ""gamma"": 0.0, ""learning_rate"": 0.03, ""max_depth"": 5, ""min_child_weight"": 1, ""n_estimators"": 250, ""subsample"": 0.7}",4,2359,0.7961000423908435,0.017327092879592873,3.009568792841951e+17,2192.578913547333,0.07588403381916586,40.58329815124492
stage2,5183,36,0.6,74772,27,"{""atr_period"": 21, ""horizon_h"": 6, ""ma_windows"": [12, 24, 72], ""mtf_intervals"": [""4h"", ""1d""], ""ret_windows"": [1, 2, 4, 8, 24], ""rsi_period"": 21, ""target_threshold"": 0.006, ""vol_windows"": [24, 48]}","{""colsample_bytree"": 1.0, ""gamma"": 0.0, ""learning_rate"": 0.03, ""max_depth"": 5, ""min_child_weight"": 1, ""n_estimators"": 250, ""subsample"": 0.7}",4,2115,0.8108747044917257,0.017990601318265954,1.853042021541646e+16,2192.578913547333,0.0650782298642073,37.81827557173061
stage2,5183,36,0.62,74772,27,"{""atr_period"": 21, ""horizon_h"": 6, ""ma_windows"": [12, 24, 72], ""mtf_intervals"": [""4h"", ""1d""], ""ret_windows"": [1, 2, 4, 8, 24], ""rsi_period"": 21, ""target_threshold"": 0.006, ""vol_windows"": [24, 48]}","{""colsample_bytree"": 1.0, ""gamma"": 0.0, ""learning_rate"": 0.03, ""max_depth"": 5, ""min_child_weight"": 1, ""n_estimators"": 250, ""subsample"": 0.7}",4,1918,0.8289885297184567,0.018855801433182853,2870678015875989.5,2192.578913547333,0.06507822986420708,35.97482275955498
stage2,5183,36,0.65,74772,27,"{""atr_period"": 21, ""horizon_h"": 6, ""ma_windows"": [12, 24, 72], ""mtf_intervals"": [""4h"", ""1d""], ""ret_windows"": [1, 2, 4, 8, 24], ""rsi_period"": 21, ""target_threshold"": 0.006, ""vol_windows"": [24, 48]}","{""colsample_bytree"": 1.0, ""gamma"": 0.0, ""learning_rate"": 0.03, ""max_depth"": 5, ""min_child_weight"": 1, ""n_estimators"": 250, ""subsample"": 0.7}",4,1617,0.8503401360544217,0.02006105277388755,72447830012950.36,2192.578913547333,0.041857261497263765,32.333719733020615
stage2,5183,32,0.52,74772,27,"{""atr_period"": 21, ""horizon_h"": 6, ""ma_windows"": [12, 24, 72], ""mtf_intervals"": [""4h"", ""1d""], ""ret_windows"": [1, 2, 4, 8, 24], ""rsi_period"": 21, ""target_threshold"": 0.006, ""vol_windows"": [24, 48]}","{""colsample_bytree"": 0.7, ""gamma"": 0.0, ""learning_rate"": 0.03, ""max_depth"": 5, ""min_child_weight"": 1, ""n_estimators"": 250, ""subsample"": 0.7}",4,3062,0.755388634879164,0.015484246192042583,1.9185585168692452e+20,2192.578913547333,0.09220607331092201,46.9853578322701
stage2,5183,32,0.55,74772,27,"{""atr_period"": 21, ""horizon_h"": 6, ""ma_windows"": [12, 24, 72], ""mtf_intervals"": [""4h"", ""1d""], ""ret_windows"": [1, 2, 4, 8, 24], ""rsi_period"": 21, ""target_threshold"": 0.006, ""vol_windows"": [24, 48]}","{""colsample_bytree"": 0.7, ""gamma"": 0.0, ""learning_rate"": 0.03, ""max_depth"": 5, ""min_child_weight"": 1, ""n_estimators"": 250, ""subsample"": 0.7}",4,2676,0.7780269058295964,0.016478932803416745,7.242093465705431e+18,2192.578913547333,0.0709264361473877,43.74523176023292
stage2,5183,32,0.58,74772,27,"{""atr_period"": 21, ""horizon_h"": 6, ""ma_windows"": [12, 24, 72], ""mtf_intervals"": [""4h"", ""1d""], ""ret_windows"": [1, 2, 4, 8, 24], ""rsi_period"": 21, ""target_threshold"": 0.006, ""vol_windows"": [24, 48]}","{""colsample_bytree"": 0.7, ""gamma"": 0.0, ""learning_rate"": 0.03, ""max_depth"": 5, ""min_child_weight"": 1, ""n_estimators"": 250, ""subsample"": 0.7}",4,2312,0.7967128027681661,0.017436597867187504,1.7273539596312246e+17,2192.578913547333,0.054652592210135076,40.040074044468156
stage2,5183,32,0.6,74772,27,"{""atr_period"": 21, ""horizon_h"": 6, ""ma_windows"": [12, 24, 72], ""mtf_intervals"": [""4h"", ""1d""], ""ret_windows"": [1, 2, 4, 8, 24], ""rsi_period"": 21, ""target_threshold"": 0.006, ""vol_windows"": [24, 48]}","{""colsample_bytree"": 0.7, ""gamma"": 0.0, ""learning_rate"": 0.03, ""max_depth"": 5, ""min_child_weight"": 1, ""n_estimators"": 250, ""subsample"": 0.7}",4,2089,0.8128291048348492,0.018217740476761005,1.856643948401317e+16,2192.578913547333,0.054652592210135076,37.82881092862829
stage2,5183,32,0.62,74772,27,"{""atr_period"": 21, ""horizon_h"": 6, ""ma_windows"": [12, 24, 72], ""mtf_intervals"": [""4h"", ""1d""], ""ret_windows"": [1, 2, 4, 8, 24], ""rsi_period"": 21, ""target_threshold"": 0.006, ""vol_windows"": [24, 48]}","{""colsample_bytree"": 0.7, ""gamma"": 0.0, ""learning_rate"": 0.03, ""max_depth"": 5, ""min_child_weight"": 1, ""n_estimators"": 250, ""subsample"": 0.7}",4,1884,0.8253715498938429,0.018902768694727547,1665450538749637.2,2192.578913547333,0.054652592210135076,35.433065168950634
stage2,5183,32,0.65,74772,27,"{""atr_period"": 21, ""horizon_h"": 6, ""ma_windows"": [12, 24, 72], ""mtf_intervals"": [""4h"", ""1d""], ""ret_windows"": [1, 2, 4, 8, 24], ""rsi_period"": 21, ""target_threshold"": 0.006, ""vol_windows"": [24, 48]}","{""colsample_bytree"": 0.7, ""gamma"": 0.0, ""learning_rate"": 0.03, ""max_depth"": 5, ""min_child_weight"": 1, ""n_estimators"": 250, ""subsample"": 0.7}",4,1580,0.8417721518987342,0.020000354737825632,31655394785164.254,2192.578913547333,0.041857261497263876,31.49842163001452
stage2,5183,42,0.52,74772,27,"{""atr_period"": 21, ""horizon_h"": 6, ""ma_windows"": [12, 24, 72], ""mtf_intervals"": [""4h"", ""1d""], ""ret_windows"": [1, 2, 4, 8, 24], ""rsi_period"": 21, ""target_threshold"": 0.006, ""vol_windows"": [24, 48]}","{""colsample_bytree"": 0.7, ""gamma"": 0.0, ""learning_rate"": 0.03, ""max_depth"": 5, ""min_child_weight"": 5, ""n_estimators"": 250, ""subsample"": 1.0}",4,3020,0.7536423841059603,0.015476803519465902,9.867710922418299e+19,2192.578913547333,0.0709264361473877,46.329649788046844
stage2,5183,42,0.55,74772,27,"{""atr_period"": 21, ""horizon_h"": 6, ""ma_windows"": [12, 24, 72], ""mtf_intervals"": [""4h"", ""1d""], ""ret_windows"": [1, 2, 4, 8, 24], ""rsi_period"": 21, ""target_threshold"": 0.006, ""vol_windows"": [24, 48]}","{""colsample_bytree"": 0.7, ""gamma"": 0.0, ""learning_rate"": 0.03, ""max_depth"": 5, ""min_child_weight"": 5, ""n_estimators"": 250, ""subsample"": 1.0}",4,2616,0.77217125382263,0.016452680307613717,2.5500577286154844e+18,2192.578913547333,0.07092643614738747,42.69654289892497
stage2,5183,42,0.58,74772,27,"{""atr_period"": 21, ""horizon_h"": 6, ""ma_windows"": [12, 24, 72], ""mtf_intervals"": [""4h"", ""1d""], ""ret_windows"": [1, 2, 4, 8, 24], ""rsi_period"": 21, ""target_threshold"": 0.006, ""vol_windows"": [24, 48]}","{""colsample_bytree"": 0.7, ""gamma"": 0.0, ""learning_rate"": 0.03, ""max_depth"": 5, ""min_child_weight"": 5, ""n_estimators"": 250, ""subsample"": 1.0}",4,2273,0.7971843378794544,0.01755073109531087,1.136272069857168e+17,2192.578913547333,0.06507822986420742,39.617313574770286
stage2,5183,42,0.6,74772,27,"{""atr_period"": 21, ""horizon_h"": 6, ""ma_windows"": [12, 24, 72], ""mtf_intervals"": [""4h"", ""1d""], ""ret_windows"": [1, 2, 4, 8, 24], ""rsi_period"": 21, ""target_threshold"": 0.006, ""vol_windows"": [24, 48]}","{""colsample_bytree"": 0.7, ""gamma"": 0.0, ""learning_rate"": 0.03, ""max_depth"": 5, ""min_child_weight"": 5, ""n_estimators"": 250, ""subsample"": 1.0}",4,2062,0.8074684772065955,0.018155164280740554,1.0024985712880216e+16,2192.578913547333,0.054652592210135076,37.20774674285933
stage2,5183,42,0.62,74772,27,"{""atr_period"": 21, ""horizon_h"": 6, ""ma_windows"": [12, 24, 72], ""mtf_intervals"": [""4h"", ""1d""], ""ret_windows"": [1, 2, 4, 8, 24], ""rsi_period"": 21, ""target_threshold"": 0.006, ""vol_windows"": [24, 48]}","{""colsample_bytree"": 0.7, ""gamma"": 0.0, ""learning_rate"": 0.03, ""max_depth"": 5, ""min_child_weight"": 5, ""n_estimators"": 250, ""subsample"": 1.0}",4,1831,0.8246859639541234,0.018988174419326043,719564777522708.4,2192.578913547333,0.05465259221013519,34.59399553991952
stage2,5183,42,0.65,74772,27,"{""atr_period"": 21, ""horizon_h"": 6, ""ma_windows"": [12, 24, 72], ""mtf_intervals"": [""4h"", ""1d""], ""ret_windows"": [1, 2, 4, 8, 24], ""rsi_period"": 21, ""target_threshold"": 0.006, ""vol_windows"": [24, 48]}","{""colsample_bytree"": 0.7, ""gamma"": 0.0, ""learning_rate"": 0.03, ""max_depth"": 5, ""min_child_weight"": 5, ""n_estimators"": 250, ""subsample"": 1.0}",4,1546,0.8369987063389392,0.020187417872610195,21403987819363.09,2192.578913547333,0.04583266074799763,31.10278034497321
stage2,5183,44,0.52,74772,27,"{""atr_period"": 21, ""horizon_h"": 6, ""ma_windows"": [12, 24, 72], ""mtf_intervals"": [""4h"", ""1d""], ""ret_windows"": [1, 2, 4, 8, 24], ""rsi_period"": 21, ""target_threshold"": 0.006, ""vol_windows"": [24, 48]}","{""colsample_bytree"": 1.0, ""gamma"": 0.0, ""learning_rate"": 0.03, ""max_depth"": 5, ""min_child_weight"": 1, ""n_estimators"": 250, ""subsample"": 1.0}",4,3054,0.7508185985592666,0.0153743263876648,1.2235452829953537e+20,2192.578913547333,0.07573261296471678,46.53923765759311
stage2,5183,44,0.55,74772,27,"{""atr_period"": 21, ""horizon_h"": 6, ""ma_windows"": [12, 24, 72], ""mtf_intervals"": [""4h"", ""1d""], ""ret_windows"": [1, 2, 4, 8, 24], ""rsi_period"": 21, ""target_threshold"": 0.006, ""vol_windows"": [24, 48]}","{""colsample_bytree"": 1.0, ""gamma"": 0.0, ""learning_rate"": 0.03, ""max_depth"": 5, ""min_child_weight"": 1, ""n_estimators"": 250, ""subsample"": 1.0}",4,2652,0.7767722473604827,0.016440459021398533,4.434868300699697e+18,2192.578913547333,0.07573261296471678,43.251104757345274
stage2,5183,44,0.58,74772,27,"{""atr_period"": 21, ""horizon_h"": 6, ""ma_windows"": [12, 24, 72], ""mtf_intervals"": [""4h"", ""1d""], ""ret_windows"": [1, 2, 4, 8, 24], ""rsi_period"": 21, ""target_threshold"": 0.006, ""vol_windows"": [24, 48]}","{""colsample_bytree"": 1.0, ""gamma"": 0.0, ""learning_rate"": 0.03, ""max_depth"": 5, ""min_child_weight"": 1, ""n_estimators"": 250, ""subsample"": 1.0}",4,2275,0.8079120879120879,0.017658008841874885,1.5076529440216157e+17,2192.578913547333,0.06507822986420708,39.90955530690835
stage2,5183,44,0.6,74772,27,"{""atr_period"": 21, ""horizon_h"": 6, ""ma_windows"": [12, 24, 72], ""mtf_intervals"": [""4h"", ""1d""], ""ret_windows"": [1, 2, 4, 8, 24], ""rsi_period"": 21, ""target_threshold"": 0.006, ""vol_windows"": [24, 48]}","{""colsample_bytree"": 1.0, ""gamma"": 0.0, ""learning_rate"": 0.03, ""max_depth"": 5, ""min_child_weight"": 1, ""n_estimators"": 250, ""subsample"": 1.0}",4,2068,0.8143133462282398,0.018157609515864842,1.1307237888776972e+16,2192.578913547333,0.04583266074799763,37.33801465944909
stage2,5183,44,0.62,74772,27,"{""atr_period"": 21, ""horizon_h"": 6, ""ma_windows"": [12, 24, 72], ""mtf_intervals"": [""4h"", ""1d""], ""ret_windows"": [1, 2, 4, 8, 24], ""rsi_period"": 21, ""target_threshold"": 0.006, ""vol_windows"": [24, 48]}","{""colsample_bytree"": 1.0, ""gamma"": 0.0, ""learning_rate"": 0.03, ""max_depth"": 5, ""min_child_weight"": 1, ""n_estimators"": 250, ""subsample"": 1.0}",4,1855,0.8210242587601078,0.018865309095581533,904200407635005.2,2192.578913547333,0.04583266074799763,34.82289769101163
stage2,5183,44,0.65,74772,27,"{""atr_period"": 21, ""horizon_h"": 6, ""ma_windows"": [12, 24, 72], ""mtf_intervals"": [""4h"", ""1d""], ""ret_windows"": [1, 2, 4, 8, 24], ""rsi_period"": 21, ""target_threshold"": 0.006, ""vol_windows"": [24, 48]}","{""colsample_bytree"": 1.0, ""gamma"": 0.0, ""learning_rate"": 0.03, ""max_depth"": 5, ""min_child_weight"": 1, ""n_estimators"": 250, ""subsample"": 1.0}",4,1599,0.8424015009380863,0.01990168840535377,39415515785368.06,2192.578913547333,0.03922051138810345,31.718705108671248
stage2,5183,23,0.52,74772,27,"{""atr_period"": 21, ""horizon_h"": 6, ""ma_windows"": [12, 24, 72], ""mtf_intervals"": [""4h"", ""1d""], ""ret_windows"": [1, 2, 4, 8, 24], ""rsi_period"": 21, ""target_threshold"": 0.006, ""vol_windows"": [24, 48]}","{""colsample_bytree"": 1.0, ""gamma"": 0.2, ""learning_rate"": 0.07, ""max_depth"": 3, ""min_child_weight"": 5, ""n_estimators"": 250, ""subsample"": 0.7}",4,2853,0.7521906764808973,0.015666298248817698,1.3087195722781385e+19,2192.578913547333,0.07110468036280448,44.30969658735987
stage2,5183,23,0.55,74772,27,"{""atr_period"": 21, ""horizon_h"": 6, ""ma_windows"": [12, 24, 72], ""mtf_intervals"": [""4h"", ""1d""], ""ret_windows"": [1, 2, 4, 8, 24], ""rsi_period"": 21, ""target_threshold"": 0.006, ""vol_windows"": [24, 48]}","{""colsample_bytree"": 1.0, ""gamma"": 0.2, ""learning_rate"": 0.07, ""max_depth"": 3, ""min_child_weight"": 5, ""n_estimators"": 250, ""subsample"": 0.7}",4,2492,0.7692616372391653,0.016476157698467154,3.5997802427750605e+17,2192.578913547333,0.0709264361473877,40.736574734129384
stage2,5183,23,0.58,74772,27,"{""atr_period"": 21, ""horizon_h"": 6, ""ma_windows"": [12, 24, 72], ""mtf_intervals"": [""4h"", ""1d""], ""ret_windows"": [1, 2, 4, 8, 24], ""rsi_period"": 21, ""target_threshold"": 0.006, ""vol_windows"": [24, 48]}","{""colsample_bytree"": 1.0, ""gamma"": 0.2, ""learning_rate"": 0.07, ""max_depth"": 3, ""min_child_weight"": 5, ""n_estimators"": 250, ""subsample"": 0.7}",4,2128,0.7899436090225563,0.017541513337706288,9022147482163192.0,2192.578913547333,0.0675940320203926,37.07694875862059
stage2,5183,23,0.6,74772,27,"{""atr_period"": 21, ""horizon_h"": 6, ""ma_windows"": [12, 24, 72], ""mtf_intervals"": [""4h"", ""1d""], ""ret_windows"": [1, 2, 4, 8, 24], ""rsi_period"": 21, ""target_threshold"": 0.006, ""vol_windows"": [24, 48]}","{""colsample_bytree"": 1.0, ""gamma"": 0.2, ""learning_rate"": 0.07, ""max_depth"": 3, ""min_child_weight"": 5, ""n_estimators"": 250, ""subsample"": 0.7}",4,1910,0.8036649214659686,0.018248112634616374,785222182418913.6,2192.578913547333,0.04583266074799752,34.66298833646839
stage2,5183,23,0.62,74772,27,"{""atr_period"": 21, ""horizon_h"": 6, ""ma_windows"": [12, 24, 72], ""mtf_intervals"": [""4h"", ""1d""], ""ret_windows"": [1, 2, 4, 8, 24], ""rsi_period"": 21, ""target_threshold"": 0.006, ""vol_windows"": [24, 48]}","{""colsample_bytree"": 1.0, ""gamma"": 0.2, ""learning_rate"": 0.07, ""max_depth"": 3, ""min_child_weight"": 5, ""n_estimators"": 250, ""subsample"": 0.7}",4,1714,0.8162193698949824,0.01903919992733333,87295053223491.47,2192.578913547333,0.045832660747997744,32.48268767802266
stage2,5183,23,0.65,74772,27,"{""atr_period"": 21, ""horizon_h"": 6, ""ma_windows"": [12, 24, 72], ""mtf_intervals"": [""4h"", ""1d""], ""ret_windows"": [1, 2, 4, 8, 24], ""rsi_period"": 21, ""target_threshold"": 0.006, ""vol_windows"": [24, 48]}","{""colsample_bytree"": 1.0, ""gamma"": 0.2, ""learning_rate"": 0.07, ""max_depth"": 3, ""min_child_weight"": 5, ""n_estimators"": 250, ""subsample"": 0.7}",4,1417,0.8285109386026818,0.02017021323192922,1605122791665.2053,2192.578913547333,0.045832660747997744,28.5054755016581
stage2,6227,51,0.52,74014,27,"{""atr_period"": 14, ""horizon_h"": 6, ""ma_windows"": [8, 24, 96], ""mtf_intervals"": [""4h"", ""1d""], ""ret_windows"": [1, 6, 12, 24, 48], ""rsi_period"": 7, ""target_threshold"": 0.006, ""vol_windows"": [24, 72]}","{""colsample_bytree"": 0.7, ""gamma"": 0.2, ""learning_rate"": 0.07, ""max_depth"": 5, ""min_child_weight"": 5, ""n_estimators"": 250, ""subsample"": 0.7}",4,3207,0.7492984097287184,0.014812244868054414,2.1443405382699437e+20,352.6384297310968,0.07884120533897343,47.09305000768304
stage2,6227,51,0.55,74014,27,"{""atr_period"": 14, ""horizon_h"": 6, ""ma_windows"": [8, 24, 96], ""mtf_intervals"": [""4h"", ""1d""], ""ret_windows"": [1, 6, 12, 24, 48], ""rsi_period"": 7, ""target_threshold"": 0.006, ""vol_windows"": [24, 72]}","{""colsample_bytree"": 0.7, ""gamma"": 0.2, ""learning_rate"": 0.07, ""max_depth"": 5, ""min_child_weight"": 5, ""n_estimators"": 250, ""subsample"": 0.7}",4,2820,0.7680851063829788,0.015685667400148547,8.438190576941287e+18,352.6384297310968,0.07884120533897354,43.87983239453635
stage2,6227,51,0.58,74014,27,"{""atr_period"": 14, ""horizon_h"": 6, ""ma_windows"": [8, 24, 96], ""mtf_intervals"": [""4h"", ""1d""], ""ret_windows"": [1, 6, 12, 24, 48], ""rsi_period"": 7, ""target_threshold"": 0.006, ""vol_windows"": [24, 72]}","{""colsample_bytree"": 0.7, ""gamma"": 0.2, ""learning_rate"": 0.07, ""max_depth"": 5, ""min_child_weight"": 5, ""n_estimators"": 250, ""subsample"": 0.7}",4,2505,0.7920159680638723,0.016597107590723158,6.081773990994363e+17,352.6384297310968,0.07438050509704186,41.278442391781816
stage2,6227,51,0.6,74014,27,"{""atr_period"": 14, ""horizon_h"": 6, ""ma_windows"": [8, 24, 96], ""mtf_intervals"": [""4h"", ""1d""], ""ret_windows"": [1, 6, 12, 24, 48], ""rsi_period"": 7, ""target_threshold"": 0.006, ""vol_windows"": [24, 72]}","{""colsample_bytree"": 0.7, ""gamma"": 0.2, ""learning_rate"": 0.07, ""max_depth"": 5, ""min_child_weight"": 5, ""n_estimators"": 250, ""subsample"": 0.7}",4,2318,0.7972389991371872,0.01700363413103309,7.206000515869734e+16,352.6384297310968,0.07438050509704175,39.152905591629036
stage2,6227,51,0.62,74014,27,"{""atr_period"": 14, ""horizon_h"": 6, ""ma_windows"": [8, 24, 96], ""mtf_intervals"": [""4h"", ""1d""], ""ret_windows"": [1, 6, 12, 24, 48], ""rsi_period"": 7, ""target_threshold"": 0.006, ""vol_windows"": [24, 72]}","{""colsample_bytree"": 0.7, ""gamma"": 0.2, ""learning_rate"": 0.07, ""max_depth"": 5, ""min_child_weight"": 5, ""n_estimators"": 250, ""subsample"": 0.7}",4,2122,0.8096135721017907,0.017563229681008666,8636235032713714.0,352.6384297310968,0.07125685940208049,37.0473113880815
stage2,6227,51,0.65,74014,27,"{""atr_period"": 14, ""horizon_h"": 6, ""ma_windows"": [8, 24, 96], ""mtf_intervals"": [""4h"", ""1d""], ""ret_windows"": [1, 6, 12, 24, 48], ""rsi_period"": 7, ""target_threshold"": 0.006, ""vol_windows"": [24, 72]}","{""colsample_bytree"": 0.7, ""gamma"": 0.2, ""learning_rate"": 0.07, ""max_depth"": 5, ""min_child_weight"": 5, ""n_estimators"": 250, ""subsample"": 0.7}",4,1857,0.8217555196553581,0.01848511090380431,469669138897308.8,352.6384297310968,0.07110468036280448,34.15278256571697
stage2,6227,58,0.52,74014,27,"{""atr_period"": 14, ""horizon_h"": 6, ""ma_windows"": [8, 24, 96], ""mtf_intervals"": [""4h"", ""1d""], ""ret_windows"": [1, 6, 12, 24, 48], ""rsi_period"": 7, ""target_threshold"": 0.006, ""vol_windows"": [24, 72]}","{""colsample_bytree"": 0.7, ""gamma"": 0.0, ""learning_rate"": 0.07, ""max_depth"": 5, ""min_child_weight"": 5, ""n_estimators"": 250, ""subsample"": 1.0}",4,3216,0.75,0.014904335632956981,3.2485667288846166e+20,352.6384297310968,0.07884120533897343,47.509729834847725
stage2,6227,58,0.55,74014,27,"{""atr_period"": 14, ""horizon_h"": 6, ""ma_windows"": [8, 24, 96], ""mtf_intervals"": [""4h"", ""1d""], ""ret_windows"": [1, 6, 12, 24, 48], ""rsi_period"": 7, ""target_threshold"": 0.006, ""vol_windows"": [24, 72]}","{""colsample_bytree"": 0.7, ""gamma"": 0.0, ""learning_rate"": 0.07, ""max_depth"": 5, ""min_child_weight"": 5, ""n_estimators"": 250, ""subsample"": 1.0}",4,2851,0.7713083128726762,0.015743034637762998,1.5981854415487363e+19,352.6384297310968,0.07884120533897354,44.52155597825439
stage2,6227,58,0.58,74014,27,"{""atr_period"": 14, ""horizon_h"": 6, ""ma_windows"": [8, 24, 96], ""mtf_intervals"": [""4h"", ""1d""], ""ret_windows"": [1, 6, 12, 24, 48], ""rsi_period"": 7, ""target_threshold"": 0.006, ""vol_windows"": [24, 72]}","{""colsample_bytree"": 0.7, ""gamma"": 0.0, ""learning_rate"": 0.07, ""max_depth"": 5, ""min_child_weight"": 5, ""n_estimators"": 250, ""subsample"": 1.0}",4,2516,0.7893481717011129,0.016649849412429335,8.258685598342706e+17,352.6384297310968,0.07884120533897343,41.58046875723028
stage2,6227,58,0.6,74014,27,"{""atr_period"": 14, ""horizon_h"": 6, ""ma_windows"": [8, 24, 96], ""mtf_intervals"": [""4h"", ""1d""], ""ret_windows"": [1, 6, 12, 24, 48], ""rsi_period"": 7, ""target_threshold"": 0.006, ""vol_windows"": [24, 72]}","{""colsample_bytree"": 0.7, ""gamma"": 0.0, ""learning_rate"": 0.07, ""max_depth"": 5, ""min_child_weight"": 5, ""n_estimators"": 250, ""subsample"": 1.0}",4,2304,0.8016493055555556,0.017218126099189848,9.203182836760605e+16,352.6384297310968,0.07884120533897343,39.400554723215116
stage2,6227,58,0.62,74014,27,"{""atr_period"": 14, ""horizon_h"": 6, ""ma_windows"": [8, 24, 96], ""mtf_intervals"": [""4h"", ""1d""], ""ret_windows"": [1, 6, 12, 24, 48], ""rsi_period"": 7, ""target_threshold"": 0.006, ""vol_windows"": [24, 72]}","{""colsample_bytree"": 0.7, ""gamma"": 0.0, ""learning_rate"": 0.07, ""max_depth"": 5, ""min_child_weight"": 5, ""n_estimators"": 250, ""subsample"": 1.0}",4,2115,0.816548463356974,0.017881696487399342,1.4740879171961734e+16,352.6384297310968,0.07884120533897354,37.58627266512471
stage2,6227,58,0.65,74014,27,"{""atr_period"": 14, ""horizon_h"": 6, ""ma_windows"": [8, 24, 96], ""mtf_intervals"": [""4h"", ""1d""], ""ret_windows"": [1, 6, 12, 24, 48], ""rsi_period"": 7, ""target_threshold"": 0.006, ""vol_windows"": [24, 72]}","{""colsample_bytree"": 0.7, ""gamma"": 0.0, ""learning_rate"": 0.07, ""max_depth"": 5, ""min_child_weight"": 5, ""n_estimators"": 250, ""subsample"": 1.0}",4,1839,0.8325176726481783,0.01874773639049755,543827417305422.7,352.6384297310968,0.07573261296471667,34.30778278761066
stage2,6227,50,0.52,74014,27,"{""atr_period"": 14, ""horizon_h"": 6, ""ma_windows"": [8, 24, 96], ""mtf_intervals"": [""4h"", ""1d""], ""ret_windows"": [1, 6, 12, 24, 48], ""rsi_period"": 7, ""target_threshold"": 0.006, ""vol_windows"": [24, 72]}","{""colsample_bytree"": 0.7, ""gamma"": 0.0, ""learning_rate"": 0.07, ""max_depth"": 5, ""min_child_weight"": 5, ""n_estimators"": 250, ""subsample"": 0.7}",4,3231,0.7458991024450634,0.014751837023859923,2.490191360914155e+20,352.6384297310968,0.07884120533897354,47.23937479465477
stage2,6227,50,0.55,74014,27,"{""atr_period"": 14, ""horizon_h"": 6, ""ma_windows"": [8, 24, 96], ""mtf_intervals"": [""4h"", ""1d""], ""ret_windows"": [1, 6, 12, 24, 48], ""rsi_period"": 7, ""target_threshold"": 0.006, ""vol_windows"": [24, 72]}","{""colsample_bytree"": 0.7, ""gamma"": 0.0, ""learning_rate"": 0.07, ""max_depth"": 5, ""min_child_weight"": 5, ""n_estimators"": 250, ""subsample"": 0.7}",4,2850,0.7652631578947369,0.01566291763578031,1.2513392266542221e+19,352.6384297310968,0.07884120533897354,44.27142439073763
stage2,6227,50,0.58,74014,27,"{""atr_period"": 14, ""horizon_h"": 6, ""ma_windows"": [8, 24, 96], ""mtf_intervals"": [""4h"", ""1d""], ""ret_windows"": [1, 6, 12, 24, 48], ""rsi_period"": 7, ""target_threshold"": 0.006, ""vol_windows"": [24, 72]}","{""colsample_bytree"": 0.7, ""gamma"": 0.0, ""learning_rate"": 0.07, ""max_depth"": 5, ""min_child_weight"": 5, ""n_estimators"": 250, ""subsample"": 0.7}",4,2513,0.7843215280541186,0.016542764739241763,6.039449008953699e+17,352.6384297310968,0.07884120533897365,41.262638102688946
stage2,6227,50,0.6,74014,27,"{""atr_period"": 14, ""horizon_h"": 6, ""ma_windows"": [8, 24, 96], ""mtf_intervals"": [""4h"", ""1d""], ""ret_windows"": [1, 6, 12, 24, 48], ""rsi_period"": 7, ""target_threshold"": 0.006, ""vol_windows"": [24, 72]}","{""colsample_bytree"": 0.7, ""gamma"": 0.0, ""learning_rate"": 0.07, ""max_depth"": 5, ""min_child_weight"": 5, ""n_estimators"": 250, ""subsample"": 0.7}",4,2309,0.797747942832395,0.017141699029041578,8.436495355635494e+16,352.6384297310968,0.07422883788216605,39.312145995609555
stage2,6227,50,0.62,74014,27,"{""atr_period"": 14, ""horizon_h"": 6, ""ma_windows"": [8, 24, 96], ""mtf_intervals"": [""4h"", ""1d""], ""ret_windows"": [1, 6, 12, 24, 48], ""rsi_period"": 7, ""target_threshold"": 0.006, ""vol_windows"": [24, 72]}","{""colsample_bytree"": 0.7, ""gamma"": 0.0, ""learning_rate"": 0.07, ""max_depth"": 5, ""min_child_weight"": 5, ""n_estimators"": 250, ""subsample"": 0.7}",4,2111,0.812411179535765,0.01780248898985511,1.1691761329480678e+16,352.6384297310968,0.07125685940208026,37.35438125465035
stage2,6227,50,0.65,74014,27,"{""atr_period"": 14, ""horizon_h"": 6, ""ma_windows"": [8, 24, 96], ""mtf_intervals"": [""4h"", ""1d""], ""ret_windows"": [1, 6, 12, 24, 48], ""rsi_period"": 7, ""target_threshold"": 0.006, ""vol_windows"": [24, 72]}","{""colsample_bytree"": 0.7, ""gamma"": 0.0, ""learning_rate"": 0.07, ""max_depth"": 5, ""min_child_weight"": 5, ""n_estimators"": 250, ""subsample"": 0.7}",4,1855,0.8253369272237197,0.018534889813458452,496508001678426.1,352.6384297310968,0.0711046803628046,34.21161703555919
stage2,6227,48,0.52,74014,27,"{""atr_period"": 14, ""horizon_h"": 6, ""ma_windows"": [8, 24, 96], ""mtf_intervals"": [""4h"", ""1d""], ""ret_windows"": [1, 6, 12, 24, 48], ""rsi_period"": 7, ""target_threshold"": 0.006, ""vol_windows"": [24, 72]}","{""colsample_bytree"": 0.7, ""gamma"": 0.0, ""learning_rate"": 0.07, ""max_depth"": 5, ""min_child_weight"": 1, ""n_estimators"": 250, ""subsample"": 0.7}",4,3219,0.7486797141969556,0.014863418174421496,3.0001012375980356e+20,352.6384297310968,0.07899211691902841,47.428702952139076
stage2,6227,48,0.55,74014,27,"{""atr_period"": 14, ""horizon_h"": 6, ""ma_windows"": [8, 24, 96], ""mtf_intervals"": [""4h"", ""1d""], ""ret_windows"": [1, 6, 12, 24, 48], ""rsi_period"": 7, ""target_threshold"": 0.006, ""vol_windows"": [24, 72]}","{""colsample_bytree"": 0.7, ""gamma"": 0.0, ""learning_rate"": 0.07, ""max_depth"": 5, ""min_child_weight"": 1, ""n_estimators"": 250, ""subsample"": 0.7}",4,2870,0.7721254355400697,0.015712275512810684,1.976911741937277e+19,352.6384297310968,0.07899211691902852,44.73455516173469
stage2,6227,48,0.58,74014,27,"{""atr_period"": 14, ""horizon_h"": 6, ""ma_windows"": [8, 24, 96], ""mtf_intervals"": [""4h"", ""1d""], ""ret_windows"": [1, 6, 12, 24, 48], ""rsi_period"": 7, ""target_threshold"": 0.006, ""vol_windows"": [24, 72]}","{""colsample_bytree"": 0.7, ""gamma"": 0.0, ""learning_rate"": 0.07, ""max_depth"": 5, ""min_child_weight"": 1, ""n_estimators"": 250, ""subsample"": 0.7}",4,2505,0.7896207584830339,0.01662067663553769,6.45177633886475e+17,352.6384297310968,0.07899211691902841,41.33346803657606
stage2,6227,48,0.6,74014,27,"{""atr_period"": 14, ""horizon_h"": 6, ""ma_windows"": [8, 24, 96], ""mtf_intervals"": [""4h"", ""1d""], ""ret_windows"": [1, 6, 12, 24, 48], ""rsi_period"": 7, ""target_threshold"": 0.006, ""vol_windows"": [24, 72]}","{""colsample_bytree"": 0.7, ""gamma"": 0.0, ""learning_rate"": 0.07, ""max_depth"": 5, ""min_child_weight"": 1, ""n_estimators"": 250, ""subsample"": 0.7}",4,2298,0.79852045256745,0.017110794450250676,6.549689860299922e+16,352.6384297310968,0.0757326129647169,39.05861559803195
stage2,6227,48,0.62,74014,27,"{""atr_period"": 14, ""horizon_h"": 6, ""ma_windows"": [8, 24, 96], ""mtf_intervals"": [""4h"", ""1d""], ""ret_windows"": [1, 6, 12, 24, 48], ""rsi_period"": 7, ""target_threshold"": 0.006, ""vol_windows"": [24, 72]}","{""colsample_bytree"": 0.7, ""gamma"": 0.0, ""learning_rate"": 0.07, ""max_depth"": 5, ""min_child_weight"": 1, ""n_estimators"": 250, ""subsample"": 0.7}",4,2129,0.8097698449976515,0.017594363775980223,1.042426016461803e+16,352.6384297310968,0.07110468036280448,37.23593063867907
stage2,6227,48,0.65,74014,27,"{""atr_period"": 14, ""horizon_h"": 6, ""ma_windows"": [8, 24, 96], ""mtf_intervals"": [""4h"", ""1d""], ""ret_windows"": [1, 6, 12, 24, 48], ""rsi_period"": 7, ""target_threshold"": 0.006, ""vol_windows"": [24, 72]}","{""colsample_bytree"": 0.7, ""gamma"": 0.0, ""learning_rate"": 0.07, ""max_depth"": 5, ""min_child_weight"": 1, ""n_estimators"": 250, ""subsample"": 0.7}",4,1861,0.8242880171950564,0.018512782848548553,533516141020173.3,352.6384297310968,0.07110468036280437,34.282490777533866
stage2,6227,57,0.52,74014,27,"{""atr_period"": 14, ""horizon_h"": 6, ""ma_windows"": [8, 24, 96], ""mtf_intervals"": [""4h"", ""1d""], ""ret_windows"": [1, 6, 12, 24, 48], ""rsi_period"": 7, ""target_threshold"": 0.006, ""vol_windows"": [24, 72]}","{""colsample_bytree"": 0.7, ""gamma"": 0.2, ""learning_rate"": 0.07, ""max_depth"": 5, ""min_child_weight"": 1, ""n_estimators"": 250, ""subsample"": 1.0}",4,3204,0.7512484394506866,0.014805218423840827,1.994573661959545e+20,352.6384297310968,0.08316373560654877,47.019990815254516
stage2,6227,57,0.55,74014,27,"{""atr_period"": 14, ""horizon_h"": 6, ""ma_windows"": [8, 24, 96], ""mtf_intervals"": [""4h"", ""1d""], ""ret_windows"": [1, 6, 12, 24, 48], ""rsi_period"": 7, ""target_threshold"": 0.006, ""vol_windows"": [24, 72]}","{""colsample_bytree"": 0.7, ""gamma"": 0.2, ""learning_rate"": 0.07, ""max_depth"": 5, ""min_child_weight"": 1, ""n_estimators"": 250, ""subsample"": 1.0}",4,2869,0.7699546880446149,0.015646782241021173,1.6150827423332755e+19,352.6384297310968,0.07899211691902852,44.530144905796334
stage2,6227,57,0.58,74014,27,"{""atr_period"": 14, ""horizon_h"": 6, ""ma_windows"": [8, 24, 96], ""mtf_intervals"": [""4h"", ""1d""], ""ret_windows"": [1, 6, 12, 24, 48], ""rsi_period"": 7, ""target_threshold"": 0.006, ""vol_windows"": [24, 72]}","{""colsample_bytree"": 0.7, ""gamma"": 0.2, ""learning_rate"": 0.07, ""max_depth"": 5, ""min_child_weight"": 1, ""n_estimators"": 250, ""subsample"": 1.0}",4,2539,0.7833792831823553,0.016337496622318322,5.541692204482299e+17,352.6384297310968,0.07899211691902852,41.174153828154516
stage2,6227,57,0.6,74014,27,"{""atr_period"": 14, ""horizon_h"": 6, ""ma_windows"": [8, 24, 96], ""mtf_intervals"": [""4h"", ""1d""], ""ret_windows"": [1, 6, 12, 24, 48], ""rsi_period"": 7, ""target_threshold"": 0.006, ""vol_windows"": [24, 72]}","{""colsample_bytree"": 0.7, ""gamma"": 0.2, ""learning_rate"": 0.07, ""max_depth"": 5, ""min_child_weight"": 1, ""n_estimators"": 250, ""subsample"": 1.0}",4,2341,0.7975224263135412,0.016931291994576568,8.933387014993774e+16,352.6384297310968,0.07588403381916586,39.36668335597434
stage2,6227,57,0.62,74014,27,"{""atr_period"": 14, ""horizon_h"": 6, ""ma_windows"": [8, 24, 96], ""mtf_intervals"": [""4h"", ""1d""], ""ret_windows"": [1, 6, 12, 24, 48], ""rsi_period"": 7, ""target_threshold"": 0.006, ""vol_windows"": [24, 72]}","{""colsample_bytree"": 0.7, ""gamma"": 0.2, ""learning_rate"": 0.07, ""max_depth"": 5, ""min_child_weight"": 1, ""n_estimators"": 250, ""subsample"": 1.0}",4,2129,0.8093001409112259,0.01763721183997244,1.1374340598856928e+16,352.6384297310968,0.07092643614738758,37.32321097811122
stage2,6227,57,0.65,74014,27,"{""atr_period"": 14, ""horizon_h"": 6, ""ma_windows"": [8, 24, 96], ""mtf_intervals"": [""4h"", ""1d""], ""ret_windows"": [1, 6, 12, 24, 48], ""rsi_period"": 7, ""target_threshold"": 0.006, ""vol_windows"": [24, 72]}","{""colsample_bytree"": 0.7, ""gamma"": 0.2, ""learning_rate"": 0.07, ""max_depth"": 5, ""min_child_weight"": 1, ""n_estimators"": 250, ""subsample"": 1.0}",4,1834,0.8336968375136314,0.018771480218870935,519247585205323.0,352.6384297310968,0.05465259221013519,34.273204943787334
stage2,6227,61,0.52,74014,27,"{""atr_period"": 14, ""horizon_h"": 6, ""ma_windows"": [8, 24, 96], ""mtf_intervals"": [""4h"", ""1d""], ""ret_windows"": [1, 6, 12, 24, 48], ""rsi_period"": 7, ""target_threshold"": 0.006, ""vol_windows"": [24, 72]}","{""colsample_bytree"": 1.0, ""gamma"": 0.2, ""learning_rate"": 0.07, ""max_depth"": 5, ""min_child_weight"": 1, ""n_estimators"": 250, ""subsample"": 1.0}",4,3287,0.7447520535442653,0.014686946968480044,4.5599182353518166e+20,352.6384297310968,0.07123508808221302,47.84668622694469
stage2,6227,61,0.55,74014,27,"{""atr_period"": 14, ""horizon_h"": 6, ""ma_windows"": [8, 24, 96], ""mtf_intervals"": [""4h"", ""1d""], ""ret_windows"": [1, 6, 12, 24, 48], ""rsi_period"": 7, ""target_threshold"": 0.006, ""vol_windows"": [24, 72]}","{""colsample_bytree"": 1.0, ""gamma"": 0.2, ""learning_rate"": 0.07, ""max_depth"": 5, ""min_child_weight"": 1, ""n_estimators"": 250, ""subsample"": 1.0}",4,2955,0.7631133671742809,0.015449815365363887,3.4133796707306664e+19,352.6384297310968,0.07884120533897354,45.271488287140194
stage2,6227,61,0.58,74014,27,"{""atr_period"": 14, ""horizon_h"": 6, ""ma_windows"": [8, 24, 96], ""mtf_intervals"": [""4h"", ""1d""], ""ret_windows"": [1, 6, 12, 24, 48], ""rsi_period"": 7, ""target_threshold"": 0.006, ""vol_windows"": [24, 72]}","{""colsample_bytree"": 1.0, ""gamma"": 0.2, ""learning_rate"": 0.07, ""max_depth"": 5, ""min_child_weight"": 1, ""n_estimators"": 250, ""subsample"": 1.0}",4,2621,0.7825257535291873,0.016285920828463384,1.8140446370056932e+18,352.6384297310968,0.07884120533897354,42.3589779990137
stage2,6227,61,0.6,74014,27,"{""atr_period"": 14, ""horizon_h"": 6, ""ma_windows"": [8, 24, 96], ""mtf_intervals"": [""4h"", ""1d""], ""ret_windows"": [1, 6, 12, 24, 48], ""rsi_period"": 7, ""target_threshold"": 0.006, ""vol_windows"": [24, 72]}","{""colsample_bytree"": 1.0, ""gamma"": 0.2, ""learning_rate"": 0.07, ""max_depth"": 5, ""min_child_weight"": 1, ""n_estimators"": 250, ""subsample"": 1.0}",4,2418,0.793631100082713,0.016847107859659045,2.6448982862058096e+17,352.6384297310968,0.07899211691902852,40.44676487483287
stage2,6227,61,0.62,74014,27,"{""atr_period"": 14, ""horizon_h"": 6, ""ma_windows"": [8, 24, 96], ""mtf_intervals"": [""4h"", ""1d""], ""ret_windows"": [1, 6, 12, 24, 48], ""rsi_period"": 7, ""target_threshold"": 0.006, ""vol_windows"": [24, 72]}","{""colsample_bytree"": 1.0, ""gamma"": 0.2, ""learning_rate"": 0.07, ""max_depth"": 5, ""min_child_weight"": 1, ""n_estimators"": 250, ""subsample"": 1.0}",4,2197,0.8088302230314065,0.017556173561719093,3.10409459081282e+16,352.6384297310968,0.07899211691902852,38.32210107206509
stage2,6227,61,0.65,74014,27,"{""atr_period"": 14, ""horizon_h"": 6, ""ma_windows"": [8, 24, 96], ""mtf_intervals"": [""4h"", ""1d""], ""ret_windows"": [1, 6, 12, 24, 48], ""rsi_period"": 7, ""target_threshold"": 0.006, ""vol_windows"": [24, 72]}","{""colsample_bytree"": 1.0, ""gamma"": 0.2, ""learning_rate"": 0.07, ""max_depth"": 5, ""min_child_weight"": 1, ""n_estimators"": 250, ""subsample"": 1.0}",4,1925,0.8275324675324676,0.01855531908195152,1851141989594210.0,352.6384297310968,0.07884120533897354,35.525627059239426
stage2,6227,38,0.52,74014,27,"{""atr_period"": 14, ""horizon_h"": 6, ""ma_windows"": [8, 24, 96], ""mtf_intervals"": [""4h"", ""1d""], ""ret_windows"": [1, 6, 12, 24, 48], ""rsi_period"": 7, ""target_threshold"": 0.006, ""vol_windows"": [24, 72]}","{""colsample_bytree"": 1.0, ""gamma"": 0.0, ""learning_rate"": 0.03, ""max_depth"": 5, ""min_child_weight"": 5, ""n_estimators"": 250, ""subsample"": 0.7}",4,2954,0.7630331753554502,0.015521520915924633,4.13384378019336e+19,352.6384297310968,0.07884120533897354,45.46350254335518
stage2,6227,38,0.55,74014,27,"{""atr_period"": 14, ""horizon_h"": 6, ""ma_windows"": [8, 24, 96], ""mtf_intervals"": [""4h"", ""1d""], ""ret_windows"": [1, 6, 12, 24, 48], ""rsi_period"": 7, ""target_threshold"": 0.006, ""vol_windows"": [24, 72]}","{""colsample_bytree"": 1.0, ""gamma"": 0.0, ""learning_rate"": 0.03, ""max_depth"": 5, ""min_child_weight"": 5, ""n_estimators"": 250, ""subsample"": 0.7}",4,2603,0.7825585862466385,0.01642877598715471,1.9594068204061396e+18,352.6384297310968,0.07884120533897365,42.43722993290485
stage2,6227,38,0.58,74014,27,"{""atr_period"": 14, ""horizon_h"": 6, ""ma_windows"": [8, 24, 96], ""mtf_intervals"": [""4h"", ""1d""], ""ret_windows"": [1, 6, 12, 24, 48], ""rsi_period"": 7, ""target_threshold"": 0.006, ""vol_windows"": [24, 72]}","{""colsample_bytree"": 1.0, ""gamma"": 0.0, ""learning_rate"": 0.03, ""max_depth"": 5, ""min_child_weight"": 5, ""n_estimators"": 250, ""subsample"": 0.7}",4,2271,0.7948040510788199,0.017225144977313363,5.337500885889456e+16,352.6384297310968,0.07884120533897354,38.85034283044614
stage2,6227,38,0.6,74014,27,"{""atr_period"": 14, ""horizon_h"": 6, ""ma_windows"": [8, 24, 96], ""mtf_intervals"": [""4h"", ""1d""], ""ret_windows"": [1, 6, 12, 24, 48], ""rsi_period"": 7, ""target_threshold"": 0.006, ""vol_windows"": [24, 72]}","{""colsample_bytree"": 1.0, ""gamma"": 0.0, ""learning_rate"": 0.03, ""max_depth"": 5, ""min_child_weight"": 5, ""n_estimators"": 250, ""subsample"": 0.7}",4,2052,0.8084795321637427,0.01789269573677057,4964552325414751.0,352.6384297310968,0.07884120533897354,36.49160411121868
stage2,6227,38,0.62,74014,27,"{""atr_period"": 14, ""horizon_h"": 6, ""ma_windows"": [8, 24, 96], ""mtf_intervals"": [""4h"", ""1d""], ""ret_windows"": [1, 6, 12, 24, 48], ""rsi_period"": 7, ""target_threshold"": 0.006, ""vol_windows"": [24, 72]}","{""colsample_bytree"": 1.0, ""gamma"": 0.0, ""learning_rate"": 0.03, ""max_depth"": 5, ""min_child_weight"": 5, ""n_estimators"": 250, ""subsample"": 0.7}",4,1858,0.8229278794402584,0.018627157661791613,618078203863305.8,352.6384297310968,0.07110468036280448,34.429443333513554
stage2,6227,38,0.65,74014,27,"{""atr_period"": 14, ""horizon_h"": 6, ""ma_windows"": [8, 24, 96], ""mtf_intervals"": [""4h"", ""1d""], ""ret_windows"": [1, 6, 12, 24, 48], ""rsi_period"": 7, ""target_threshold"": 0.006, ""vol_windows"": [24, 72]}","{""colsample_bytree"": 1.0, ""gamma"": 0.0, ""learning_rate"": 0.03, ""max_depth"": 5, ""min_child_weight"": 5, ""n_estimators"": 250, ""subsample"": 0.7}",4,1566,0.8390804597701149,0.019541551023297198,11897971664562.234,352.6384297310968,0.054652592210135076,30.507659533059346
stage2,6227,36,0.52,74014,27,"{""atr_period"": 14, ""horizon_h"": 6, ""ma_windows"": [8, 24, 96], ""mtf_intervals"": [""4h"", ""1d""], ""ret_windows"": [1, 6, 12, 24, 48], ""rsi_period"": 7, ""target_threshold"": 0.006, ""vol_windows"": [24, 72]}","{""colsample_bytree"": 1.0, ""gamma"": 0.0, ""learning_rate"": 0.03, ""max_depth"": 5, ""min_child_weight"": 1, ""n_estimators"": 250, ""subsample"": 0.7}",4,2970,0.7636363636363637,0.015522169932422777,5.298404006002462e+19,352.6384297310968,0.07884120533897354,45.71218825885197
stage2,6227,36,0.55,74014,27,"{""atr_period"": 14, ""horizon_h"": 6, ""ma_windows"": [8, 24, 96], ""mtf_intervals"": [""4h"", ""1d""], ""ret_windows"": [1, 6, 12, 24, 48], ""rsi_period"": 7, ""target_threshold"": 0.006, ""vol_windows"": [24, 72]}","{""colsample_bytree"": 1.0, ""gamma"": 0.0, ""learning_rate"": 0.03, ""max_depth"": 5, ""min_child_weight"": 1, ""n_estimators"": 250, ""subsample"": 0.7}",4,2609,0.7769260252970487,0.01625259691940219,1.3723457292151972e+18,352.6384297310968,0.07884120533897354,42.075194153599845
stage2,6227,36,0.58,74014,27,"{""atr_period"": 14, ""horizon_h"": 6, ""ma_windows"": [8, 24, 96], ""mtf_intervals"": [""4h"", ""1d""], ""ret_windows"": [1, 6, 12, 24, 48], ""rsi_period"": 7, ""target_threshold"": 0.006, ""vol_windows"": [24, 72]}","{""colsample_bytree"": 1.0, ""gamma"": 0.0, ""learning_rate"": 0.03, ""max_depth"": 5, ""min_child_weight"": 1, ""n_estimators"": 250, ""subsample"": 0.7}",4,2281,0.7930732135028496,0.01720146819566904,5.9739235862054024e+16,352.6384297310968,0.07884120533897343,38.96141513025463
stage2,6227,36,0.6,74014,27,"{""atr_period"": 14, ""horizon_h"": 6, ""ma_windows"": [8, 24, 96], ""mtf_intervals"": [""4h"", ""1d""], ""ret_windows"": [1, 6, 12, 24, 48], ""rsi_period"": 7, ""target_threshold"": 0.006, ""vol_windows"": [24, 72]}","{""colsample_bytree"": 1.0, ""gamma"": 0.0, ""learning_rate"": 0.03, ""max_depth"": 5, ""min_child_weight"": 1, ""n_estimators"": 250, ""subsample"": 0.7}",4,2043,0.8066568771414586,0.017816503067158852,3638696663659630.0,352.6384297310968,0.07573261296471678,36.18039317277466
stage2,6227,36,0.62,74014,27,"{""atr_period"": 14, ""horizon_h"": 6, ""ma_windows"": [8, 24, 96], ""mtf_intervals"": [""4h"", ""1d""], ""ret_windows"": [1, 6, 12, 24, 48], ""rsi_period"": 7, ""target_threshold"": 0.006, ""vol_windows"": [24, 72]}","{""colsample_bytree"": 1.0, ""gamma"": 0.0, ""learning_rate"": 0.03, ""max_depth"": 5, ""min_child_weight"": 1, ""n_estimators"": 250, ""subsample"": 0.7}",4,1856,0.8205818965517241,0.01856450809064614,533632140803242.44,352.6384297310968,0.07110468036280448,34.28015708439026
stage2,6227,36,0.65,74014,27,"{""atr_period"": 14, ""horizon_h"": 6, ""ma_windows"": [8, 24, 96], ""mtf_intervals"": [""4h"", ""1d""], ""ret_windows"": [1, 6, 12, 24, 48], ""rsi_period"": 7, ""target_threshold"": 0.006, ""vol_windows"": [24, 72]}","{""colsample_bytree"": 1.0, ""gamma"": 0.0, ""learning_rate"": 0.03, ""max_depth"": 5, ""min_child_weight"": 1, ""n_estimators"": 250, ""subsample"": 0.7}",4,1587,0.8393194706994329,0.019583298917380962,19001124505959.0,352.6384297310968,0.054652592210135076,30.97631494966134
stage2,6227,32,0.52,74014,27,"{""atr_period"": 14, ""horizon_h"": 6, ""ma_windows"": [8, 24, 96], ""mtf_intervals"": [""4h"", ""1d""], ""ret_windows"": [1, 6, 12, 24, 48], ""rsi_period"": 7, ""target_threshold"": 0.006, ""vol_windows"": [24, 72]}","{""colsample_bytree"": 0.7, ""gamma"": 0.0, ""learning_rate"": 0.03, ""max_depth"": 5, ""min_child_weight"": 1, ""n_estimators"": 250, ""subsample"": 0.7}",4,2939,0.7608029942157196,0.01551569221192566,3.2283101740002984e+19,352.6384297310968,0.07899211691902852,45.214347475886676
stage2,6227,32,0.55,74014,27,"{""atr_period"": 14, ""horizon_h"": 6, ""ma_windows"": [8, 24, 96], ""mtf_intervals"": [""4h"", ""1d""], ""ret_windows"": [1, 6, 12, 24, 48], ""rsi_period"": 7, ""target_threshold"": 0.006, ""vol_windows"": [24, 72]}","{""colsample_bytree"": 0.7, ""gamma"": 0.0, ""learning_rate"": 0.03, ""max_depth"": 5, ""min_child_weight"": 1, ""n_estimators"": 250, ""subsample"": 0.7}",4,2578,0.7777346780449961,0.016352785046206887,1.0732880550471297e+18,352.6384297310968,0.07899211691902874,41.83077252349867
stage2,6227,32,0.58,74014,27,"{""atr_period"": 14, ""horizon_h"": 6, ""ma_windows"": [8, 24, 96], ""mtf_intervals"": [""4h"", ""1d""], ""ret_windows"": [1, 6, 12, 24, 48], ""rsi_period"": 7, ""target_threshold"": 0.006, ""vol_windows"": [24, 72]}","{""colsample_bytree"": 0.7, ""gamma"": 0.0, ""learning_rate"": 0.03, ""max_depth"": 5, ""min_child_weight"": 1, ""n_estimators"": 250, ""subsample"": 0.7}",4,2218,0.7984670874661858,0.017271067270969515,2.395850630945107e+16,352.6384297310968,0.07422883788216583,38.054927614406395
stage2,6227,32,0.6,74014,27,"{""atr_period"": 14, ""horizon_h"": 6, ""ma_windows"": [8, 24, 96], ""mtf_intervals"": [""4h"", ""1d""], ""ret_windows"": [1, 6, 12, 24, 48], ""rsi_period"": 7, ""target_threshold"": 0.006, ""vol_windows"": [24, 72]}","{""colsample_bytree"": 0.7, ""gamma"": 0.0, ""learning_rate"": 0.03, ""max_depth"": 5, ""min_child_weight"": 1, ""n_estimators"": 250, ""subsample"": 0.7}",4,2005,0.8044887780548629,0.01789591799848681,2177515791100178.2,352.6384297310968,0.07422883788216628,35.66660502406
stage2,6227,32,0.62,74014,27,"{""atr_period"": 14, ""horizon_h"": 6, ""ma_windows"": [8, 24, 96], ""mtf_intervals"": [""4h"", ""1d""], ""ret_windows"": [1, 6, 12, 24, 48], ""rsi_period"": 7, ""target_threshold"": 0.006, ""vol_windows"": [24, 72]}","{""colsample_bytree"": 0.7, ""gamma"": 0.0, ""learning_rate"": 0.03, ""max_depth"": 5, ""min_child_weight"": 1, ""n_estimators"": 250, ""subsample"": 0.7}",4,1807,0.819590481460985,0.018651045852757477,252700790723525.88,352.6384297310968,0.0711046803628046,33.532555671227065
stage2,6227,32,0.65,74014,27,"{""atr_period"": 14, ""horizon_h"": 6, ""ma_windows"": [8, 24, 96], ""mtf_intervals"": [""4h"", ""1d""], ""ret_windows"": [1, 6, 12, 24, 48], ""rsi_period"": 7, ""target_threshold"": 0.006, ""vol_windows"": [24, 72]}","{""colsample_bytree"": 0.7, ""gamma"": 0.0, ""learning_rate"": 0.03, ""max_depth"": 5, ""min_child_weight"": 1, ""n_estimators"": 250, ""subsample"": 0.7}",4,1539,0.8401559454191033,0.019690401195196935,8856953914303.46,352.6384297310968,0.041857261497263876,30.220943354582957
stage2,6227,42,0.52,74014,27,"{""atr_period"": 14, ""horizon_h"": 6, ""ma_windows"": [8, 24, 96], ""mtf_intervals"": [""4h"", ""1d""], ""ret_windows"": [1, 6, 12, 24, 48], ""rsi_period"": 7, ""target_threshold"": 0.006, ""vol_windows"": [24, 72]}","{""colsample_bytree"": 0.7, ""gamma"": 0.0, ""learning_rate"": 0.03, ""max_depth"": 5, ""min_child_weight"": 5, ""n_estimators"": 250, ""subsample"": 1.0}",4,2909,0.7562736335510485,0.015463169864755853,1.7501928881849629e+19,352.6384297310968,0.07899211691902852,44.598070977867664
stage2,6227,42,0.55,74014,27,"{""atr_period"": 14, ""horizon_h"": 6, ""ma_windows"": [8, 24, 96], ""mtf_intervals"": [""4h"", ""1d""], ""ret_windows"": [1, 6, 12, 24, 48], ""rsi_period"": 7, ""target_threshold"": 0.006, ""vol_windows"": [24, 72]}","{""colsample_bytree"": 0.7, ""gamma"": 0.0, ""learning_rate"": 0.03, ""max_depth"": 5, ""min_child_weight"": 5, ""n_estimators"": 250, ""subsample"": 1.0}",4,2516,0.7786168521462639,0.01644215594846224,4.914096236855453e+17,352.6384297310968,0.07422883788216605,41.053370749389295
stage2,6227,42,0.58,74014,27,"{""atr_period"": 14, ""horizon_h"": 6, ""ma_windows"": [8, 24, 96], ""mtf_intervals"": [""4h"", ""1d""], ""ret_windows"": [1, 6, 12, 24, 48], ""rsi_period"": 7, ""target_threshold"": 0.006, ""vol_windows"": [24, 72]}","{""colsample_bytree"": 0.7, ""gamma"": 0.0, ""learning_rate"": 0.03, ""max_depth"": 5, ""min_child_weight"": 5, ""n_estimators"": 250, ""subsample"": 1.0}",4,2187,0.7997256515775034,0.017314271936188386,1.5456113428629274e+16,352.6384297310968,0.07422883788216617,37.61796128897318
stage2,6227,42,0.6,74014,27,"{""atr_period"": 14, ""horizon_h"": 6, ""ma_windows"": [8, 24, 96], ""mtf_intervals"": [""4h"", ""1d""], ""ret_windows"": [1, 6, 12, 24, 48], ""rsi_period"": 7, ""target_threshold"": 0.006, ""vol_windows"": [24, 72]}","{""colsample_bytree"": 0.7, ""gamma"": 0.0, ""learning_rate"": 0.03, ""max_depth"": 5, ""min_child_weight"": 5, ""n_estimators"": 250, ""subsample"": 1.0}",4,1971,0.8122780314561137,0.018082899101048402,1710915530421658.8,352.6384297310968,0.0711046803628046,35.43473829785021
stage2,6227,42,0.62,74014,27,"{""atr_period"": 14, ""horizon_h"": 6, ""ma_windows"": [8, 24, 96], ""mtf_intervals"": [""4h"", ""1d""], ""ret_windows"": [1, 6, 12, 24, 48], ""rsi_period"": 7, ""target_threshold"": 0.006, ""vol_windows"": [24, 72]}","{""colsample_bytree"": 0.7, ""gamma"": 0.0, ""learning_rate"": 0.03, ""max_depth"": 5, ""min_child_weight"": 5, ""n_estimators"": 250, ""subsample"": 1.0}",4,1781,0.8214486243683324,0.018747984529166085,185505324614540.97,352.6384297310968,0.07110468036280448,33.225695137232194
stage2,6227,42,0.65,74014,27,"{""atr_period"": 14, ""horizon_h"": 6, ""ma_windows"": [8, 24, 96], ""mtf_intervals"": [""4h"", ""1d""], ""ret_windows"": [1, 6, 12, 24, 48], ""rsi_period"": 7, ""target_threshold"": 0.006, ""vol_windows"": [24, 72]}","{""colsample_bytree"": 0.7, ""gamma"": 0.0, ""learning_rate"": 0.03, ""max_depth"": 5, ""min_child_weight"": 5, ""n_estimators"": 250, ""subsample"": 1.0}",4,1515,0.8382838283828383,0.019864732245238687,7170580934216.51,352.6384297310968,0.041857261497263876,30.009624080080727
stage2,6227,44,0.52,74014,27,"{""atr_period"": 14, ""horizon_h"": 6, ""ma_windows"": [8, 24, 96], ""mtf_intervals"": [""4h"", ""1d""], ""ret_windows"": [1, 6, 12, 24, 48], ""rsi_period"": 7, ""target_threshold"": 0.006, ""vol_windows"": [24, 72]}","{""colsample_bytree"": 1.0, ""gamma"": 0.0, ""learning_rate"": 0.03, ""max_depth"": 5, ""min_child_weight"": 1, ""n_estimators"": 250, ""subsample"": 1.0}",4,2926,0.7593984962406015,0.015457375102971098,2.2229179547641967e+19,352.6384297310968,0.07884120533897376,44.83969468889609
stage2,6227,44,0.55,74014,27,"{""atr_period"": 14, ""horizon_h"": 6, ""ma_windows"": [8, 24, 96], ""mtf_intervals"": [""4h"", ""1d""], ""ret_windows"": [1, 6, 12, 24, 48], ""rsi_period"": 7, ""target_threshold"": 0.006, ""vol_windows"": [24, 72]}","{""colsample_bytree"": 1.0, ""gamma"": 0.0, ""learning_rate"": 0.03, ""max_depth"": 5, ""min_child_weight"": 1, ""n_estimators"": 250, ""subsample"": 1.0}",4,2572,0.78149300155521,0.01643403992627489,1.1960498004552712e+18,352.6384297310968,0.07884120533897365,41.942802085715904
stage2,6227,44,0.58,74014,27,"{""atr_period"": 14, ""horizon_h"": 6, ""ma_windows"": [8, 24, 96], ""mtf_intervals"": [""4h"", ""1d""], ""ret_windows"": [1, 6, 12, 24, 48], ""rsi_period"": 7, ""target_threshold"": 0.006, ""vol_windows"": [24, 72]}","{""colsample_bytree"": 1.0, ""gamma"": 0.0, ""learning_rate"": 0.03, ""max_depth"": 5, ""min_child_weight"": 1, ""n_estimators"": 250, ""subsample"": 1.0}",4,2216,0.7946750902527075,0.017314476269990976,2.5308572595781856e+16,352.6384297310968,0.07884120533897332,38.10475485072215
stage2,6227,44,0.6,74014,27,"{""atr_period"": 14, ""horizon_h"": 6, ""ma_windows"": [8, 24, 96], ""mtf_intervals"": [""4h"", ""1d""], ""ret_windows"": [1, 6, 12, 24, 48], ""rsi_period"": 7, ""target_threshold"": 0.006, ""vol_windows"": [24, 72]}","{""colsample_bytree"": 1.0, ""gamma"": 0.0, ""learning_rate"": 0.03, ""max_depth"": 5, ""min_child_weight"": 1, ""n_estimators"": 250, ""subsample"": 1.0}",4,2010,0.8104477611940298,0.01801596056213354,3007542583754526.0,352.6384297310968,0.07422883788216605,35.99527119737523
stage2,6227,44,0.62,74014,27,"{""atr_period"": 14, ""horizon_h"": 6, ""ma_windows"": [8, 24, 96], ""mtf_intervals"": [""4h"", ""1d""], ""ret_windows"": [1, 6, 12, 24, 48], ""rsi_period"": 7, ""target_threshold"": 0.006, ""vol_windows"": [24, 72]}","{""colsample_bytree"": 1.0, ""gamma"": 0.0, ""learning_rate"": 0.03, ""max_depth"": 5, ""min_child_weight"": 1, ""n_estimators"": 250, ""subsample"": 1.0}",4,1816,0.8215859030837004,0.018668211864804513,307525058418455.56,352.6384297310968,0.07422883788216594,33.72907768909097
stage2,6227,44,0.65,74014,27,"{""atr_period"": 14, ""horizon_h"": 6, ""ma_windows"": [8, 24, 96], ""mtf_intervals"": [""4h"", ""1d""], ""ret_windows"": [1, 6, 12, 24, 48], ""rsi_period"": 7, ""target_threshold"": 0.006, ""vol_windows"": [24, 72]}","{""colsample_bytree"": 1.0, ""gamma"": 0.0, ""learning_rate"": 0.03, ""max_depth"": 5, ""min_child_weight"": 1, ""n_estimators"": 250, ""subsample"": 1.0}",4,1567,0.839821314613912,0.01957035035229631,12675245579586.393,352.6384297310968,0.07422883788216617,30.561977475901813
stage2,6227,23,0.52,74014,27,"{""atr_period"": 14, ""horizon_h"": 6, ""ma_windows"": [8, 24, 96], ""mtf_intervals"": [""4h"", ""1d""], ""ret_windows"": [1, 6, 12, 24, 48], ""rsi_period"": 7, ""target_threshold"": 0.006, ""vol_windows"": [24, 72]}","{""colsample_bytree"": 1.0, ""gamma"": 0.2, ""learning_rate"": 0.07, ""max_depth"": 3, ""min_child_weight"": 5, ""n_estimators"": 250, ""subsample"": 0.7}",4,2774,0.7541456380677721,0.015602190593835974,3.24572119363194e+18,352.6384297310968,0.07884120533897354,42.91258267954331
stage2,6227,23,0.55,74014,27,"{""atr_period"": 14, ""horizon_h"": 6, ""ma_windows"": [8, 24, 96], ""mtf_intervals"": [""4h"", ""1d""], ""ret_windows"": [1, 6, 12, 24, 48], ""rsi_period"": 7, ""target_threshold"": 0.006, ""vol_windows"": [24, 72]}","{""colsample_bytree"": 1.0, ""gamma"": 0.2, ""learning_rate"": 0.07, ""max_depth"": 3, ""min_child_weight"": 5, ""n_estimators"": 250, ""subsample"": 0.7}",4,2399,0.7761567319716548,0.016564177068853266,9.798276841197906e+16,352.6384297310968,0.07884120533897343,39.43758622504875
stage2,6227,23,0.58,74014,27,"{""atr_period"": 14, ""horizon_h"": 6, ""ma_windows"": [8, 24, 96], ""mtf_intervals"": [""4h"", ""1d""], ""ret_windows"": [1, 6, 12, 24, 48], ""rsi_period"": 7, ""target_threshold"": 0.006, ""vol_windows"": [24, 72]}","{""colsample_bytree"": 1.0, ""gamma"": 0.2, ""learning_rate"": 0.07, ""max_depth"": 3, ""min_child_weight"": 5, ""n_estimators"": 250, ""subsample"": 0.7}",4,2047,0.7889594528578407,0.017487984396319843,2001984706305473.2,352.6384297310968,0.07422883788216605,35.56687245508223
stage2,6227,23,0.6,74014,27,"{""atr_period"": 14, ""horizon_h"": 6, ""ma_windows"": [8, 24, 96], ""mtf_intervals"": [""4h"", ""1d""], ""ret_windows"": [1, 6, 12, 24, 48], ""rsi_period"": 7, ""target_threshold"": 0.006, ""vol_windows"": [24, 72]}","{""colsample_bytree"": 1.0, ""gamma"": 0.2, ""learning_rate"": 0.07, ""max_depth"": 3, ""min_child_weight"": 5, ""n_estimators"": 250, ""subsample"": 0.7}",4,1836,0.8022875816993464,0.018115957424918488,163486367666547.62,352.6384297310968,0.07110468036280448,33.07895610918087
stage2,6227,23,0.62,74014,27,"{""atr_period"": 14, ""horizon_h"": 6, ""ma_windows"": [8, 24, 96], ""mtf_intervals"": [""4h"", ""1d""], ""ret_windows"": [1, 6, 12, 24, 48], ""rsi_period"": 7, ""target_threshold"": 0.006, ""vol_windows"": [24, 72]}","{""colsample_bytree"": 1.0, ""gamma"": 0.2, ""learning_rate"": 0.07, ""max_depth"": 3, ""min_child_weight"": 5, ""n_estimators"": 250, ""subsample"": 0.7}",4,1670,0.8137724550898203,0.018681578948751096,21397642711765.82,352.6384297310968,0.07110468036280448,31.05922013371365
stage2,6227,23,0.65,74014,27,"{""atr_period"": 14, ""horizon_h"": 6, ""ma_windows"": [8, 24, 96], ""mtf_intervals"": [""4h"", ""1d""], ""ret_windows"": [1, 6, 12, 24, 48], ""rsi_period"": 7, ""target_threshold"": 0.006, ""vol_windows"": [24, 72]}","{""colsample_bytree"": 1.0, ""gamma"": 0.2, ""learning_rate"": 0.07, ""max_depth"": 3, ""min_child_weight"": 5, ""n_estimators"": 250, ""subsample"": 0.7}",4,1424,0.8370786516853933,0.019931890319095747,1325329773220.724,352.6384297310968,0.07110468036280448,28.30624813356917
stage2,1403,51,0.52,74014,27,"{""atr_period"": 21, ""horizon_h"": 6, ""ma_windows"": [8, 24, 96], ""mtf_intervals"": [""4h"", ""1d""], ""ret_windows"": [1, 3, 6, 12, 24], ""rsi_period"": 7, ""target_threshold"": 0.006, ""vol_windows"": [12, 48]}","{""colsample_bytree"": 0.7, ""gamma"": 0.2, ""learning_rate"": 0.07, ""max_depth"": 5, ""min_child_weight"": 5, ""n_estimators"": 250, ""subsample"": 0.7}",4,3226,0.7479851208927464,0.014837105865516651,3.041157037692277e+20,352.6384297310968,0.08546362557743126,47.43829303824117
stage2,1403,51,0.55,74014,27,"{""atr_period"": 21, ""horizon_h"": 6, ""ma_windows"": [8, 24, 96], ""mtf_intervals"": [""4h"", ""1d""], ""ret_windows"": [1, 3, 6, 12, 24], ""rsi_period"": 7, ""target_threshold"": 0.006, ""vol_windows"": [12, 48]}","{""colsample_bytree"": 0.7, ""gamma"": 0.2, ""learning_rate"": 0.07, ""max_depth"": 5, ""min_child_weight"": 5, ""n_estimators"": 250, ""subsample"": 0.7}",4,2879,0.770059048280653,0.015634462730321465,1.8179816473823572e+19,352.6384297310968,0.07884120533897354,44.648546005439606
stage2,1403,51,0.58,74014,27,"{""atr_period"": 21, ""horizon_h"": 6, ""ma_windows"": [8, 24, 96], ""mtf_intervals"": [""4h"", ""1d""], ""ret_windows"": [1, 3, 6, 12, 24], ""rsi_period"": 7, ""target_threshold"": 0.006, ""vol_windows"": [12, 48]}","{""colsample_bytree"": 0.7, ""gamma"": 0.2, ""learning_rate"": 0.07, ""max_depth"": 5, ""min_child_weight"": 5, ""n_estimators"": 250, ""subsample"": 0.7}",4,2582,0.7838884585592564,0.016326721569762486,1.0795401077501295e+18,352.6384297310968,0.07884120533897354,41.84137073491797
stage2,1403,51,0.6,74014,27,"{""atr_period"": 21, ""horizon_h"": 6, ""ma_windows"": [8, 24, 96], ""mtf_intervals"": [""4h"", ""1d""], ""ret_windows"": [1, 3, 6, 12, 24], ""rsi_period"": 7, ""target_threshold"": 0.006, ""vol_windows"": [12, 48]}","{""colsample_bytree"": 0.7, ""gamma"": 0.2, ""learning_rate"": 0.07, ""max_depth"": 5, ""min_child_weight"": 5, ""n_estimators"": 250, ""subsample"": 0.7}",4,2354,0.7994902293967715,0.01697035528947144,1.2177699971495024e+17,352.6384297310968,0.07422883788216594,39.67920850275207
stage2,1403,51,0.62,74014,27,"{""atr_period"": 21, ""horizon_h"": 6, ""ma_windows"": [8, 24, 96], ""mtf_intervals"": [""4h"", ""1d""], ""ret_windows"": [1, 3, 6, 12, 24], ""rsi_period"": 7, ""target_threshold"": 0.006, ""vol_windows"": [12, 48]}","{""colsample_bytree"": 0.7, ""gamma"": 0.2, ""learning_rate"": 0.07, ""max_depth"": 5, ""min_child_weight"": 5, ""n_estimators"": 250, ""subsample"": 0.7}",4,2163,0.8132223763291725,0.017568069260264076,1.7715177021098774e+16,352.6384297310968,0.07422883788216617,37.76720616210618
stage2,1403,51,0.65,74014,27,"{""atr_period"": 21, ""horizon_h"": 6, ""ma_windows"": [8, 24, 96], ""mtf_intervals"": [""4h"", ""1d""], ""ret_windows"": [1, 3, 6, 12, 24], ""rsi_period"": 7, ""target_threshold"": 0.006, ""vol_windows"": [12, 48]}","{""colsample_bytree"": 0.7, ""gamma"": 0.2, ""learning_rate"": 0.07, ""max_depth"": 5, ""min_child_weight"": 5, ""n_estimators"": 250, ""subsample"": 0.7}",4,1864,0.8310085836909872,0.01858353664032946,639156861187712.1,352.6384297310968,0.07110468036280448,34.46909383924202
stage2,1403,58,0.52,74014,27,"{""atr_period"": 21, ""horizon_h"": 6, ""ma_windows"": [8, 24, 96], ""mtf_intervals"": [""4h"", ""1d""], ""ret_windows"": [1, 3, 6, 12, 24], ""rsi_period"": 7, ""target_threshold"": 0.006, ""vol_windows"": [12, 48]}","{""colsample_bytree"": 0.7, ""gamma"": 0.0, ""learning_rate"": 0.07, ""max_depth"": 5, ""min_child_weight"": 5, ""n_estimators"": 250, ""subsample"": 1.0}",4,3215,0.7558320373250389,0.014898915427181983,3.1733330093691136e+20,352.6384297310968,0.07948315543020468,47.49059969348889
stage2,1403,58,0.55,74014,27,"{""atr_period"": 21, ""horizon_h"": 6, ""ma_windows"": [8, 24, 96], ""mtf_intervals"": [""4h"", ""1d""], ""ret_windows"": [1, 3, 6, 12, 24], ""rsi_period"": 7, ""target_threshold"": 0.006, ""vol_windows"": [12, 48]}","{""colsample_bytree"": 0.7, ""gamma"": 0.0, ""learning_rate"": 0.07, ""max_depth"": 5, ""min_child_weight"": 5, ""n_estimators"": 250, ""subsample"": 1.0}",4,2860,0.7744755244755245,0.015678893333085968,1.5422819855994126e+19,352.6384297310968,0.07884120533897343,44.48797085892347
stage2,1403,58,0.58,74014,27,"{""atr_period"": 21, ""horizon_h"": 6, ""ma_windows"": [8, 24, 96], ""mtf_intervals"": [""4h"", ""1d""], ""ret_windows"": [1, 3, 6, 12, 24], ""rsi_period"": 7, ""target_threshold"": 0.006, ""vol_windows"": [12, 48]}","{""colsample_bytree"": 0.7, ""gamma"": 0.0, ""learning_rate"": 0.07, ""max_depth"": 5, ""min_child_weight"": 5, ""n_estimators"": 250, ""subsample"": 1.0}",4,2559,0.7913247362250879,0.01646859167997399,1.0652947618042272e+18,352.6384297310968,0.07884120533897354,41.83517112615754
stage2,1403,58,0.6,74014,27,"{""atr_period"": 21, ""horizon_h"": 6, ""ma_windows"": [8, 24, 96], ""mtf_intervals"": [""4h"", ""1d""], ""ret_windows"": [1, 3, 6, 12, 24], ""rsi_period"": 7, ""target_threshold"": 0.006, ""vol_windows"": [12, 48]}","{""colsample_bytree"": 0.7, ""gamma"": 0.0, ""learning_rate"": 0.07, ""max_depth"": 5, ""min_child_weight"": 5, ""n_estimators"": 250, ""subsample"": 1.0}",4,2327,0.8044692737430168,0.01720174299028416,1.3139205788298762e+17,352.6384297310968,0.07422883788216605,39.761037000819286
stage2,1403,58,0.62,74014,27,"{""atr_period"": 21, ""horizon_h"": 6, ""ma_windows"": [8, 24, 96], ""mtf_intervals"": [""4h"", ""1d""], ""ret_windows"": [1, 3, 6, 12, 24], ""rsi_period"": 7, ""target_threshold"": 0.006, ""vol_windows"": [12, 48]}","{""colsample_bytree"": 0.7, ""gamma"": 0.0, ""learning_rate"": 0.07, ""max_depth"": 5, ""min_child_weight"": 5, ""n_estimators"": 250, ""subsample"": 1.0}",4,2137,0.8109499298081423,0.017669757836213735,1.3981851031861208e+16,352.6384297310968,0.07422883788216617,37.52954011625916
stage2,1403,58,0.65,74014,27,"{""atr_period"": 21, ""horizon_h"": 6, ""ma_windows"": [8, 24, 96], ""mtf_intervals"": [""4h"", ""1d""], ""ret_windows"": [1, 3, 6, 12, 24], ""rsi_period"": 7, ""target_threshold"": 0.006, ""vol_windows"": [12, 48]}","{""colsample_bytree"": 0.7, ""gamma"": 0.0, ""learning_rate"": 0.07, ""max_depth"": 5, ""min_child_weight"": 5, ""n_estimators"": 250, ""subsample"": 1.0}",4,1876,0.8251599147121536,0.018455009024446585,629416783854332.2,352.6384297310968,0.060566013874518876,34.45329976366657
stage2,1403,50,0.52,74014,27,"{""atr_period"": 21, ""horizon_h"": 6, ""ma_windows"": [8, 24, 96], ""mtf_intervals"": [""4h"", ""1d""], ""ret_windows"": [1, 3, 6, 12, 24], ""rsi_period"": 7, ""target_threshold"": 0.006, ""vol_windows"": [12, 48]}","{""colsample_bytree"": 0.7, ""gamma"": 0.0, ""learning_rate"": 0.07, ""max_depth"": 5, ""min_child_weight"": 5, ""n_estimators"": 250, ""subsample"": 0.7}",4,3250,0.7476923076923077,0.014784909291373157,3.679249822899198e+20,352.6384297310968,0.062108145102891976,47.63978978674135
stage2,1403,50,0.55,74014,27,"{""atr_period"": 21, ""horizon_h"": 6, ""ma_windows"": [8, 24, 96], ""mtf_intervals"": [""4h"", ""1d""], ""ret_windows"": [1, 3, 6, 12, 24], ""rsi_period"": 7, ""target_threshold"": 0.006, ""vol_windows"": [12, 48]}","{""colsample_bytree"": 0.7, ""gamma"": 0.0, ""learning_rate"": 0.07, ""max_depth"": 5, ""min_child_weight"": 5, ""n_estimators"": 250, ""subsample"": 0.7}",4,2890,0.7726643598615917,0.015764466003898813,3.1283136604934586e+19,352.6384297310968,0.07884120533897354,45.194437472887515
stage2,1403,50,0.58,74014,27,"{""atr_period"": 21, ""horizon_h"": 6, ""ma_windows"": [8, 24, 96], ""mtf_intervals"": [""4h"", ""1d""], ""ret_windows"": [1, 3, 6, 12, 24], ""rsi_period"": 7, ""target_threshold"": 0.006, ""vol_windows"": [12, 48]}","{""colsample_bytree"": 0.7, ""gamma"": 0.0, ""learning_rate"": 0.07, ""max_depth"": 5, ""min_child_weight"": 5, ""n_estimators"": 250, ""subsample"": 0.7}",4,2579,0.788290034897247,0.016461816872303234,1.4559299458777574e+18,352.6384297310968,0.07884120533897354,42.14508246864159
stage2,1403,50,0.6,74014,27,"{""atr_period"": 21, ""horizon_h"": 6, ""ma_windows"": [8, 24, 96], ""mtf_intervals"": [""4h"", ""1d""], ""ret_windows"": [1, 3, 6, 12, 24], ""rsi_period"": 7, ""target_threshold"": 0.006, ""vol_windows"": [12, 48]}","{""colsample_bytree"": 0.7, ""gamma"": 0.0, ""learning_rate"": 0.07, ""max_depth"": 5, ""min_child_weight"": 5, ""n_estimators"": 250, ""subsample"": 0.7}",4,2365,0.8,0.017005756925413017,1.595073188690608e+17,352.6384297310968,0.07884120533897343,39.94749165514306
stage2,1403,50,0.62,74014,27,"{""atr_period"": 21, ""horizon_h"": 6, ""ma_windows"": [8, 24, 96], ""mtf_intervals"": [""4h"", ""1d""], ""ret_windows"": [1, 3, 6, 12, 24], ""rsi_period"": 7, ""target_threshold"": 0.006, ""vol_windows"": [12, 48]}","{""colsample_bytree"": 0.7, ""gamma"": 0.0, ""learning_rate"": 0.07, ""max_depth"": 5, ""min_child_weight"": 5, ""n_estimators"": 250, ""subsample"": 0.7}",4,2165,0.815242494226328,0.01760533090443686,1.9967613539483016e+16,352.6384297310968,0.07422883788216594,37.88881025659365
stage2,1403,50,0.65,74014,27,"{""atr_period"": 21, ""horizon_h"": 6, ""ma_windows"": [8, 24, 96], ""mtf_intervals"": [""4h"", ""1d""], ""ret_windows"": [1, 3, 6, 12, 24], ""rsi_period"": 7, ""target_threshold"": 0.006, ""vol_windows"": [12, 48]}","{""colsample_bytree"": 0.7, ""gamma"": 0.0, ""learning_rate"": 0.07, ""max_depth"": 5, ""min_child_weight"": 5, ""n_estimators"": 250, ""subsample"": 0.7}",4,1869,0.831995719636169,0.018509983595085638,615163518887977.4,352.6384297310968,0.07125685940208049,34.43095724753335
stage2,1403,48,0.52,74014,27,"{""atr_period"": 21, ""horizon_h"": 6, ""ma_windows"": [8, 24, 96], ""mtf_intervals"": [""4h"", ""1d""], ""ret_windows"": [1, 3, 6, 12, 24], ""rsi_period"": 7, ""target_threshold"": 0.006, ""vol_windows"": [12, 48]}","{""colsample_bytree"": 0.7, ""gamma"": 0.0, ""learning_rate"": 0.07, ""max_depth"": 5, ""min_child_weight"": 1, ""n_estimators"": 250, ""subsample"": 0.7}",4,3269,0.7473233404710921,0.014764156709620226,4.530231660915381e+20,352.6384297310968,0.0998471867187587,47.82852327003766
stage2,1403,48,0.55,74014,27,"{""atr_period"": 21, ""horizon_h"": 6, ""ma_windows"": [8, 24, 96], ""mtf_intervals"": [""4h"", ""1d""], ""ret_windows"": [1, 3, 6, 12, 24], ""rsi_period"": 7, ""target_threshold"": 0.006, ""vol_windows"": [12, 48]}","{""colsample_bytree"": 0.7, ""gamma"": 0.0, ""learning_rate"": 0.07, ""max_depth"": 5, ""min_child_weight"": 1, ""n_estimators"": 250, ""subsample"": 0.7}",4,2899,0.7713004484304933,0.015617980232447986,2.3664748157510062e+19,352.6384297310968,0.07555929230209901,44.91472274966593
stage2,1403,48,0.58,74014,27,"{""atr_period"": 21, ""horizon_h"": 6, ""ma_windows"": [8, 24, 96], ""mtf_intervals"": [""4h"", ""1d""], ""ret_windows"": [1, 3, 6, 12, 24], ""rsi_period"": 7, ""target_threshold"": 0.006, ""vol_windows"": [12, 48]}","{""colsample_bytree"": 0.7, ""gamma"": 0.0, ""learning_rate"": 0.07, ""max_depth"": 5, ""min_child_weight"": 1, ""n_estimators"": 250, ""subsample"": 0.7}",4,2560,0.787109375,0.016370549957738612,8.460881603568168e+17,352.6384297310968,0.07884120533897354,41.60063125453959
stage2,1403,48,0.6,74014,27,"{""atr_period"": 21, ""horizon_h"": 6, ""ma_windows"": [8, 24, 96], ""mtf_intervals"": [""4h"", ""1d""], ""ret_windows"": [1, 3, 6, 12, 24], ""rsi_period"": 7, ""target_threshold"": 0.006, ""vol_windows"": [12, 48]}","{""colsample_bytree"": 0.7, ""gamma"": 0.0, ""learning_rate"": 0.07, ""max_depth"": 5, ""min_child_weight"": 1, ""n_estimators"": 250, ""subsample"": 0.7}",4,2366,0.797971259509721,0.016925600739673172,1.3365824015973195e+17,352.6384297310968,0.07884120533897354,39.76842370121862
stage2,1403,48,0.62,74014,27,"{""atr_period"": 21, ""horizon_h"": 6, ""ma_windows"": [8, 24, 96], ""mtf_intervals"": [""4h"", ""1d""], ""ret_windows"": [1, 3, 6, 12, 24], ""rsi_period"": 7, ""target_threshold"": 0.006, ""vol_windows"": [12, 48]}","{""colsample_bytree"": 0.7, ""gamma"": 0.0, ""learning_rate"": 0.07, ""max_depth"": 5, ""min_child_weight"": 1, ""n_estimators"": 250, ""subsample"": 0.7}",4,2184,0.8141025641025641,0.01756329919434103,2.520903441852878e+16,352.6384297310968,0.07899211691902863,38.11827122022823
stage2,1403,48,0.65,74014,27,"{""atr_period"": 21, ""horizon_h"": 6, ""ma_windows"": [8, 24, 96], ""mtf_intervals"": [""4h"", ""1d""], ""ret_windows"": [1, 3, 6, 12, 24], ""rsi_period"": 7, ""target_threshold"": 0.006, ""vol_windows"": [12, 48]}","{""colsample_bytree"": 0.7, ""gamma"": 0.0, ""learning_rate"": 0.07, ""max_depth"": 5, ""min_child_weight"": 1, ""n_estimators"": 250, ""subsample"": 0.7}",4,1906,0.8300104931794333,0.018433834929203016,1043132578761235.9,352.6384297310968,0.07438050509704208,34.95529349718608
stage2,1403,57,0.52,74014,27,"{""atr_period"": 21, ""horizon_h"": 6, ""ma_windows"": [8, 24, 96], ""mtf_intervals"": [""4h"", ""1d""], ""ret_windows"": [1, 3, 6, 12, 24], ""rsi_period"": 7, ""target_threshold"": 0.006, ""vol_windows"": [12, 48]}","{""colsample_bytree"": 0.7, ""gamma"": 0.2, ""learning_rate"": 0.07, ""max_depth"": 5, ""min_child_weight"": 1, ""n_estimators"": 250, ""subsample"": 1.0}",4,3204,0.7528089887640449,0.014971734420150777,3.376857498266305e+20,352.6384297310968,0.07884120533897332,47.551247866367106
stage2,1403,57,0.55,74014,27,"{""atr_period"": 21, ""horizon_h"": 6, ""ma_windows"": [8, 24, 96], ""mtf_intervals"": [""4h"", ""1d""], ""ret_windows"": [1, 3, 6, 12, 24], ""rsi_period"": 7, ""target_threshold"": 0.006, ""vol_windows"": [12, 48]}","{""colsample_bytree"": 0.7, ""gamma"": 0.2, ""learning_rate"": 0.07, ""max_depth"": 5, ""min_child_weight"": 1, ""n_estimators"": 250, ""subsample"": 1.0}",4,2861,0.7707095421181405,0.015675835945162607,1.5451084493191037e+19,352.6384297310968,0.07884120533897354,44.48676458709348
stage2,1403,57,0.58,74014,27,"{""atr_period"": 21, ""horizon_h"": 6, ""ma_windows"": [8, 24, 96], ""mtf_intervals"": [""4h"", ""1d""], ""ret_windows"": [1, 3, 6, 12, 24], ""rsi_period"": 7, ""target_threshold"": 0.006, ""vol_windows"": [12, 48]}","{""colsample_bytree"": 0.7, ""gamma"": 0.2, ""learning_rate"": 0.07, ""max_depth"": 5, ""min_child_weight"": 1, ""n_estimators"": 250, ""subsample"": 1.0}",4,2570,0.791828793774319,0.01653151232241505,1.492155780212695e+18,352.6384297310968,0.07884120533897343,42.173048111483524
stage2,1403,57,0.6,74014,27,"{""atr_period"": 21, ""horizon_h"": 6, ""ma_windows"": [8, 24, 96], ""mtf_intervals"": [""4h"", ""1d""], ""ret_windows"": [1, 3, 6, 12, 24], ""rsi_period"": 7, ""target_threshold"": 0.006, ""vol_windows"": [12, 48]}","{""colsample_bytree"": 0.7, ""gamma"": 0.2, ""learning_rate"": 0.07, ""max_depth"": 5, ""min_child_weight"": 1, ""n_estimators"": 250, ""subsample"": 1.0}",4,2369,0.7986492190797805,0.016981929580990138,1.6152153903319498e+17,352.6384297310968,0.07884120533897365,39.95876910654945
stage2,1403,57,0.62,74014,27,"{""atr_period"": 21, ""horizon_h"": 6, ""ma_windows"": [8, 24, 96], ""mtf_intervals"": [""4h"", ""1d""], ""ret_windows"": [1, 3, 6, 12, 24], ""rsi_period"": 7, ""target_threshold"": 0.006, ""vol_windows"": [12, 48]}","{""colsample_bytree"": 0.7, ""gamma"": 0.2, ""learning_rate"": 0.07, ""max_depth"": 5, ""min_child_weight"": 1, ""n_estimators"": 250, ""subsample"": 1.0}",4,2153,0.8109614491407339,0.017672624225999124,1.8679306119471764e+16,352.6384297310968,0.060566013874518765,37.826059827566226
stage2,1403,57,0.65,74014,27,"{""atr_period"": 21, ""horizon_h"": 6, ""ma_windows"": [8, 24, 96], ""mtf_intervals"": [""4h"", ""1d""], ""ret_windows"": [1, 3, 6, 12, 24], ""rsi_period"": 7, ""target_threshold"": 0.006, ""vol_windows"": [12, 48]}","{""colsample_bytree"": 0.7, ""gamma"": 0.2, ""learning_rate"": 0.07, ""max_depth"": 5, ""min_child_weight"": 1, ""n_estimators"": 250, ""subsample"": 1.0}",4,1867,0.8323513658275308,0.018438847465480884,522424246590221.06,352.6384297310968,0.054652592210135076,34.27556668293488
stage2,1403,61,0.52,74014,27,"{""atr_period"": 21, ""horizon_h"": 6, ""ma_windows"": [8, 24, 96], ""mtf_intervals"": [""4h"", ""1d""], ""ret_windows"": [1, 3, 6, 12, 24], ""rsi_period"": 7, ""target_threshold"": 0.006, ""vol_windows"": [12, 48]}","{""colsample_bytree"": 1.0, ""gamma"": 0.2, ""learning_rate"": 0.07, ""max_depth"": 5, ""min_child_weight"": 1, ""n_estimators"": 250, ""subsample"": 1.0}",4,3223,0.7564381011479988,0.014957881608811495,4.2639614431389634e+20,352.6384297310968,0.07884120533897365,47.787293435407165
stage2,1403,61,0.55,74014,27,"{""atr_period"": 21, ""horizon_h"": 6, ""ma_windows"": [8, 24, 96], ""mtf_intervals"": [""4h"", ""1d""], ""ret_windows"": [1, 3, 6, 12, 24], ""rsi_period"": 7, ""target_threshold"": 0.006, ""vol_windows"": [12, 48]}","{""colsample_bytree"": 1.0, ""gamma"": 0.2, ""learning_rate"": 0.07, ""max_depth"": 5, ""min_child_weight"": 1, ""n_estimators"": 250, ""subsample"": 1.0}",4,2896,0.7738259668508287,0.015634603238962385,2.3657902019049615e+19,352.6384297310968,0.07884120533897343,44.91494585317388
stage2,1403,61,0.58,74014,27,"{""atr_period"": 21, ""horizon_h"": 6, ""ma_windows"": [8, 24, 96], ""mtf_intervals"": [""4h"", ""1d""], ""ret_windows"": [1, 3, 6, 12, 24], ""rsi_period"": 7, ""target_threshold"": 0.006, ""vol_windows"": [12, 48]}","{""colsample_bytree"": 1.0, ""gamma"": 0.2, ""learning_rate"": 0.07, ""max_depth"": 5, ""min_child_weight"": 1, ""n_estimators"": 250, ""subsample"": 1.0}",4,2567,0.7849629918192442,0.016447395069764403,1.1489701348767707e+18,352.6384297310968,0.07884120533897354,41.90552663149131
stage2,1403,61,0.6,74014,27,"{""atr_period"": 21, ""horizon_h"": 6, ""ma_windows"": [8, 24, 96], ""mtf_intervals"": [""4h"", ""1d""], ""ret_windows"": [1, 3, 6, 12, 24], ""rsi_period"": 7, ""target_threshold"": 0.006, ""vol_windows"": [12, 48]}","{""colsample_bytree"": 1.0, ""gamma"": 0.2, ""learning_rate"": 0.07, ""max_depth"": 5, ""min_child_weight"": 1, ""n_estimators"": 250, ""subsample"": 1.0}",4,2360,0.8,0.017078248301092083,1.7306798928107782e+17,352.6384297310968,0.07884120533897343,40.02966629756753
stage2,1403,61,0.62,74014,27,"{""atr_period"": 21, ""horizon_h"": 6, ""ma_windows"": [8, 24, 96], ""mtf_intervals"": [""4h"", ""1d""], ""ret_windows"": [1, 3, 6, 12, 24], ""rsi_period"": 7, ""target_threshold"": 0.006, ""vol_windows"": [12, 48]}","{""colsample_bytree"": 1.0, ""gamma"": 0.2, ""learning_rate"": 0.07, ""max_depth"": 5, ""min_child_weight"": 1, ""n_estimators"": 250, ""subsample"": 1.0}",4,2164,0.8114602587800369,0.01768110863389724,2.293930876771706e+16,352.6384297310968,0.07588403381916575,38.024303433160334
stage2,1403,61,0.65,74014,27,"{""atr_period"": 21, ""horizon_h"": 6, ""ma_windows"": [8, 24, 96], ""mtf_intervals"": [""4h"", ""1d""], ""ret_windows"": [1, 3, 6, 12, 24], ""rsi_period"": 7, ""target_threshold"": 0.006, ""vol_windows"": [12, 48]}","{""colsample_bytree"": 1.0, ""gamma"": 0.2, ""learning_rate"": 0.07, ""max_depth"": 5, ""min_child_weight"": 1, ""n_estimators"": 250, ""subsample"": 1.0}",4,1899,0.8272775144813059,0.018456185938763324,958140127964641.5,352.6384297310968,0.07125685940208037,34.86985822395875
stage2,1403,38,0.52,74014,27,"{""atr_period"": 21, ""horizon_h"": 6, ""ma_windows"": [8, 24, 96], ""mtf_intervals"": [""4h"", ""1d""], ""ret_windows"": [1, 3, 6, 12, 24], ""rsi_period"": 7, ""target_threshold"": 0.006, ""vol_windows"": [12, 48]}","{""colsample_bytree"": 1.0, ""gamma"": 0.0, ""learning_rate"": 0.03, ""max_depth"": 5, ""min_child_weight"": 5, ""n_estimators"": 250, ""subsample"": 0.7}",4,2998,0.7625083388925951,0.01544760098390198,6.534415103745375e+19,352.6384297310968,0.07899211691902863,45.920291028378514
stage2,1403,38,0.55,74014,27,"{""atr_period"": 21, ""horizon_h"": 6, ""ma_windows"": [8, 24, 96], ""mtf_intervals"": [""4h"", ""1d""], ""ret_windows"": [1, 3, 6, 12, 24], ""rsi_period"": 7, ""target_threshold"": 0.006, ""vol_windows"": [12, 48]}","{""colsample_bytree"": 1.0, ""gamma"": 0.0, ""learning_rate"": 0.03, ""max_depth"": 5, ""min_child_weight"": 5, ""n_estimators"": 250, ""subsample"": 0.7}",4,2624,0.7831554878048781,0.01637375206079805,2.3921278376495237e+18,352.6384297310968,0.07884120533897354,42.63680875644735
stage2,1403,38,0.58,74014,27,"{""atr_period"": 21, ""horizon_h"": 6, ""ma_windows"": [8, 24, 96], ""mtf_intervals"": [""4h"", ""1d""], ""ret_windows"": [1, 3, 6, 12, 24], ""rsi_period"": 7, ""target_threshold"": 0.006, ""vol_windows"": [12, 48]}","{""colsample_bytree"": 1.0, ""gamma"": 0.0, ""learning_rate"": 0.03, ""max_depth"": 5, ""min_child_weight"": 5, ""n_estimators"": 250, ""subsample"": 0.7}",4,2265,0.8022075055187637,0.01728992819307374,5.571353513481729e+16,352.6384297310968,0.07884120533897332,38.899664340239255
stage2,1403,38,0.6,74014,27,"{""atr_period"": 21, ""horizon_h"": 6, ""ma_windows"": [8, 24, 96], ""mtf_intervals"": [""4h"", ""1d""], ""ret_windows"": [1, 3, 6, 12, 24], ""rsi_period"": 7, ""target_threshold"": 0.006, ""vol_windows"": [12, 48]}","{""colsample_bytree"": 1.0, ""gamma"": 0.0, ""learning_rate"": 0.03, ""max_depth"": 5, ""min_child_weight"": 5, ""n_estimators"": 250, ""subsample"": 0.7}",4,2070,0.8111111111111111,0.01775511324488083,5181326791079756.0,352.6384297310968,0.07884120533897354,36.53534674783707
stage2,1403,38,0.62,74014,27,"{""atr_period"": 21, ""horizon_h"": 6, ""ma_windows"": [8, 24, 96], ""mtf_intervals"": [""4h"", ""1d""], ""ret_windows"": [1, 3, 6, 12, 24], ""rsi_period"": 7, ""target_threshold"": 0.006, ""vol_windows"": [12, 48]}","{""colsample_bytree"": 1.0, ""gamma"": 0.0, ""learning_rate"": 0.03, ""max_depth"": 5, ""min_child_weight"": 5, ""n_estimators"": 250, ""subsample"": 0.7}",4,1875,0.8277333333333333,0.01839670902743111,557398934338149.1,352.6384297310968,0.07422883788216594,34.3265482390756
stage2,1403,38,0.65,74014,27,"{""atr_period"": 21, ""horizon_h"": 6, ""ma_windows"": [8, 24, 96], ""mtf_intervals"": [""4h"", ""1d""], ""ret_windows"": [1, 3, 6, 12, 24], ""rsi_period"": 7, ""target_threshold"": 0.006, ""vol_windows"": [12, 48]}","{""colsample_bytree"": 1.0, ""gamma"": 0.0, ""learning_rate"": 0.03, ""max_depth"": 5, ""min_child_weight"": 5, ""n_estimators"": 250, ""subsample"": 0.7}",4,1594,0.8506900878293601,0.019722623172533663,27161461980493.83,352.6384297310968,0.0711046803628046,31.335600961075038
stage2,1403,36,0.52,74014,27,"{""atr_period"": 21, ""horizon_h"": 6, ""ma_windows"": [8, 24, 96], ""mtf_intervals"": [""4h"", ""1d""], ""ret_windows"": [1, 3, 6, 12, 24], ""rsi_period"": 7, ""target_threshold"": 0.006, ""vol_windows"": [12, 48]}","{""colsample_bytree"": 1.0, ""gamma"": 0.0, ""learning_rate"": 0.03, ""max_depth"": 5, ""min_child_weight"": 1, ""n_estimators"": 250, ""subsample"": 0.7}",4,3011,0.7595483228163401,0.015371338486521294,6.354424963227395e+19,352.6384297310968,0.07884120533897354,45.8894569451865
stage2,1403,36,0.55,74014,27,"{""atr_period"": 21, ""horizon_h"": 6, ""ma_windows"": [8, 24, 96], ""mtf_intervals"": [""4h"", ""1d""], ""ret_windows"": [1, 3, 6, 12, 24], ""rsi_period"": 7, ""target_threshold"": 0.006, ""vol_windows"": [12, 48]}","{""colsample_bytree"": 1.0, ""gamma"": 0.0, ""learning_rate"": 0.03, ""max_depth"": 5, ""min_child_weight"": 1, ""n_estimators"": 250, ""subsample"": 0.7}",4,2615,0.7850860420650095,0.01645222802498601,2.52815566268065e+18,352.6384297310968,0.07884120533897354,42.69428777889163
stage2,1403,36,0.58,74014,27,"{""atr_period"": 21, ""horizon_h"": 6, ""ma_windows"": [8, 24, 96], ""mtf_intervals"": [""4h"", ""1d""], ""ret_windows"": [1, 3, 6, 12, 24], ""rsi_period"": 7, ""target_threshold"": 0.006, ""vol_windows"": [12, 48]}","{""colsample_bytree"": 1.0, ""gamma"": 0.0, ""learning_rate"": 0.03, ""max_depth"": 5, ""min_child_weight"": 1, ""n_estimators"": 250, ""subsample"": 0.7}",4,2286,0.8009623797025371,0.017270893137567335,7.659369425857738e+16,352.6384297310968,0.07884120533897343,39.21680759407769
stage2,1403,36,0.6,74014,27,"{""atr_period"": 21, ""horizon_h"": 6, ""ma_windows"": [8, 24, 96], ""mtf_intervals"": [""4h"", ""1d""], ""ret_windows"": [1, 3, 6, 12, 24], ""rsi_period"": 7, ""target_threshold"": 0.006, ""vol_windows"": [12, 48]}","{""colsample_bytree"": 1.0, ""gamma"": 0.0, ""learning_rate"": 0.03, ""max_depth"": 5, ""min_child_weight"": 1, ""n_estimators"": 250, ""subsample"": 0.7}",4,2080,0.8115384615384615,0.01778464543241648,6548893889323214.0,352.6384297310968,0.07422883788216605,36.77246607218736
stage2,1403,36,0.62,74014,27,"{""atr_period"": 21, ""horizon_h"": 6, ""ma_windows"": [8, 24, 96], ""mtf_intervals"": [""4h"", ""1d""], ""ret_windows"": [1, 3, 6, 12, 24], ""rsi_period"": 7, ""target_threshold"": 0.006, ""vol_windows"": [12, 48]}","{""colsample_bytree"": 1.0, ""gamma"": 0.0, ""learning_rate"": 0.03, ""max_depth"": 5, ""min_child_weight"": 1, ""n_estimators"": 250, ""subsample"": 0.7}",4,1877,0.8247202983484283,0.01848328131653412,675782798063957.9,352.6384297310968,0.0711046803628046,34.51898298473261
stage2,1403,36,0.65,74014,27,"{""atr_period"": 21, ""horizon_h"": 6, ""ma_windows"": [8, 24, 96], ""mtf_intervals"": [""4h"", ""1d""], ""ret_windows"": [1, 3, 6, 12, 24], ""rsi_period"": 7, ""target_threshold"": 0.006, ""vol_windows"": [12, 48]}","{""colsample_bytree"": 1.0, ""gamma"": 0.0, ""learning_rate"": 0.03, ""max_depth"": 5, ""min_child_weight"": 1, ""n_estimators"": 250, ""subsample"": 0.7}",4,1610,0.8484472049689441,0.019607923093151677,30921145378418.07,352.6384297310968,0.07110468036280437,31.462530190787135
stage2,1403,32,0.52,74014,27,"{""atr_period"": 21, ""horizon_h"": 6, ""ma_windows"": [8, 24, 96], ""mtf_intervals"": [""4h"", ""1d""], ""ret_windows"": [1, 3, 6, 12, 24], ""rsi_period"": 7, ""target_threshold"": 0.006, ""vol_windows"": [12, 48]}","{""colsample_bytree"": 0.7, ""gamma"": 0.0, ""learning_rate"": 0.03, ""max_depth"": 5, ""min_child_weight"": 1, ""n_estimators"": 250, ""subsample"": 0.7}",4,2967,0.7637344118638355,0.015491488304733682,4.634860967963815e+19,352.6384297310968,0.07884120533897354,45.57822180258993
stage2,1403,32,0.55,74014,27,"{""atr_period"": 21, ""horizon_h"": 6, ""ma_windows"": [8, 24, 96], ""mtf_intervals"": [""4h"", ""1d""], ""ret_windows"": [1, 3, 6, 12, 24], ""rsi_period"": 7, ""target_threshold"": 0.006, ""vol_windows"": [12, 48]}","{""colsample_bytree"": 0.7, ""gamma"": 0.0, ""learning_rate"": 0.03, ""max_depth"": 5, ""min_child_weight"": 1, ""n_estimators"": 250, ""subsample"": 0.7}",4,2594,0.781804163454125,0.01636092763464237,1.4219697006605174e+18,352.6384297310968,0.07899211691902852,42.115409390875406
stage2,1403,32,0.58,74014,27,"{""atr_period"": 21, ""horizon_h"": 6, ""ma_windows"": [8, 24, 96], ""mtf_intervals"": [""4h"", ""1d""], ""ret_windows"": [1, 3, 6, 12, 24], ""rsi_period"": 7, ""target_threshold"": 0.006, ""vol_windows"": [12, 48]}","{""colsample_bytree"": 0.7, ""gamma"": 0.0, ""learning_rate"": 0.03, ""max_depth"": 5, ""min_child_weight"": 1, ""n_estimators"": 250, ""subsample"": 0.7}",4,2251,0.7960906263882719,0.017250126630574188,4.0145986861769544e+16,352.6384297310968,0.07588403381916575,38.56823037392374
stage2,1403,32,0.6,74014,27,"{""atr_period"": 21, ""horizon_h"": 6, ""ma_windows"": [8, 24, 96], ""mtf_intervals"": [""4h"", ""1d""], ""ret_windows"": [1, 3, 6, 12, 24], ""rsi_period"": 7, ""target_threshold"": 0.006, ""vol_windows"": [12, 48]}","{""colsample_bytree"": 0.7, ""gamma"": 0.0, ""learning_rate"": 0.03, ""max_depth"": 5, ""min_child_weight"": 1, ""n_estimators"": 250, ""subsample"": 0.7}",4,2046,0.804496578690127,0.017800797009307104,3704973572400476.5,352.6384297310968,0.0711046803628046,36.19890381952311
stage2,1403,32,0.62,74014,27,"{""atr_period"": 21, ""horizon_h"": 6, ""ma_windows"": [8, 24, 96], ""mtf_intervals"": [""4h"", ""1d""], ""ret_windows"": [1, 3, 6, 12, 24], ""rsi_period"": 7, ""target_threshold"": 0.006, ""vol_windows"": [12, 48]}","{""colsample_bytree"": 0.7, ""gamma"": 0.0, ""learning_rate"": 0.03, ""max_depth"": 5, ""min_child_weight"": 1, ""n_estimators"": 250, ""subsample"": 0.7}",4,1840,0.8184782608695652,0.01851370864796999,361997823372032.4,352.6384297310968,0.054652592210135076,33.898225296726146
stage2,1403,32,0.65,74014,27,"{""atr_period"": 21, ""horizon_h"": 6, ""ma_windows"": [8, 24, 96], ""mtf_intervals"": [""4h"", ""1d""], ""ret_windows"": [1, 3, 6, 12, 24], ""rsi_period"": 7, ""target_threshold"": 0.006, ""vol_windows"": [12, 48]}","{""colsample_bytree"": 0.7, ""gamma"": 0.0, ""learning_rate"": 0.03, ""max_depth"": 5, ""min_child_weight"": 1, ""n_estimators"": 250, ""subsample"": 0.7}",4,1540,0.8454545454545455,0.01971509785829911,9373124426644.822,352.6384297310968,0.0546525922101353,30.275625729737197
stage2,1403,42,0.52,74014,27,"{""atr_period"": 21, ""horizon_h"": 6, ""ma_windows"": [8, 24, 96], ""mtf_intervals"": [""4h"", ""1d""], ""ret_windows"": [1, 3, 6, 12, 24], ""rsi_period"": 7, ""target_threshold"": 0.006, ""vol_windows"": [12, 48]}","{""colsample_bytree"": 0.7, ""gamma"": 0.0, ""learning_rate"": 0.03, ""max_depth"": 5, ""min_child_weight"": 5, ""n_estimators"": 250, ""subsample"": 1.0}",4,2936,0.7639645776566758,0.015575654901095397,3.6710249890477425e+19,352.6384297310968,0.07884120533897332,45.34594397719304
stage2,1403,42,0.55,74014,27,"{""atr_period"": 21, ""horizon_h"": 6, ""ma_windows"": [8, 24, 96], ""mtf_intervals"": [""4h"", ""1d""], ""ret_windows"": [1, 3, 6, 12, 24], ""rsi_period"": 7, ""target_threshold"": 0.006, ""vol_windows"": [12, 48]}","{""colsample_bytree"": 0.7, ""gamma"": 0.0, ""learning_rate"": 0.03, ""max_depth"": 5, ""min_child_weight"": 5, ""n_estimators"": 250, ""subsample"": 1.0}",4,2554,0.7819107282693813,0.01644451489596851,9.19912461916841e+17,352.6384297310968,0.07588403381916586,41.68219759520999
stage2,1403,42,0.58,74014,27,"{""atr_period"": 21, ""horizon_h"": 6, ""ma_windows"": [8, 24, 96], ""mtf_intervals"": [""4h"", ""1d""], ""ret_windows"": [1, 3, 6, 12, 24], ""rsi_period"": 7, ""target_threshold"": 0.006, ""vol_windows"": [12, 48]}","{""colsample_bytree"": 0.7, ""gamma"": 0.0, ""learning_rate"": 0.03, ""max_depth"": 5, ""min_child_weight"": 5, ""n_estimators"": 250, ""subsample"": 1.0}",4,2223,0.8052181736392263,0.017467252368795677,4.003234337811748e+16,352.6384297310968,0.07110468036280448,38.57682432442961
stage2,1403,42,0.6,74014,27,"{""atr_period"": 21, ""horizon_h"": 6, ""ma_windows"": [8, 24, 96], ""mtf_intervals"": [""4h"", ""1d""], ""ret_windows"": [1, 3, 6, 12, 24], ""rsi_period"": 7, ""target_threshold"": 0.006, ""vol_windows"": [12, 48]}","{""colsample_bytree"": 0.7, ""gamma"": 0.0, ""learning_rate"": 0.03, ""max_depth"": 5, ""min_child_weight"": 5, ""n_estimators"": 250, ""subsample"": 1.0}",4,2021,0.8124690747154873,0.018039670940753542,3850053744407220.5,352.6384297310968,0.05465259221013519,36.25382983389259
stage2,1403,42,0.62,74014,27,"{""atr_period"": 21, ""horizon_h"": 6, ""ma_windows"": [8, 24, 96], ""mtf_intervals"": [""4h"", ""1d""], ""ret_windows"": [1, 3, 6, 12, 24], ""rsi_period"": 7, ""target_threshold"": 0.006, ""vol_windows"": [12, 48]}","{""colsample_bytree"": 0.7, ""gamma"": 0.0, ""learning_rate"": 0.03, ""max_depth"": 5, ""min_child_weight"": 5, ""n_estimators"": 250, ""subsample"": 1.0}",4,1815,0.8242424242424242,0.018637039336047892,286154360582433.94,352.6384297310968,0.05465259221013519,33.668716461444156
stage2,1403,42,0.65,74014,27,"{""atr_period"": 21, ""horizon_h"": 6, ""ma_windows"": [8, 24, 96], ""mtf_intervals"": [""4h"", ""1d""], ""ret_windows"": [1, 3, 6, 12, 24], ""rsi_period"": 7, ""target_threshold"": 0.006, ""vol_windows"": [12, 48]}","{""colsample_bytree"": 0.7, ""gamma"": 0.0, ""learning_rate"": 0.03, ""max_depth"": 5, ""min_child_weight"": 5, ""n_estimators"": 250, ""subsample"": 1.0}",4,1534,0.8468057366362451,0.01970677751162506,8246728748318.51,352.6384297310968,0.0546525922101353,30.148610235583735
stage2,1403,44,0.52,74014,27,"{""atr_period"": 21, ""horizon_h"": 6, ""ma_windows"": [8, 24, 96], ""mtf_intervals"": [""4h"", ""1d""], ""ret_windows"": [1, 3, 6, 12, 24], ""rsi_period"": 7, ""target_threshold"": 0.006, ""vol_windows"": [12, 48]}","{""colsample_bytree"": 1.0, ""gamma"": 0.0, ""learning_rate"": 0.03, ""max_depth"": 5, ""min_child_weight"": 1, ""n_estimators"": 250, ""subsample"": 1.0}",4,2956,0.7658998646820027,0.015563371257393753,4.80947243989136e+19,352.6384297310968,0.07884120533897343,45.61751042426826
stage2,1403,44,0.55,74014,27,"{""atr_period"": 21, ""horizon_h"": 6, ""ma_windows"": [8, 24, 96], ""mtf_intervals"": [""4h"", ""1d""], ""ret_windows"": [1, 3, 6, 12, 24], ""rsi_period"": 7, ""target_threshold"": 0.006, ""vol_windows"": [12, 48]}","{""colsample_bytree"": 1.0, ""gamma"": 0.0, ""learning_rate"": 0.03, ""max_depth"": 5, ""min_child_weight"": 1, ""n_estimators"": 250, ""subsample"": 1.0}",4,2579,0.7832493214424195,0.016423337300378288,1.3065305331241403e+18,352.6384297310968,0.07884120533897354,42.03247240265348
stage2,1403,44,0.58,74014,27,"{""atr_period"": 21, ""horizon_h"": 6, ""ma_windows"": [8, 24, 96], ""mtf_intervals"": [""4h"", ""1d""], ""ret_windows"": [1, 3, 6, 12, 24], ""rsi_period"": 7, ""target_threshold"": 0.006, ""vol_windows"": [12, 48]}","{""colsample_bytree"": 1.0, ""gamma"": 0.0, ""learning_rate"": 0.03, ""max_depth"": 5, ""min_child_weight"": 1, ""n_estimators"": 250, ""subsample"": 1.0}",4,2263,0.8002651347768449,0.017404987039596323,6.940304727732291e+16,352.6384297310968,0.07884120533897365,39.118738571823386
stage2,1403,44,0.6,74014,27,"{""atr_period"": 21, ""horizon_h"": 6, ""ma_windows"": [8, 24, 96], ""mtf_intervals"": [""4h"", ""1d""], ""ret_windows"": [1, 3, 6, 12, 24], ""rsi_period"": 7, ""target_threshold"": 0.006, ""vol_windows"": [12, 48]}","{""colsample_bytree"": 1.0, ""gamma"": 0.0, ""learning_rate"": 0.03, ""max_depth"": 5, ""min_child_weight"": 1, ""n_estimators"": 250, ""subsample"": 1.0}",4,2062,0.8132880698351116,0.018004420010463436,7413756793886503.0,352.6384297310968,0.0757326129647169,36.89891320494052
stage2,1403,44,0.62,74014,27,"{""atr_period"": 21, ""horizon_h"": 6, ""ma_windows"": [8, 24, 96], ""mtf_intervals"": [""4h"", ""1d""], ""ret_windows"": [1, 3, 6, 12, 24], ""rsi_period"": 7, ""target_threshold"": 0.006, ""vol_windows"": [12, 48]}","{""colsample_bytree"": 1.0, ""gamma"": 0.0, ""learning_rate"": 0.03, ""max_depth"": 5, ""min_child_weight"": 1, ""n_estimators"": 250, ""subsample"": 1.0}",4,1869,0.8228999464954521,0.018598513370375276,719007681723080.6,352.6384297310968,0.07573261296471678,34.578134915168114
stage2,1403,44,0.65,74014,27,"{""atr_period"": 21, ""horizon_h"": 6, ""ma_windows"": [8, 24, 96], ""mtf_intervals"": [""4h"", ""1d""], ""ret_windows"": [1, 3, 6, 12, 24], ""rsi_period"": 7, ""target_threshold"": 0.006, ""vol_windows"": [12, 48]}","{""colsample_bytree"": 1.0, ""gamma"": 0.0, ""learning_rate"": 0.03, ""max_depth"": 5, ""min_child_weight"": 1, ""n_estimators"": 250, ""subsample"": 1.0}",4,1563,0.8458093410108766,0.01972754161008634,14935385028797.965,352.6384297310968,0.0546525922101353,30.74189585714981
stage2,1403,23,0.52,74014,27,"{""atr_period"": 21, ""horizon_h"": 6, ""ma_windows"": [8, 24, 96], ""mtf_intervals"": [""4h"", ""1d""], ""ret_windows"": [1, 3, 6, 12, 24], ""rsi_period"": 7, ""target_threshold"": 0.006, ""vol_windows"": [12, 48]}","{""colsample_bytree"": 1.0, ""gamma"": 0.2, ""learning_rate"": 0.07, ""max_depth"": 3, ""min_child_weight"": 5, ""n_estimators"": 250, ""subsample"": 0.7}",4,2753,0.7566291318561569,0.01569380555655161,3.0277589605434173e+18,352.6384297310968,0.060566013874518876,42.85492514578023
stage2,1403,23,0.55,74014,27,"{""atr_period"": 21, ""horizon_h"": 6, ""ma_windows"": [8, 24, 96], ""mtf_intervals"": [""4h"", ""1d""], ""ret_windows"": [1, 3, 6, 12, 24], ""rsi_period"": 7, ""target_threshold"": 0.006, ""vol_windows"": [12, 48]}","{""colsample_bytree"": 1.0, ""gamma"": 0.2, ""learning_rate"": 0.07, ""max_depth"": 3, ""min_child_weight"": 5, ""n_estimators"": 250, ""subsample"": 0.7}",4,2417,0.7774100124120811,0.016461859153866734,1.0369765629570547e+17,352.6384297310968,0.07422883788216605,39.49676437329741
stage2,1403,23,0.58,74014,27,"{""atr_period"": 21, ""horizon_h"": 6, ""ma_windows"": [8, 24, 96], ""mtf_intervals"": [""4h"", ""1d""], ""ret_windows"": [1, 3, 6, 12, 24], ""rsi_period"": 7, ""target_threshold"": 0.006, ""vol_windows"": [12, 48]}","{""colsample_bytree"": 1.0, ""gamma"": 0.2, ""learning_rate"": 0.07, ""max_depth"": 3, ""min_child_weight"": 5, ""n_estimators"": 250, ""subsample"": 0.7}",4,2079,0.7984607984607984,0.017571684811418513,4126296084462612.5,352.6384297310968,0.07110468036280448,36.29994634471868
stage2,1403,23,0.6,74014,27,"{""atr_period"": 21, ""horizon_h"": 6, ""ma_windows"": [8, 24, 96], ""mtf_intervals"": [""4h"", ""1d""], ""ret_windows"": [1, 3, 6, 12, 24], ""rsi_period"": 7, ""target_threshold"": 0.006, ""vol_windows"": [12, 48]}","{""colsample_bytree"": 1.0, ""gamma"": 0.2, ""learning_rate"": 0.07, ""max_depth"": 3, ""min_child_weight"": 5, ""n_estimators"": 250, ""subsample"": 0.7}",4,1883,0.8056293149229952,0.018020810860339007,316704491471354.3,352.6384297310968,0.07110468036280448,33.74210785011318
stage2,1403,23,0.62,74014,27,"{""atr_period"": 21, ""horizon_h"": 6, ""ma_windows"": [8, 24, 96], ""mtf_intervals"": [""4h"", ""1d""], ""ret_windows"": [1, 3, 6, 12, 24], ""rsi_period"": 7, ""target_threshold"": 0.006, ""vol_windows"": [12, 48]}","{""colsample_bytree"": 1.0, ""gamma"": 0.2, ""learning_rate"": 0.07, ""max_depth"": 3, ""min_child_weight"": 5, ""n_estimators"": 250, ""subsample"": 0.7}",4,1690,0.8224852071005917,0.01888623438913313,43325465825402.43,352.6384297310968,0.06056601387451854,31.778556737213343
stage2,1403,23,0.65,74014,27,"{""atr_period"": 21, ""horizon_h"": 6, ""ma_windows"": [8, 24, 96], ""mtf_intervals"": [""4h"", ""1d""], ""ret_windows"": [1, 3, 6, 12, 24], ""rsi_period"": 7, ""target_threshold"": 0.006, ""vol_windows"": [12, 48]}","{""colsample_bytree"": 1.0, ""gamma"": 0.2, ""learning_rate"": 0.07, ""max_depth"": 3, ""min_child_weight"": 5, ""n_estimators"": 250, ""subsample"": 0.7}",4,1446,0.8395573997233748,0.019964063533552706,2136800791862.5881,352.6384297310968,0.05465259221013519,28.794363001267538
stage2,35,51,0.52,74014,27,"{""atr_period"": 7, ""horizon_h"": 6, ""ma_windows"": [12, 24, 72], ""mtf_intervals"": [""4h"", ""1d""], ""ret_windows"": [1, 3, 6, 12, 24], ""rsi_period"": 7, ""target_threshold"": 0.006, ""vol_windows"": [24, 72]}","{""colsample_bytree"": 0.7, ""gamma"": 0.2, ""learning_rate"": 0.07, ""max_depth"": 5, ""min_child_weight"": 5, ""n_estimators"": 250, ""subsample"": 0.7}",4,3272,0.7463325183374083,0.014782811645407979,5.014336842600671e+20,352.6384297310968,0.0817730545180243,47.93844501834967
stage2,35,51,0.55,74014,27,"{""atr_period"": 7, ""horizon_h"": 6, ""ma_windows"": [12, 24, 72], ""mtf_intervals"": [""4h"", ""1d""], ""ret_windows"": [1, 3, 6, 12, 24], ""rsi_period"": 7, ""target_threshold"": 0.006, ""vol_windows"": [24, 72]}","{""colsample_bytree"": 0.7, ""gamma"": 0.2, ""learning_rate"": 0.07, ""max_depth"": 5, ""min_child_weight"": 5, ""n_estimators"": 250, ""subsample"": 0.7}",4,2919,0.7656731757451182,0.015543690345904602,2.589220996978026e+19,352.6384297310968,0.07573261296471678,44.99949558087035
stage2,35,51,0.58,74014,27,"{""atr_period"": 7, ""horizon_h"": 6, ""ma_windows"": [12, 24, 72], ""mtf_intervals"": [""4h"", ""1d""], ""ret_windows"": [1, 3, 6, 12, 24], ""rsi_period"": 7, ""target_threshold"": 0.006, ""vol_windows"": [24, 72]}","{""colsample_bytree"": 0.7, ""gamma"": 0.2, ""learning_rate"": 0.07, ""max_depth"": 5, ""min_child_weight"": 5, ""n_estimators"": 250, ""subsample"": 0.7}",4,2565,0.7859649122807018,0.01642121464394579,1.0429843627851076e+18,352.6384297310968,0.07092643614738747,41.813296286165645
stage2,35,51,0.6,74014,27,"{""atr_period"": 7, ""horizon_h"": 6, ""ma_windows"": [12, 24, 72], ""mtf_intervals"": [""4h"", ""1d""], ""ret_windows"": [1, 3, 6, 12, 24], ""rsi_period"": 7, ""target_threshold"": 0.006, ""vol_windows"": [24, 72]}","{""colsample_bytree"": 0.7, ""gamma"": 0.2, ""learning_rate"": 0.07, ""max_depth"": 5, ""min_child_weight"": 5, ""n_estimators"": 250, ""subsample"": 0.7}",4,2349,0.8020434227330779,0.017101754667532942,1.5230242503736275e+17,352.6384297310968,0.060566013874518876,39.91281034604116
stage2,35,51,0.62,74014,27,"{""atr_period"": 7, ""horizon_h"": 6, ""ma_windows"": [12, 24, 72], ""mtf_intervals"": [""4h"", ""1d""], ""ret_windows"": [1, 3, 6, 12, 24], ""rsi_period"": 7, ""target_threshold"": 0.006, ""vol_windows"": [24, 72]}","{""colsample_bytree"": 0.7, ""gamma"": 0.2, ""learning_rate"": 0.07, ""max_depth"": 5, ""min_child_weight"": 5, ""n_estimators"": 250, ""subsample"": 0.7}",4,2144,0.8134328358208955,0.017594048200868326,1.3547789167729304e+16,352.6384297310968,0.05465259221013519,37.50917212602959
stage2,35,51,0.65,74014,27,"{""atr_period"": 7, ""horizon_h"": 6, ""ma_windows"": [12, 24, 72], ""mtf_intervals"": [""4h"", ""1d""], ""ret_windows"": [1, 3, 6, 12, 24], ""rsi_period"": 7, ""target_threshold"": 0.006, ""vol_windows"": [24, 72]}","{""colsample_bytree"": 0.7, ""gamma"": 0.2, ""learning_rate"": 0.07, ""max_depth"": 5, ""min_child_weight"": 5, ""n_estimators"": 250, ""subsample"": 0.7}",4,1888,0.8326271186440678,0.018425297490679143,746123837816449.8,352.6384297310968,0.05465259221013519,34.63209048352597
stage2,35,58,0.52,74014,27,"{""atr_period"": 7, ""horizon_h"": 6, ""ma_windows"": [12, 24, 72], ""mtf_intervals"": [""4h"", ""1d""], ""ret_windows"": [1, 3, 6, 12, 24], ""rsi_period"": 7, ""target_threshold"": 0.006, ""vol_windows"": [24, 72]}","{""colsample_bytree"": 0.7, ""gamma"": 0.0, ""learning_rate"": 0.07, ""max_depth"": 5, ""min_child_weight"": 5, ""n_estimators"": 250, ""subsample"": 1.0}",4,3194,0.752035065748278,0.014890338540628547,2.258174474124542e+20,352.6384297310968,0.08477639514312107,47.14462115529535
stage2,35,58,0.55,74014,27,"{""atr_period"": 7, ""horizon_h"": 6, ""ma_windows"": [12, 24, 72], ""mtf_intervals"": [""4h"", ""1d""], ""ret_windows"": [1, 3, 6, 12, 24], ""rsi_period"": 7, ""target_threshold"": 0.006, ""vol_windows"": [24, 72]}","{""colsample_bytree"": 0.7, ""gamma"": 0.0, ""learning_rate"": 0.07, ""max_depth"": 5, ""min_child_weight"": 5, ""n_estimators"": 250, ""subsample"": 1.0}",4,2853,0.7697160883280757,0.01571888652416198,1.5460792670773965e+19,352.6384297310968,0.05933977438031668,44.49669306376903
stage2,35,58,0.58,74014,27,"{""atr_period"": 7, ""horizon_h"": 6, ""ma_windows"": [12, 24, 72], ""mtf_intervals"": [""4h"", ""1d""], ""ret_windows"": [1, 3, 6, 12, 24], ""rsi_period"": 7, ""target_threshold"": 0.006, ""vol_windows"": [24, 72]}","{""colsample_bytree"": 0.7, ""gamma"": 0.0, ""learning_rate"": 0.07, ""max_depth"": 5, ""min_child_weight"": 5, ""n_estimators"": 250, ""subsample"": 1.0}",4,2507,0.7885919425608297,0.0165426813048651,5.513810410246177e+17,352.6384297310968,0.056319997936623345,41.18625751508544
stage2,35,58,0.6,74014,27,"{""atr_period"": 7, ""horizon_h"": 6, ""ma_windows"": [12, 24, 72], ""mtf_intervals"": [""4h"", ""1d""], ""ret_windows"": [1, 3, 6, 12, 24], ""rsi_period"": 7, ""target_threshold"": 0.006, ""vol_windows"": [24, 72]}","{""colsample_bytree"": 0.7, ""gamma"": 0.0, ""learning_rate"": 0.07, ""max_depth"": 5, ""min_child_weight"": 5, ""n_estimators"": 250, ""subsample"": 1.0}",4,2316,0.7970639032815199,0.017007419399681662,7.02438997405541e+16,352.6384297310968,0.056165371420614174,39.13637765503301
stage2,35,58,0.62,74014,27,"{""atr_period"": 7, ""horizon_h"": 6, ""ma_windows"": [12, 24, 72], ""mtf_intervals"": [""4h"", ""1d""], ""ret_windows"": [1, 3, 6, 12, 24], ""rsi_period"": 7, ""target_threshold"": 0.006, ""vol_windows"": [24, 72]}","{""colsample_bytree"": 0.7, ""gamma"": 0.0, ""learning_rate"": 0.07, ""max_depth"": 5, ""min_child_weight"": 5, ""n_estimators"": 250, ""subsample"": 1.0}",4,2110,0.8061611374407583,0.01756155883765271,6990872227332200.0,352.6384297310968,0.056165371420614174,36.84072042048011
stage2,35,58,0.65,74014,27,"{""atr_period"": 7, ""horizon_h"": 6, ""ma_windows"": [12, 24, 72], ""mtf_intervals"": [""4h"", ""1d""], ""ret_windows"": [1, 3, 6, 12, 24], ""rsi_period"": 7, ""target_threshold"": 0.006, ""vol_windows"": [24, 72]}","{""colsample_bytree"": 0.7, ""gamma"": 0.0, ""learning_rate"": 0.07, ""max_depth"": 5, ""min_child_weight"": 5, ""n_estimators"": 250, ""subsample"": 1.0}",4,1833,0.8216039279869067,0.0185253175285998,327102339713496.44,352.6384297310968,0.054652592210135076,33.79945358986028
stage2,35,50,0.52,74014,27,"{""atr_period"": 7, ""horizon_h"": 6, ""ma_windows"": [12, 24, 72], ""mtf_intervals"": [""4h"", ""1d""], ""ret_windows"": [1, 3, 6, 12, 24], ""rsi_period"": 7, ""target_threshold"": 0.006, ""vol_windows"": [24, 72]}","{""colsample_bytree"": 0.7, ""gamma"": 0.0, ""learning_rate"": 0.07, ""max_depth"": 5, ""min_child_weight"": 5, ""n_estimators"": 250, ""subsample"": 0.7}",4,3274,0.7452657299938913,0.014759757127830127,4.8034834920680994e+20,352.6384297310968,0.0817730545180243,47.894447355854815
stage2,35,50,0.55,74014,27,"{""atr_period"": 7, ""horizon_h"": 6, ""ma_windows"": [12, 24, 72], ""mtf_intervals"": [""4h"", ""1d""], ""ret_windows"": [1, 3, 6, 12, 24], ""rsi_period"": 7, ""target_threshold"": 0.006, ""vol_windows"": [24, 72]}","{""colsample_bytree"": 0.7, ""gamma"": 0.0, ""learning_rate"": 0.07, ""max_depth"": 5, ""min_child_weight"": 5, ""n_estimators"": 250, ""subsample"": 0.7}",4,2899,0.7688858226974818,0.015611762162873017,2.3160400229353677e+19,352.6384297310968,0.07573261296471678,44.891112056487096
stage2,35,50,0.58,74014,27,"{""atr_period"": 7, ""horizon_h"": 6, ""ma_windows"": [12, 24, 72], ""mtf_intervals"": [""4h"", ""1d""], ""ret_windows"": [1, 3, 6, 12, 24], ""rsi_period"": 7, ""target_threshold"": 0.006, ""vol_windows"": [24, 72]}","{""colsample_bytree"": 0.7, ""gamma"": 0.0, ""learning_rate"": 0.07, ""max_depth"": 5, ""min_child_weight"": 5, ""n_estimators"": 250, ""subsample"": 0.7}",4,2559,0.785853849159828,0.016410184330074552,9.211348478994511e+17,352.6384297310968,0.054652592210134965,41.69702109296919
stage2,35,50,0.6,74014,27,"{""atr_period"": 7, ""horizon_h"": 6, ""ma_windows"": [12, 24, 72], ""mtf_intervals"": [""4h"", ""1d""], ""ret_windows"": [1, 3, 6, 12, 24], ""rsi_period"": 7, ""target_threshold"": 0.006, ""vol_windows"": [24, 72]}","{""colsample_bytree"": 0.7, ""gamma"": 0.0, ""learning_rate"": 0.07, ""max_depth"": 5, ""min_child_weight"": 5, ""n_estimators"": 250, ""subsample"": 0.7}",4,2348,0.7968483816013628,0.016906829288792582,9.50306006048422e+16,352.6384297310968,0.054652592210135076,39.4383823897607
stage2,35,50,0.62,74014,27,"{""atr_period"": 7, ""horizon_h"": 6, ""ma_windows"": [12, 24, 72], ""mtf_intervals"": [""4h"", ""1d""], ""ret_windows"": [1, 3, 6, 12, 24], ""rsi_period"": 7, ""target_threshold"": 0.006, ""vol_windows"": [24, 72]}","{""colsample_bytree"": 0.7, ""gamma"": 0.0, ""learning_rate"": 0.07, ""max_depth"": 5, ""min_child_weight"": 5, ""n_estimators"": 250, ""subsample"": 0.7}",4,2146,0.8094128611369991,0.017474806751970464,1.0882142777290748e+16,352.6384297310968,0.054652592210134965,37.28590201020954
stage2,35,50,0.65,74014,27,"{""atr_period"": 7, ""horizon_h"": 6, ""ma_windows"": [12, 24, 72], ""mtf_intervals"": [""4h"", ""1d""], ""ret_windows"": [1, 3, 6, 12, 24], ""rsi_period"": 7, ""target_threshold"": 0.006, ""vol_windows"": [24, 72]}","{""colsample_bytree"": 0.7, ""gamma"": 0.0, ""learning_rate"": 0.07, ""max_depth"": 5, ""min_child_weight"": 5, ""n_estimators"": 250, ""subsample"": 0.7}",4,1883,0.8274030801911842,0.018430698409633732,685630162159619.6,352.6384297310968,0.05465259221013519,34.54340123138445
stage2,35,48,0.52,74014,27,"{""atr_period"": 7, ""horizon_h"": 6, ""ma_windows"": [12, 24, 72], ""mtf_intervals"": [""4h"", ""1d""], ""ret_windows"": [1, 3, 6, 12, 24], ""rsi_period"": 7, ""target_threshold"": 0.006, ""vol_windows"": [24, 72]}","{""colsample_bytree"": 0.7, ""gamma"": 0.0, ""learning_rate"": 0.07, ""max_depth"": 5, ""min_child_weight"": 1, ""n_estimators"": 250, ""subsample"": 0.7}",4,3258,0.7452424800491099,0.014838030034563831,4.88885883613005e+20,352.6384297310968,0.0712350880822129,47.917941449563536
stage2,35,48,0.55,74014,27,"{""atr_period"": 7, ""horizon_h"": 6, ""ma_windows"": [12, 24, 72], ""mtf_intervals"": [""4h"", ""1d""], ""ret_windows"": [1, 3, 6, 12, 24], ""rsi_period"": 7, ""target_threshold"": 0.006, ""vol_windows"": [24, 72]}","{""colsample_bytree"": 0.7, ""gamma"": 0.0, ""learning_rate"": 0.07, ""max_depth"": 5, ""min_child_weight"": 1, ""n_estimators"": 250, ""subsample"": 0.7}",4,2898,0.7677708764665286,0.01575330024792813,3.4088520404367077e+19,352.6384297310968,0.07123508808221302,45.28011791558695
stage2,35,48,0.58,74014,27,"{""atr_period"": 7, ""horizon_h"": 6, ""ma_windows"": [12, 24, 72], ""mtf_intervals"": [""4h"", ""1d""], ""ret_windows"": [1, 3, 6, 12, 24], ""rsi_period"": 7, ""target_threshold"": 0.006, ""vol_windows"": [24, 72]}","{""colsample_bytree"": 0.7, ""gamma"": 0.0, ""learning_rate"": 0.07, ""max_depth"": 5, ""min_child_weight"": 1, ""n_estimators"": 250, ""subsample"": 0.7}",4,2565,0.7871345029239766,0.016548452422865394,1.4339510897181542e+18,352.6384297310968,0.056319997936623456,42.140900530653916
stage2,35,48,0.6,74014,27,"{""atr_period"": 7, ""horizon_h"": 6, ""ma_windows"": [12, 24, 72], ""mtf_intervals"": [""4h"", ""1d""], ""ret_windows"": [1, 3, 6, 12, 24], ""rsi_period"": 7, ""target_threshold"": 0.006, ""vol_windows"": [24, 72]}","{""colsample_bytree"": 0.7, ""gamma"": 0.0, ""learning_rate"": 0.07, ""max_depth"": 5, ""min_child_weight"": 1, ""n_estimators"": 250, ""subsample"": 0.7}",4,2335,0.8004282655246253,0.017176816511529792,1.4202526157605386e+17,352.6384297310968,0.056319997936623234,39.84437848065644
stage2,35,48,0.62,74014,27,"{""atr_period"": 7, ""horizon_h"": 6, ""ma_windows"": [12, 24, 72], ""mtf_intervals"": [""4h"", ""1d""], ""ret_windows"": [1, 3, 6, 12, 24], ""rsi_period"": 7, ""target_threshold"": 0.006, ""vol_windows"": [24, 72]}","{""colsample_bytree"": 0.7, ""gamma"": 0.0, ""learning_rate"": 0.07, ""max_depth"": 5, ""min_child_weight"": 1, ""n_estimators"": 250, ""subsample"": 0.7}",4,2150,0.813953488372093,0.01772101386381136,1.963939357891756e+16,352.6384297310968,0.054652592210135076,37.88191842602622
stage2,35,48,0.65,74014,27,"{""atr_period"": 7, ""horizon_h"": 6, ""ma_windows"": [12, 24, 72], ""mtf_intervals"": [""4h"", ""1d""], ""ret_windows"": [1, 3, 6, 12, 24], ""rsi_period"": 7, ""target_threshold"": 0.006, ""vol_windows"": [24, 72]}","{""colsample_bytree"": 0.7, ""gamma"": 0.0, ""learning_rate"": 0.07, ""max_depth"": 5, ""min_child_weight"": 1, ""n_estimators"": 250, ""subsample"": 0.7}",4,1882,0.8320935175345378,0.018660145594374924,1028829664647440.0,352.6384297310968,0.05465259221013519,34.954827985895626
stage2,35,57,0.52,74014,27,"{""atr_period"": 7, ""horizon_h"": 6, ""ma_windows"": [12, 24, 72], ""mtf_intervals"": [""4h"", ""1d""], ""ret_windows"": [1, 3, 6, 12, 24], ""rsi_period"": 7, ""target_threshold"": 0.006, ""vol_windows"": [24, 72]}","{""colsample_bytree"": 0.7, ""gamma"": 0.2, ""learning_rate"": 0.07, ""max_depth"": 5, ""min_child_weight"": 1, ""n_estimators"": 250, ""subsample"": 1.0}",4,3201,0.7472664792252421,0.014854684599902449,2.2233644287738338e+20,352.6384297310968,0.09015169082008112,47.122298231767154
stage2,35,57,0.55,74014,27,"{""atr_period"": 7, ""horizon_h"": 6, ""ma_windows"": [12, 24, 72], ""mtf_intervals"": [""4h"", ""1d""], ""ret_windows"": [1, 3, 6, 12, 24], ""rsi_period"": 7, ""target_threshold"": 0.006, ""vol_windows"": [24, 72]}","{""colsample_bytree"": 0.7, ""gamma"": 0.2, ""learning_rate"": 0.07, ""max_depth"": 5, ""min_child_weight"": 1, ""n_estimators"": 250, ""subsample"": 1.0}",4,2859,0.7660020986358866,0.015628797173949157,1.3062751246393414e+19,352.6384297310968,0.06154078183779277,44.323358102987946
stage2,35,57,0.58,74014,27,"{""atr_period"": 7, ""horizon_h"": 6, ""ma_windows"": [12, 24, 72], ""mtf_intervals"": [""4h"", ""1d""], ""ret_windows"": [1, 3, 6, 12, 24], ""rsi_period"": 7, ""target_threshold"": 0.006, ""vol_windows"": [24, 72]}","{""colsample_bytree"": 0.7, ""gamma"": 0.2, ""learning_rate"": 0.07, ""max_depth"": 5, ""min_child_weight"": 1, ""n_estimators"": 250, ""subsample"": 1.0}",4,2535,0.788560157790927,0.01659576235541563,9.881390206592648e+17,352.6384297310968,0.060566013874518876,41.767931010068054
stage2,35,57,0.6,74014,27,"{""atr_period"": 7, ""horizon_h"": 6, ""ma_windows"": [12, 24, 72], ""mtf_intervals"": [""4h"", ""1d""], ""ret_windows"": [1, 3, 6, 12, 24], ""rsi_period"": 7, ""target_threshold"": 0.006, ""vol_windows"": [24, 72]}","{""colsample_bytree"": 0.7, ""gamma"": 0.2, ""learning_rate"": 0.07, ""max_depth"": 5, ""min_child_weight"": 1, ""n_estimators"": 250, ""subsample"": 1.0}",4,2333,0.7976853836262323,0.01706965057979497,1.0761971395553486e+17,352.6384297310968,0.056165371420614174,39.56400306688569
stage2,35,57,0.62,74014,27,"{""atr_period"": 7, ""horizon_h"": 6, ""ma_windows"": [12, 24, 72], ""mtf_intervals"": [""4h"", ""1d""], ""ret_windows"": [1, 3, 6, 12, 24], ""rsi_period"": 7, ""target_threshold"": 0.006, ""vol_windows"": [24, 72]}","{""colsample_bytree"": 0.7, ""gamma"": 0.2, ""learning_rate"": 0.07, ""max_depth"": 5, ""min_child_weight"": 1, ""n_estimators"": 250, ""subsample"": 1.0}",4,2163,0.8104484512251503,0.017669666300416075,2.2001901310816624e+16,352.6384297310968,0.054652592210135076,37.99229506303205
stage2,35,57,0.65,74014,27,"{""atr_period"": 7, ""horizon_h"": 6, ""ma_windows"": [12, 24, 72], ""mtf_intervals"": [""4h"", ""1d""], ""ret_windows"": [1, 3, 6, 12, 24], ""rsi_period"": 7, ""target_threshold"": 0.006, ""vol_windows"": [24, 72]}","{""colsample_bytree"": 0.7, ""gamma"": 0.2, ""learning_rate"": 0.07, ""max_depth"": 5, ""min_child_weight"": 1, ""n_estimators"": 250, ""subsample"": 1.0}",4,1867,0.8286020353508302,0.018564851157496013,652827423777476.1,352.6384297310968,0.05465259221013519,34.496408069594686
stage2,35,61,0.52,74014,27,"{""atr_period"": 7, ""horizon_h"": 6, ""ma_windows"": [12, 24, 72], ""mtf_intervals"": [""4h"", ""1d""], ""ret_windows"": [1, 3, 6, 12, 24], ""rsi_period"": 7, ""target_threshold"": 0.006, ""vol_windows"": [24, 72]}","{""colsample_bytree"": 1.0, ""gamma"": 0.2, ""learning_rate"": 0.07, ""max_depth"": 5, ""min_child_weight"": 1, ""n_estimators"": 250, ""subsample"": 1.0}",4,3319,0.7393793311238325,0.01458523680086738,5.224555272412207e+20,352.6384297310968,0.07123508808221302,47.97763935404636
stage2,35,61,0.55,74014,27,"{""atr_period"": 7, ""horizon_h"": 6, ""ma_windows"": [12, 24, 72], ""mtf_intervals"": [""4h"", ""1d""], ""ret_windows"": [1, 3, 6, 12, 24], ""rsi_period"": 7, ""target_threshold"": 0.006, ""vol_windows"": [24, 72]}","{""colsample_bytree"": 1.0, ""gamma"": 0.2, ""learning_rate"": 0.07, ""max_depth"": 5, ""min_child_weight"": 1, ""n_estimators"": 250, ""subsample"": 1.0}",4,2962,0.7599594868332208,0.015387666322987612,3.1830979105749475e+19,352.6384297310968,0.07123508808221302,45.20242305119277
stage2,35,61,0.58,74014,27,"{""atr_period"": 7, ""horizon_h"": 6, ""ma_windows"": [12, 24, 72], ""mtf_intervals"": [""4h"", ""1d""], ""ret_windows"": [1, 3, 6, 12, 24], ""rsi_period"": 7, ""target_threshold"": 0.006, ""vol_windows"": [24, 72]}","{""colsample_bytree"": 1.0, ""gamma"": 0.2, ""learning_rate"": 0.07, ""max_depth"": 5, ""min_child_weight"": 1, ""n_estimators"": 250, ""subsample"": 1.0}",4,2623,0.7838353030880671,0.016255745948877142,1.7407995851515807e+18,352.6384297310968,0.06226179802632259,42.32685952431152
stage2,35,61,0.6,74014,27,"{""atr_period"": 7, ""horizon_h"": 6, ""ma_windows"": [12, 24, 72], ""mtf_intervals"": [""4h"", ""1d""], ""ret_windows"": [1, 3, 6, 12, 24], ""rsi_period"": 7, ""target_threshold"": 0.006, ""vol_windows"": [24, 72]}","{""colsample_bytree"": 1.0, ""gamma"": 0.2, ""learning_rate"": 0.07, ""max_depth"": 5, ""min_child_weight"": 1, ""n_estimators"": 250, ""subsample"": 1.0}",4,2417,0.791890773686388,0.016808450254356823,2.3764767744348237e+17,352.6384297310968,0.07884120533897343,40.33812524322452
stage2,35,61,0.62,74014,27,"{""atr_period"": 7, ""horizon_h"": 6, ""ma_windows"": [12, 24, 72], ""mtf_intervals"": [""4h"", ""1d""], ""ret_windows"": [1, 3, 6, 12, 24], ""rsi_period"": 7, ""target_threshold"": 0.006, ""vol_windows"": [24, 72]}","{""colsample_bytree"": 1.0, ""gamma"": 0.2, ""learning_rate"": 0.07, ""max_depth"": 5, ""min_child_weight"": 1, ""n_estimators"": 250, ""subsample"": 1.0}",4,2213,0.8106642566651604,0.017478336603824907,3.4789666005297028e+16,352.6384297310968,0.05465259221013519,38.44912858577847
stage2,35,61,0.65,74014,27,"{""atr_period"": 7, ""horizon_h"": 6, ""ma_windows"": [12, 24, 72], ""mtf_intervals"": [""4h"", ""1d""], ""ret_windows"": [1, 3, 6, 12, 24], ""rsi_period"": 7, ""target_threshold"": 0.006, ""vol_windows"": [24, 72]}","{""colsample_bytree"": 1.0, ""gamma"": 0.2, ""learning_rate"": 0.07, ""max_depth"": 5, ""min_child_weight"": 1, ""n_estimators"": 250, ""subsample"": 1.0}",4,1969,0.8247841543930929,0.018289481951488162,2487317737539276.0,352.6384297310968,0.05465259221013519,35.828798193957134
stage2,35,38,0.52,74014,27,"{""atr_period"": 7, ""horizon_h"": 6, ""ma_windows"": [12, 24, 72], ""mtf_intervals"": [""4h"", ""1d""], ""ret_windows"": [1, 3, 6, 12, 24], ""rsi_period"": 7, ""target_threshold"": 0.006, ""vol_windows"": [24, 72]}","{""colsample_bytree"": 1.0, ""gamma"": 0.0, ""learning_rate"": 0.03, ""max_depth"": 5, ""min_child_weight"": 5, ""n_estimators"": 250, ""subsample"": 0.7}",4,2979,0.7576367908694193,0.015455815383232409,5.0234452662176326e+19,352.6384297310968,0.07092643614738758,45.65752551088804
stage2,35,38,0.55,74014,27,"{""atr_period"": 7, ""horizon_h"": 6, ""ma_windows"": [12, 24, 72], ""mtf_intervals"": [""4h"", ""1d""], ""ret_windows"": [1, 3, 6, 12, 24], ""rsi_period"": 7, ""target_threshold"": 0.006, ""vol_windows"": [24, 72]}","{""colsample_bytree"": 1.0, ""gamma"": 0.0, ""learning_rate"": 0.03, ""max_depth"": 5, ""min_child_weight"": 5, ""n_estimators"": 250, ""subsample"": 0.7}",4,2631,0.7810718358038768,0.016461698817337365,3.3535845612410936e+18,352.6384297310968,0.07573261296471678,42.97524621864864
stage2,35,38,0.58,74014,27,"{""atr_period"": 7, ""horizon_h"": 6, ""ma_windows"": [12, 24, 72], ""mtf_intervals"": [""4h"", ""1d""], ""ret_windows"": [1, 3, 6, 12, 24], ""rsi_period"": 7, ""target_threshold"": 0.006, ""vol_windows"": [24, 72]}","{""colsample_bytree"": 1.0, ""gamma"": 0.0, ""learning_rate"": 0.03, ""max_depth"": 5, ""min_child_weight"": 5, ""n_estimators"": 250, ""subsample"": 0.7}",4,2299,0.7968682035667681,0.017301711148715784,1.0191871726306434e+17,352.6384297310968,0.060566013874518765,39.50857724603775
stage2,35,38,0.6,74014,27,"{""atr_period"": 7, ""horizon_h"": 6, ""ma_windows"": [12, 24, 72], ""mtf_intervals"": [""4h"", ""1d""], ""ret_windows"": [1, 3, 6, 12, 24], ""rsi_period"": 7, ""target_threshold"": 0.006, ""vol_windows"": [24, 72]}","{""colsample_bytree"": 1.0, ""gamma"": 0.0, ""learning_rate"": 0.03, ""max_depth"": 5, ""min_child_weight"": 5, ""n_estimators"": 250, ""subsample"": 0.7}",4,2081,0.8111484863046612,0.0178113218096717,7045893102691257.0,352.6384297310968,0.060566013874518765,36.852347659951796
stage2,35,38,0.62,74014,27,"{""atr_period"": 7, ""horizon_h"": 6, ""ma_windows"": [12, 24, 72], ""mtf_intervals"": [""4h"", ""1d""], ""ret_windows"": [1, 3, 6, 12, 24], ""rsi_period"": 7, ""target_threshold"": 0.006, ""vol_windows"": [24, 72]}","{""colsample_bytree"": 1.0, ""gamma"": 0.0, ""learning_rate"": 0.03, ""max_depth"": 5, ""min_child_weight"": 5, ""n_estimators"": 250, ""subsample"": 0.7}",4,1874,0.8260405549626467,0.018412197263356456,562428133956788.2,352.6384297310968,0.060566013874518765,34.34113149512999
stage2,35,38,0.65,74014,27,"{""atr_period"": 7, ""horizon_h"": 6, ""ma_windows"": [12, 24, 72], ""mtf_intervals"": [""4h"", ""1d""], ""ret_windows"": [1, 3, 6, 12, 24], ""rsi_period"": 7, ""target_threshold"": 0.006, ""vol_windows"": [24, 72]}","{""colsample_bytree"": 1.0, ""gamma"": 0.0, ""learning_rate"": 0.03, ""max_depth"": 5, ""min_child_weight"": 5, ""n_estimators"": 250, ""subsample"": 0.7}",4,1611,0.8441961514587213,0.01945989121250096,24925826866069.516,352.6384297310968,0.060566013874518876,31.2476786493212
stage2,35,36,0.52,74014,27,"{""atr_period"": 7, ""horizon_h"": 6, ""ma_windows"": [12, 24, 72], ""mtf_intervals"": [""4h"", ""1d""], ""ret_windows"": [1, 3, 6, 12, 24], ""rsi_period"": 7, ""target_threshold"": 0.006, ""vol_windows"": [24, 72]}","{""colsample_bytree"": 1.0, ""gamma"": 0.0, ""learning_rate"": 0.03, ""max_depth"": 5, ""min_child_weight"": 1, ""n_estimators"": 250, ""subsample"": 0.7}",4,2971,0.7593402894648267,0.015485191856823637,4.838306156001153e+19,352.6384297310968,0.07092643614738747,45.6215720069468
stage2,35,36,0.55,74014,27,"{""atr_period"": 7, ""horizon_h"": 6, ""ma_windows"": [12, 24, 72], ""mtf_intervals"": [""4h"", ""1d""], ""ret_windows"": [1, 3, 6, 12, 24], ""rsi_period"": 7, ""target_threshold"": 0.006, ""vol_windows"": [24, 72]}","{""colsample_bytree"": 1.0, ""gamma"": 0.0, ""learning_rate"": 0.03, ""max_depth"": 5, ""min_child_weight"": 1, ""n_estimators"": 250, ""subsample"": 0.7}",4,2619,0.7793050782741504,0.016379882319442207,2.236231775856285e+18,352.6384297310968,0.075732612964717,42.56794069497146
stage2,35,36,0.58,74014,27,"{""atr_period"": 7, ""horizon_h"": 6, ""ma_windows"": [12, 24, 72], ""mtf_intervals"": [""4h"", ""1d""], ""ret_windows"": [1, 3, 6, 12, 24], ""rsi_period"": 7, ""target_threshold"": 0.006, ""vol_windows"": [24, 72]}","{""colsample_bytree"": 1.0, ""gamma"": 0.0, ""learning_rate"": 0.03, ""max_depth"": 5, ""min_child_weight"": 1, ""n_estimators"": 250, ""subsample"": 0.7}",4,2303,0.7980894485453756,0.01725390759047178,9.8362744828663e+16,352.6384297310968,0.060566013874518765,39.47365833043624
stage2,35,36,0.6,74014,27,"{""atr_period"": 7, ""horizon_h"": 6, ""ma_windows"": [12, 24, 72], ""mtf_intervals"": [""4h"", ""1d""], ""ret_windows"": [1, 3, 6, 12, 24], ""rsi_period"": 7, ""target_threshold"": 0.006, ""vol_windows"": [24, 72]}","{""colsample_bytree"": 1.0, ""gamma"": 0.0, ""learning_rate"": 0.03, ""max_depth"": 5, ""min_child_weight"": 1, ""n_estimators"": 250, ""subsample"": 0.7}",4,2077,0.8131921039961483,0.017846200437057466,7043651082032498.0,352.6384297310968,0.060566013874518765,36.85394333000698
stage2,35,36,0.62,74014,27,"{""atr_period"": 7, ""horizon_h"": 6, ""ma_windows"": [12, 24, 72], ""mtf_intervals"": [""4h"", ""1d""], ""ret_windows"": [1, 3, 6, 12, 24], ""rsi_period"": 7, ""target_threshold"": 0.006, ""vol_windows"": [24, 72]}","{""colsample_bytree"": 1.0, ""gamma"": 0.0, ""learning_rate"": 0.03, ""max_depth"": 5, ""min_child_weight"": 1, ""n_estimators"": 250, ""subsample"": 0.7}",4,1884,0.8237791932059448,0.01843961986936003,709258400342526.4,352.6384297310968,0.060566013874518765,34.571498340109336
stage2,35,36,0.65,74014,27,"{""atr_period"": 7, ""horizon_h"": 6, ""ma_windows"": [12, 24, 72], ""mtf_intervals"": [""4h"", ""1d""], ""ret_windows"": [1, 3, 6, 12, 24], ""rsi_period"": 7, ""target_threshold"": 0.006, ""vol_windows"": [24, 72]}","{""colsample_bytree"": 1.0, ""gamma"": 0.0, ""learning_rate"": 0.03, ""max_depth"": 5, ""min_child_weight"": 1, ""n_estimators"": 250, ""subsample"": 0.7}",4,1614,0.8444857496902106,0.01957154689408759,31472357036928.906,352.6384297310968,0.060566013874518876,31.482008690068273
stage2,35,32,0.52,74014,27,"{""atr_period"": 7, ""horizon_h"": 6, ""ma_windows"": [12, 24, 72], ""mtf_intervals"": [""4h"", ""1d""], ""ret_windows"": [1, 3, 6, 12, 24], ""rsi_period"": 7, ""target_threshold"": 0.006, ""vol_windows"": [24, 72]}","{""colsample_bytree"": 0.7, ""gamma"": 0.0, ""learning_rate"": 0.03, ""max_depth"": 5, ""min_child_weight"": 1, ""n_estimators"": 250, ""subsample"": 0.7}",4,2923,0.7598357851522408,0.015540607381457107,2.7180289573217366e+19,352.6384297310968,0.0757326129647169,45.04335091715808
stage2,35,32,0.55,74014,27,"{""atr_period"": 7, ""horizon_h"": 6, ""ma_windows"": [12, 24, 72], ""mtf_intervals"": [""4h"", ""1d""], ""ret_windows"": [1, 3, 6, 12, 24], ""rsi_period"": 7, ""target_threshold"": 0.006, ""vol_windows"": [24, 72]}","{""colsample_bytree"": 0.7, ""gamma"": 0.0, ""learning_rate"": 0.03, ""max_depth"": 5, ""min_child_weight"": 1, ""n_estimators"": 250, ""subsample"": 0.7}",4,2573,0.7877963466770307,0.016629934313102793,1.999500580583332e+18,352.6384297310968,0.060566013874518876,42.47242265847096
stage2,35,32,0.58,74014,27,"{""atr_period"": 7, ""horizon_h"": 6, ""ma_windows"": [12, 24, 72], ""mtf_intervals"": [""4h"", ""1d""], ""ret_windows"": [1, 3, 6, 12, 24], ""rsi_period"": 7, ""target_threshold"": 0.006, ""vol_windows"": [24, 72]}","{""colsample_bytree"": 0.7, ""gamma"": 0.0, ""learning_rate"": 0.03, ""max_depth"": 5, ""min_child_weight"": 1, ""n_estimators"": 250, ""subsample"": 0.7}",4,2224,0.8026079136690647,0.017407388028427947,3.575611544226589e+16,352.6384297310968,0.05465259221013519,38.46951684980111
stage2,35,32,0.6,74014,27,"{""atr_period"": 7, ""horizon_h"": 6, ""ma_windows"": [12, 24, 72], ""mtf_intervals"": [""4h"", ""1d""], ""ret_windows"": [1, 3, 6, 12, 24], ""rsi_period"": 7, ""target_threshold"": 0.006, ""vol_windows"": [24, 72]}","{""colsample_bytree"": 0.7, ""gamma"": 0.0, ""learning_rate"": 0.03, ""max_depth"": 5, ""min_child_weight"": 1, ""n_estimators"": 250, ""subsample"": 0.7}",4,2019,0.8157503714710252,0.018015399385702485,3556748252317059.5,352.6384297310968,0.054652592210135076,36.17702030624632
stage2,35,32,0.62,74014,27,"{""atr_period"": 7, ""horizon_h"": 6, ""ma_windows"": [12, 24, 72], ""mtf_intervals"": [""4h"", ""1d""], ""ret_windows"": [1, 3, 6, 12, 24], ""rsi_period"": 7, ""target_threshold"": 0.006, ""vol_windows"": [24, 72]}","{""colsample_bytree"": 0.7, ""gamma"": 0.0, ""learning_rate"": 0.03, ""max_depth"": 5, ""min_child_weight"": 1, ""n_estimators"": 250, ""subsample"": 0.7}",4,1806,0.8289036544850499,0.01875516638460519,300426124587052.2,352.6384297310968,0.054652592210134965,33.722060956599194
stage2,35,32,0.65,74014,27,"{""atr_period"": 7, ""horizon_h"": 6, ""ma_windows"": [12, 24, 72], ""mtf_intervals"": [""4h"", ""1d""], ""ret_windows"": [1, 3, 6, 12, 24], ""rsi_period"": 7, ""target_threshold"": 0.006, ""vol_windows"": [24, 72]}","{""colsample_bytree"": 0.7, ""gamma"": 0.0, ""learning_rate"": 0.03, ""max_depth"": 5, ""min_child_weight"": 1, ""n_estimators"": 250, ""subsample"": 0.7}",4,1538,0.8452535760728218,0.019808639224740923,10370590874922.723,352.6384297310968,0.05465259221013519,30.37734079435751
stage2,35,42,0.52,74014,27,"{""atr_period"": 7, ""horizon_h"": 6, ""ma_windows"": [12, 24, 72], ""mtf_intervals"": [""4h"", ""1d""], ""ret_windows"": [1, 3, 6, 12, 24], ""rsi_period"": 7, ""target_threshold"": 0.006, ""vol_windows"": [24, 72]}","{""colsample_bytree"": 0.7, ""gamma"": 0.0, ""learning_rate"": 0.03, ""max_depth"": 5, ""min_child_weight"": 5, ""n_estimators"": 250, ""subsample"": 1.0}",4,2921,0.7600136939404314,0.015515125960619606,2.440434401397869e+19,352.6384297310968,0.07092643614738758,44.93796156846931
stage2,35,42,0.55,74014,27,"{""atr_period"": 7, ""horizon_h"": 6, ""ma_windows"": [12, 24, 72], ""mtf_intervals"": [""4h"", ""1d""], ""ret_windows"": [1, 3, 6, 12, 24], ""rsi_period"": 7, ""target_threshold"": 0.006, ""vol_windows"": [24, 72]}","{""colsample_bytree"": 0.7, ""gamma"": 0.0, ""learning_rate"": 0.03, ""max_depth"": 5, ""min_child_weight"": 5, ""n_estimators"": 250, ""subsample"": 1.0}",4,2554,0.778778386844166,0.016411590245000076,8.435027245440593e+17,352.6384297310968,0.0757326129647169,41.59278865189077
stage2,35,42,0.58,74014,27,"{""atr_period"": 7, ""horizon_h"": 6, ""ma_windows"": [12, 24, 72], ""mtf_intervals"": [""4h"", ""1d""], ""ret_windows"": [1, 3, 6, 12, 24], ""rsi_period"": 7, ""target_threshold"": 0.006, ""vol_windows"": [24, 72]}","{""colsample_bytree"": 0.7, ""gamma"": 0.0, ""learning_rate"": 0.03, ""max_depth"": 5, ""min_child_weight"": 5, ""n_estimators"": 250, ""subsample"": 1.0}",4,2183,0.8021071919377004,0.017480372630590293,2.0639416114665244e+16,352.6384297310968,0.060566013874518765,37.917224773763365
stage2,35,42,0.6,74014,27,"{""atr_period"": 7, ""horizon_h"": 6, ""ma_windows"": [12, 24, 72], ""mtf_intervals"": [""4h"", ""1d""], ""ret_windows"": [1, 3, 6, 12, 24], ""rsi_period"": 7, ""target_threshold"": 0.006, ""vol_windows"": [24, 72]}","{""colsample_bytree"": 0.7, ""gamma"": 0.0, ""learning_rate"": 0.03, ""max_depth"": 5, ""min_child_weight"": 5, ""n_estimators"": 250, ""subsample"": 1.0}",4,1982,0.8102926337033299,0.018067053960364524,2026340258311633.0,352.6384297310968,0.060566013874518765,35.607495264203806
stage2,35,42,0.62,74014,27,"{""atr_period"": 7, ""horizon_h"": 6, ""ma_windows"": [12, 24, 72], ""mtf_intervals"": [""4h"", ""1d""], ""ret_windows"": [1, 3, 6, 12, 24], ""rsi_period"": 7, ""target_threshold"": 0.006, ""vol_windows"": [24, 72]}","{""colsample_bytree"": 0.7, ""gamma"": 0.0, ""learning_rate"": 0.03, ""max_depth"": 5, ""min_child_weight"": 5, ""n_estimators"": 250, ""subsample"": 1.0}",4,1787,0.821488528259653,0.018768103862544804,214939604422840.56,352.6384297310968,0.060566013874518654,33.37843084150332
stage2,35,42,0.65,74014,27,"{""atr_period"": 7, ""horizon_h"": 6, ""ma_windows"": [12, 24, 72], ""mtf_intervals"": [""4h"", ""1d""], ""ret_windows"": [1, 3, 6, 12, 24], ""rsi_period"": 7, ""target_threshold"": 0.006, ""vol_windows"": [24, 72]}","{""colsample_bytree"": 0.7, ""gamma"": 0.0, ""learning_rate"": 0.03, ""max_depth"": 5, ""min_child_weight"": 5, ""n_estimators"": 250, ""subsample"": 1.0}",4,1506,0.8386454183266933,0.019778354721017074,5308796878431.424,352.6384297310968,0.054652592210135076,29.702203225267887
stage2,35,44,0.52,74014,27,"{""atr_period"": 7, ""horizon_h"": 6, ""ma_windows"": [12, 24, 72], ""mtf_intervals"": [""4h"", ""1d""], ""ret_windows"": [1, 3, 6, 12, 24], ""rsi_period"": 7, ""target_threshold"": 0.006, ""vol_windows"": [24, 72]}","{""colsample_bytree"": 1.0, ""gamma"": 0.0, ""learning_rate"": 0.03, ""max_depth"": 5, ""min_child_weight"": 1, ""n_estimators"": 250, ""subsample"": 1.0}",4,2974,0.7562205783456624,0.01545059729045403,4.56316396066847e+19,352.6384297310968,0.07573261296471678,45.55784793535142
stage2,35,44,0.55,74014,27,"{""atr_period"": 7, ""horizon_h"": 6, ""ma_windows"": [12, 24, 72], ""mtf_intervals"": [""4h"", ""1d""], ""ret_windows"": [1, 3, 6, 12, 24], ""rsi_period"": 7, ""target_threshold"": 0.006, ""vol_windows"": [24, 72]}","{""colsample_bytree"": 1.0, ""gamma"": 0.0, ""learning_rate"": 0.03, ""max_depth"": 5, ""min_child_weight"": 1, ""n_estimators"": 250, ""subsample"": 1.0}",4,2587,0.7804406648627754,0.01640205247181412,1.4093784640994586e+18,352.6384297310968,0.07092643614738758,42.10978620908736
stage2,35,44,0.58,74014,27,"{""atr_period"": 7, ""horizon_h"": 6, ""ma_windows"": [12, 24, 72], ""mtf_intervals"": [""4h"", ""1d""], ""ret_windows"": [1, 3, 6, 12, 24], ""rsi_period"": 7, ""target_threshold"": 0.006, ""vol_windows"": [24, 72]}","{""colsample_bytree"": 1.0, ""gamma"": 0.0, ""learning_rate"": 0.03, ""max_depth"": 5, ""min_child_weight"": 1, ""n_estimators"": 250, ""subsample"": 1.0}",4,2265,0.8022075055187637,0.017333296535501027,6.1255194619405784e+16,352.6384297310968,0.07092643614738747,38.99879420947742
stage2,35,44,0.6,74014,27,"{""atr_period"": 7, ""horizon_h"": 6, ""ma_windows"": [12, 24, 72], ""mtf_intervals"": [""4h"", ""1d""], ""ret_windows"": [1, 3, 6, 12, 24], ""rsi_period"": 7, ""target_threshold"": 0.006, ""vol_windows"": [24, 72]}","{""colsample_bytree"": 1.0, ""gamma"": 0.0, ""learning_rate"": 0.03, ""max_depth"": 5, ""min_child_weight"": 1, ""n_estimators"": 250, ""subsample"": 1.0}",4,2065,0.8116222760290557,0.01792618900260463,6674123918554412.0,352.6384297310968,0.07092643614738758,36.79425845719695
stage2,35,44,0.62,74014,27,"{""atr_period"": 7, ""horizon_h"": 6, ""ma_windows"": [12, 24, 72], ""mtf_intervals"": [""4h"", ""1d""], ""ret_windows"": [1, 3, 6, 12, 24], ""rsi_period"": 7, ""target_threshold"": 0.006, ""vol_windows"": [24, 72]}","{""colsample_bytree"": 1.0, ""gamma"": 0.0, ""learning_rate"": 0.03, ""max_depth"": 5, ""min_child_weight"": 1, ""n_estimators"": 250, ""subsample"": 1.0}",4,1855,0.8221024258760108,0.018541437027730073,501442991930711.56,352.6384297310968,0.060566013874518765,34.22424147174119
stage2,35,44,0.65,74014,27,"{""atr_period"": 7, ""horizon_h"": 6, ""ma_windows"": [12, 24, 72], ""mtf_intervals"": [""4h"", ""1d""], ""ret_windows"": [1, 3, 6, 12, 24], ""rsi_period"": 7, ""target_threshold"": 0.006, ""vol_windows"": [24, 72]}","{""colsample_bytree"": 1.0, ""gamma"": 0.0, ""learning_rate"": 0.03, ""max_depth"": 5, ""min_child_weight"": 1, ""n_estimators"": 250, ""subsample"": 1.0}",4,1560,0.8455128205128205,0.019653844675456868,12621300715061.225,352.6384297310968,0.054652592210135076,30.5727217531938
stage2,35,23,0.52,74014,27,"{""atr_period"": 7, ""horizon_h"": 6, ""ma_windows"": [12, 24, 72], ""mtf_intervals"": [""4h"", ""1d""], ""ret_windows"": [1, 3, 6, 12, 24], ""rsi_period"": 7, ""target_threshold"": 0.006, ""vol_windows"": [24, 72]}","{""colsample_bytree"": 1.0, ""gamma"": 0.2, ""learning_rate"": 0.07, ""max_depth"": 3, ""min_child_weight"": 5, ""n_estimators"": 250, ""subsample"": 0.7}",4,2808,0.7507122507122507,0.015476677378258967,3.871781462169528e+18,352.6384297310968,0.07573261296471678,43.08676331427245
stage2,35,23,0.55,74014,27,"{""atr_period"": 7, ""horizon_h"": 6, ""ma_windows"": [12, 24, 72], ""mtf_intervals"": [""4h"", ""1d""], ""ret_windows"": [1, 3, 6, 12, 24], ""rsi_period"": 7, ""target_threshold"": 0.006, ""vol_windows"": [24, 72]}","{""colsample_bytree"": 1.0, ""gamma"": 0.2, ""learning_rate"": 0.07, ""max_depth"": 3, ""min_child_weight"": 5, ""n_estimators"": 250, ""subsample"": 0.7}",4,2454,0.7697636511817441,0.0163561853691299,1.4544843985830285e+17,352.6384297310968,0.06056601387451899,39.83497545044617
stage2,35,23,0.58,74014,27,"{""atr_period"": 7, ""horizon_h"": 6, ""ma_windows"": [12, 24, 72], ""mtf_intervals"": [""4h"", ""1d""], ""ret_windows"": [1, 3, 6, 12, 24], ""rsi_period"": 7, ""target_threshold"": 0.006, ""vol_windows"": [24, 72]}","{""colsample_bytree"": 1.0, ""gamma"": 0.2, ""learning_rate"": 0.07, ""max_depth"": 3, ""min_child_weight"": 5, ""n_estimators"": 250, ""subsample"": 0.7}",4,2087,0.7944417824628653,0.017418728334527053,3457312327934942.5,352.6384297310968,0.060566013874518765,36.12388814400285
stage2,35,23,0.6,74014,27,"{""atr_period"": 7, ""horizon_h"": 6, ""ma_windows"": [12, 24, 72], ""mtf_intervals"": [""4h"", ""1d""], ""ret_windows"": [1, 3, 6, 12, 24], ""rsi_period"": 7, ""target_threshold"": 0.006, ""vol_windows"": [24, 72]}","{""colsample_bytree"": 1.0, ""gamma"": 0.2, ""learning_rate"": 0.07, ""max_depth"": 3, ""min_child_weight"": 5, ""n_estimators"": 250, ""subsample"": 0.7}",4,1864,0.8106223175965666,0.01821258797236383,323164881638708.8,352.6384297310968,0.060566013874518876,33.77309932929458
stage2,35,23,0.62,74014,27,"{""atr_period"": 7, ""horizon_h"": 6, ""ma_windows"": [12, 24, 72], ""mtf_intervals"": [""4h"", ""1d""], ""ret_windows"": [1, 3, 6, 12, 24], ""rsi_period"": 7, ""target_threshold"": 0.006, ""vol_windows"": [24, 72]}","{""colsample_bytree"": 1.0, ""gamma"": 0.2, ""learning_rate"": 0.07, ""max_depth"": 3, ""min_child_weight"": 5, ""n_estimators"": 250, ""subsample"": 0.7}",4,1699,0.8210712183637434,0.018742462354226976,40474910108915.6,352.6384297310968,0.060566013874518765,31.708217061173453
stage2,35,23,0.65,74014,27,"{""atr_period"": 7, ""horizon_h"": 6, ""ma_windows"": [12, 24, 72], ""mtf_intervals"": [""4h"", ""1d""], ""ret_windows"": [1, 3, 6, 12, 24], ""rsi_period"": 7, ""target_threshold"": 0.006, ""vol_windows"": [24, 72]}","{""colsample_bytree"": 1.0, ""gamma"": 0.2, ""learning_rate"": 0.07, ""max_depth"": 3, ""min_child_weight"": 5, ""n_estimators"": 250, ""subsample"": 0.7}",4,1421,0.8374384236453202,0.01967549804958467,879388584828.7445,352.6384297310968,0.060566013874518765,27.899564429348594
stage2,3923,51,0.52,74014,27,"{""atr_period"": 7, ""horizon_h"": 6, ""ma_windows"": [12, 24, 72], ""mtf_intervals"": [""4h"", ""1d""], ""ret_windows"": [1, 2, 4, 8, 24], ""rsi_period"": 7, ""target_threshold"": 0.006, ""vol_windows"": [12, 48]}","{""colsample_bytree"": 0.7, ""gamma"": 0.2, ""learning_rate"": 0.07, ""max_depth"": 5, ""min_child_weight"": 5, ""n_estimators"": 250, ""subsample"": 0.7}",4,3231,0.7437325905292479,0.014912415689342899,4.1550608993529194e+20,352.6384297310968,0.09772575015913954,47.74145146782346
stage2,3923,51,0.55,74014,27,"{""atr_period"": 7, ""horizon_h"": 6, ""ma_windows"": [12, 24, 72], ""mtf_intervals"": [""4h"", ""1d""], ""ret_windows"": [1, 2, 4, 8, 24], ""rsi_period"": 7, ""target_threshold"": 0.006, ""vol_windows"": [12, 48]}","{""colsample_bytree"": 0.7, ""gamma"": 0.2, ""learning_rate"": 0.07, ""max_depth"": 5, ""min_child_weight"": 5, ""n_estimators"": 250, ""subsample"": 0.7}",4,2877,0.7632950990615224,0.015622998566495764,1.7067267595298589e+19,352.6384297310968,0.07644623150489538,44.581091079341064
stage2,3923,51,0.58,74014,27,"{""atr_period"": 7, ""horizon_h"": 6, ""ma_windows"": [12, 24, 72], ""mtf_intervals"": [""4h"", ""1d""], ""ret_windows"": [1, 2, 4, 8, 24], ""rsi_period"": 7, ""target_threshold"": 0.006, ""vol_windows"": [12, 48]}","{""colsample_bytree"": 0.7, ""gamma"": 0.2, ""learning_rate"": 0.07, ""max_depth"": 5, ""min_child_weight"": 5, ""n_estimators"": 250, ""subsample"": 0.7}",4,2549,0.7889368379756767,0.016476628542850306,9.272501971224465e+17,352.6384297310968,0.06244117086640488,41.702741737158746
stage2,3923,51,0.6,74014,27,"{""atr_period"": 7, ""horizon_h"": 6, ""ma_windows"": [12, 24, 72], ""mtf_intervals"": [""4h"", ""1d""], ""ret_windows"": [1, 2, 4, 8, 24], ""rsi_period"": 7, ""target_threshold"": 0.006, ""vol_windows"": [12, 48]}","{""colsample_bytree"": 0.7, ""gamma"": 0.2, ""learning_rate"": 0.07, ""max_depth"": 5, ""min_child_weight"": 5, ""n_estimators"": 250, ""subsample"": 0.7}",4,2322,0.8006029285099052,0.017093905740772408,9.456683670077526e+16,352.6384297310968,0.05465259221013519,39.43799053871908
stage2,3923,51,0.62,74014,27,"{""atr_period"": 7, ""horizon_h"": 6, ""ma_windows"": [12, 24, 72], ""mtf_intervals"": [""4h"", ""1d""], ""ret_windows"": [1, 2, 4, 8, 24], ""rsi_period"": 7, ""target_threshold"": 0.006, ""vol_windows"": [12, 48]}","{""colsample_bytree"": 0.7, ""gamma"": 0.2, ""learning_rate"": 0.07, ""max_depth"": 5, ""min_child_weight"": 5, ""n_estimators"": 250, ""subsample"": 0.7}",4,2127,0.8138222849083215,0.017647839490346824,1.1261088575269056e+16,352.6384297310968,0.054652592210135076,37.32504393700538
stage2,3923,51,0.65,74014,27,"{""atr_period"": 7, ""horizon_h"": 6, ""ma_windows"": [12, 24, 72], ""mtf_intervals"": [""4h"", ""1d""], ""ret_windows"": [1, 2, 4, 8, 24], ""rsi_period"": 7, ""target_threshold"": 0.006, ""vol_windows"": [12, 48]}","{""colsample_bytree"": 0.7, ""gamma"": 0.2, ""learning_rate"": 0.07, ""max_depth"": 5, ""min_child_weight"": 5, ""n_estimators"": 250, ""subsample"": 0.7}",4,1870,0.8299465240641711,0.0185049582994232,621727044553416.4,352.6384297310968,0.041857261497263765,34.45459053212638
stage2,3923,58,0.52,74014,27,"{""atr_period"": 7, ""horizon_h"": 6, ""ma_windows"": [12, 24, 72], ""mtf_intervals"": [""4h"", ""1d""], ""ret_windows"": [1, 2, 4, 8, 24], ""rsi_period"": 7, ""target_threshold"": 0.006, ""vol_windows"": [12, 48]}","{""colsample_bytree"": 0.7, ""gamma"": 0.0, ""learning_rate"": 0.07, ""max_depth"": 5, ""min_child_weight"": 5, ""n_estimators"": 250, ""subsample"": 1.0}",4,3199,0.747733666770866,0.014857736310718773,2.1914795450606797e+20,352.6384297310968,0.10349062153486266,47.10158228008714
stage2,3923,58,0.55,74014,27,"{""atr_period"": 7, ""horizon_h"": 6, ""ma_windows"": [12, 24, 72], ""mtf_intervals"": [""4h"", ""1d""], ""ret_windows"": [1, 2, 4, 8, 24], ""rsi_period"": 7, ""target_threshold"": 0.006, ""vol_windows"": [12, 48]}","{""colsample_bytree"": 0.7, ""gamma"": 0.0, ""learning_rate"": 0.07, ""max_depth"": 5, ""min_child_weight"": 5, ""n_estimators"": 250, ""subsample"": 1.0}",4,2860,0.7646853146853146,0.01566504353779823,1.471918609897532e+19,352.6384297310968,0.08649181520214422,44.42950618592528
stage2,3923,58,0.58,74014,27,"{""atr_period"": 7, ""horizon_h"": 6, ""ma_windows"": [12, 24, 72], ""mtf_intervals"": [""4h"", ""1d""], ""ret_windows"": [1, 2, 4, 8, 24], ""rsi_period"": 7, ""target_threshold"": 0.006, ""vol_windows"": [12, 48]}","{""colsample_bytree"": 0.7, ""gamma"": 0.0, ""learning_rate"": 0.07, ""max_depth"": 5, ""min_child_weight"": 5, ""n_estimators"": 250, ""subsample"": 1.0}",4,2510,0.7836653386454183,0.016677418067743918,8.02797268886348e+17,352.6384297310968,0.05465259221013519,41.55990392919518
stage2,3923,58,0.6,74014,27,"{""atr_period"": 7, ""horizon_h"": 6, ""ma_windows"": [12, 24, 72], ""mtf_intervals"": [""4h"", ""1d""], ""ret_windows"": [1, 2, 4, 8, 24], ""rsi_period"": 7, ""target_threshold"": 0.006, ""vol_windows"": [12, 48]}","{""colsample_bytree"": 0.7, ""gamma"": 0.0, ""learning_rate"": 0.07, ""max_depth"": 5, ""min_child_weight"": 5, ""n_estimators"": 250, ""subsample"": 1.0}",4,2312,0.7988754325259516,0.01727391107509902,1.1990812377964429e+17,352.6384297310968,0.0546525922101353,39.67546754779129
stage2,3923,58,0.62,74014,27,"{""atr_period"": 7, ""horizon_h"": 6, ""ma_windows"": [12, 24, 72], ""mtf_intervals"": [""4h"", ""1d""], ""ret_windows"": [1, 2, 4, 8, 24], ""rsi_period"": 7, ""target_threshold"": 0.006, ""vol_windows"": [12, 48]}","{""colsample_bytree"": 0.7, ""gamma"": 0.0, ""learning_rate"": 0.07, ""max_depth"": 5, ""min_child_weight"": 5, ""n_estimators"": 250, ""subsample"": 1.0}",4,2112,0.8110795454545454,0.017818113754971637,1.2301898816587466e+16,352.6384297310968,0.05465259221013519,37.412612271005074
stage2,3923,58,0.65,74014,27,"{""atr_period"": 7, ""horizon_h"": 6, ""ma_windows"": [12, 24, 72], ""mtf_intervals"": [""4h"", ""1d""], ""ret_windows"": [1, 2, 4, 8, 24], ""rsi_period"": 7, ""target_threshold"": 0.006, ""vol_windows"": [12, 48]}","{""colsample_bytree"": 0.7, ""gamma"": 0.0, ""learning_rate"": 0.07, ""max_depth"": 5, ""min_child_weight"": 5, ""n_estimators"": 250, ""subsample"": 1.0}",4,1830,0.833879781420765,0.01898422061258743,704026837653486.8,352.6384297310968,0.04583266074799752,34.58389885269017
stage2,3923,50,0.52,74014,27,"{""atr_period"": 7, ""horizon_h"": 6, ""ma_windows"": [12, 24, 72], ""mtf_intervals"": [""4h"", ""1d""], ""ret_windows"": [1, 2, 4, 8, 24], ""rsi_period"": 7, ""target_threshold"": 0.006, ""vol_windows"": [12, 48]}","{""colsample_bytree"": 0.7, ""gamma"": 0.0, ""learning_rate"": 0.07, ""max_depth"": 5, ""min_child_weight"": 5, ""n_estimators"": 250, ""subsample"": 0.7}",4,3233,0.7445097432725023,0.014850169504049826,3.504642572112785e+20,352.6384297310968,0.09398504840013078,47.573207025045164
stage2,3923,50,0.55,74014,27,"{""atr_period"": 7, ""horizon_h"": 6, ""ma_windows"": [12, 24, 72], ""mtf_intervals"": [""4h"", ""1d""], ""ret_windows"": [1, 2, 4, 8, 24], ""rsi_period"": 7, ""target_threshold"": 0.006, ""vol_windows"": [12, 48]}","{""colsample_bytree"": 0.7, ""gamma"": 0.0, ""learning_rate"": 0.07, ""max_depth"": 5, ""min_child_weight"": 5, ""n_estimators"": 250, ""subsample"": 0.7}",4,2859,0.7628541448058762,0.01562996263364186,1.317486064022334e+19,352.6384297310968,0.06507822986420708,44.32762609265387
stage2,3923,50,0.58,74014,27,"{""atr_period"": 7, ""horizon_h"": 6, ""ma_windows"": [12, 24, 72], ""mtf_intervals"": [""4h"", ""1d""], ""ret_windows"": [1, 2, 4, 8, 24], ""rsi_period"": 7, ""target_threshold"": 0.006, ""vol_windows"": [12, 48]}","{""colsample_bytree"": 0.7, ""gamma"": 0.0, ""learning_rate"": 0.07, ""max_depth"": 5, ""min_child_weight"": 5, ""n_estimators"": 250, ""subsample"": 0.7}",4,2539,0.7849547065773926,0.016493460708210072,8.197113814557587e+17,352.6384297310968,0.05465259221013519,41.58031385419974
stage2,3923,50,0.6,74014,27,"{""atr_period"": 7, ""horizon_h"": 6, ""ma_windows"": [12, 24, 72], ""mtf_intervals"": [""4h"", ""1d""], ""ret_windows"": [1, 2, 4, 8, 24], ""rsi_period"": 7, ""target_threshold"": 0.006, ""vol_windows"": [12, 48]}","{""colsample_bytree"": 0.7, ""gamma"": 0.0, ""learning_rate"": 0.07, ""max_depth"": 5, ""min_child_weight"": 5, ""n_estimators"": 250, ""subsample"": 0.7}",4,2343,0.7968416559965856,0.01695427369107506,9.787805041075496e+16,352.6384297310968,0.054652592210135076,39.46827993335021
stage2,3923,50,0.62,74014,27,"{""atr_period"": 7, ""horizon_h"": 6, ""ma_windows"": [12, 24, 72], ""mtf_intervals"": [""4h"", ""1d""], ""ret_windows"": [1, 2, 4, 8, 24], ""rsi_period"": 7, ""target_threshold"": 0.006, ""vol_windows"": [12, 48]}","{""colsample_bytree"": 0.7, ""gamma"": 0.0, ""learning_rate"": 0.07, ""max_depth"": 5, ""min_child_weight"": 5, ""n_estimators"": 250, ""subsample"": 0.7}",4,2125,0.8145882352941176,0.01770377764006813,1.2243552198792616e+16,352.6384297310968,0.05465259221013519,37.409750355461846
stage2,3923,50,0.65,74014,27,"{""atr_period"": 7, ""horizon_h"": 6, ""ma_windows"": [12, 24, 72], ""mtf_intervals"": [""4h"", ""1d""], ""ret_windows"": [1, 2, 4, 8, 24], ""rsi_period"": 7, ""target_threshold"": 0.006, ""vol_windows"": [12, 48]}","{""colsample_bytree"": 0.7, ""gamma"": 0.0, ""learning_rate"": 0.07, ""max_depth"": 5, ""min_child_weight"": 5, ""n_estimators"": 250, ""subsample"": 0.7}",4,1873,0.8318206086492258,0.01853730003773423,698782743337690.2,352.6384297310968,0.041857261497263765,34.57318725564764
stage2,3923,48,0.52,74014,27,"{""atr_period"": 7, ""horizon_h"": 6, ""ma_windows"": [12, 24, 72], ""mtf_intervals"": [""4h"", ""1d""], ""ret_windows"": [1, 2, 4, 8, 24], ""rsi_period"": 7, ""target_threshold"": 0.006, ""vol_windows"": [12, 48]}","{""colsample_bytree"": 0.7, ""gamma"": 0.0, ""learning_rate"": 0.07, ""max_depth"": 5, ""min_child_weight"": 1, ""n_estimators"": 250, ""subsample"": 0.7}",4,3225,0.7448062015503876,0.014809555341370576,2.755062131059313e+20,352.6384297310968,0.07884120533897354,47.34004265564193
stage2,3923,48,0.55,74014,27,"{""atr_period"": 7, ""horizon_h"": 6, ""ma_windows"": [12, 24, 72], ""mtf_intervals"": [""4h"", ""1d""], ""ret_windows"": [1, 2, 4, 8, 24], ""rsi_period"": 7, ""target_threshold"": 0.006, ""vol_windows"": [12, 48]}","{""colsample_bytree"": 0.7, ""gamma"": 0.0, ""learning_rate"": 0.07, ""max_depth"": 5, ""min_child_weight"": 1, ""n_estimators"": 250, ""subsample"": 0.7}",4,2869,0.7671662600209133,0.015596741949172354,1.4081300815370424e+19,352.6384297310968,0.07555929230209935,44.39210670526961
stage2,3923,48,0.58,74014,27,"{""atr_period"": 7, ""horizon_h"": 6, ""ma_windows"": [12, 24, 72], ""mtf_intervals"": [""4h"", ""1d""], ""ret_windows"": [1, 2, 4, 8, 24], ""rsi_period"": 7, ""target_threshold"": 0.006, ""vol_windows"": [12, 48]}","{""colsample_bytree"": 0.7, ""gamma"": 0.0, ""learning_rate"": 0.07, ""max_depth"": 5, ""min_child_weight"": 1, ""n_estimators"": 250, ""subsample"": 0.7}",4,2523,0.7871581450653984,0.016513606127829678,6.667835168508008e+17,352.6384297310968,0.0650782298642072,41.37053807584479
stage2,3923,48,0.6,74014,27,"{""atr_period"": 7, ""horizon_h"": 6, ""ma_windows"": [12, 24, 72], ""mtf_intervals"": [""4h"", ""1d""], ""ret_windows"": [1, 2, 4, 8, 24], ""rsi_period"": 7, ""target_threshold"": 0.006, ""vol_windows"": [12, 48]}","{""colsample_bytree"": 0.7, ""gamma"": 0.0, ""learning_rate"": 0.07, ""max_depth"": 5, ""min_child_weight"": 1, ""n_estimators"": 250, ""subsample"": 0.7}",4,2341,0.7979495941905169,0.01701016987691394,1.07917473270694e+17,352.6384297310968,0.06507822986420708,39.56204511298704
stage2,3923,48,0.62,74014,27,"{""atr_period"": 7, ""horizon_h"": 6, ""ma_windows"": [12, 24, 72], ""mtf_intervals"": [""4h"", ""1d""], ""ret_windows"": [1, 2, 4, 8, 24], ""rsi_period"": 7, ""target_threshold"": 0.006, ""vol_windows"": [12, 48]}","{""colsample_bytree"": 0.7, ""gamma"": 0.0, ""learning_rate"": 0.07, ""max_depth"": 5, ""min_child_weight"": 1, ""n_estimators"": 250, ""subsample"": 0.7}",4,2120,0.8127358490566038,0.01778392701248971,1.325917860767319e+16,352.6384297310968,0.0546525922101353,37.488600231867174
stage2,3923,48,0.65,74014,27,"{""atr_period"": 7, ""horizon_h"": 6, ""ma_windows"": [12, 24, 72], ""mtf_intervals"": [""4h"", ""1d""], ""ret_windows"": [1, 2, 4, 8, 24], ""rsi_period"": 7, ""target_threshold"": 0.006, ""vol_windows"": [12, 48]}","{""colsample_bytree"": 0.7, ""gamma"": 0.0, ""learning_rate"": 0.07, ""max_depth"": 5, ""min_child_weight"": 1, ""n_estimators"": 250, ""subsample"": 0.7}",4,1846,0.8293607800650055,0.018585536321169622,463868499151602.9,352.6384297310968,0.05465259221013519,34.15546883950289
stage2,3923,57,0.52,74014,27,"{""atr_period"": 7, ""horizon_h"": 6, ""ma_windows"": [12, 24, 72], ""mtf_intervals"": [""4h"", ""1d""], ""ret_windows"": [1, 2, 4, 8, 24], ""rsi_period"": 7, ""target_threshold"": 0.006, ""vol_windows"": [12, 48]}","{""colsample_bytree"": 0.7, ""gamma"": 0.2, ""learning_rate"": 0.07, ""max_depth"": 5, ""min_child_weight"": 1, ""n_estimators"": 250, ""subsample"": 1.0}",4,3150,0.7492063492063492,0.014987580364331265,1.59358117754907e+20,352.6384297310968,0.11267891743735681,46.780611919943475
stage2,3923,57,0.55,74014,27,"{""atr_period"": 7, ""horizon_h"": 6, ""ma_windows"": [12, 24, 72], ""mtf_intervals"": [""4h"", ""1d""], ""ret_windows"": [1, 2, 4, 8, 24], ""rsi_period"": 7, ""target_threshold"": 0.006, ""vol_windows"": [12, 48]}","{""colsample_bytree"": 0.7, ""gamma"": 0.2, ""learning_rate"": 0.07, ""max_depth"": 5, ""min_child_weight"": 1, ""n_estimators"": 250, ""subsample"": 1.0}",4,2801,0.7672259907176009,0.015859951128247757,1.0113160016828252e+19,352.6384297310968,0.0650782298642072,44.06849050823986
stage2,3923,57,0.58,74014,27,"{""atr_period"": 7, ""horizon_h"": 6, ""ma_windows"": [12, 24, 72], ""mtf_intervals"": [""4h"", ""1d""], ""ret_windows"": [1, 2, 4, 8, 24], ""rsi_period"": 7, ""target_threshold"": 0.006, ""vol_windows"": [12, 48]}","{""colsample_bytree"": 0.7, ""gamma"": 0.2, ""learning_rate"": 0.07, ""max_depth"": 5, ""min_child_weight"": 1, ""n_estimators"": 250, ""subsample"": 1.0}",4,2486,0.7892196299275945,0.016652574869062693,5.085162325571046e+17,352.6384297310968,0.05465259221013519,41.10754353911216
stage2,3923,57,0.6,74014,27,"{""atr_period"": 7, ""horizon_h"": 6, ""ma_windows"": [12, 24, 72], ""mtf_intervals"": [""4h"", ""1d""], ""ret_windows"": [1, 2, 4, 8, 24], ""rsi_period"": 7, ""target_threshold"": 0.006, ""vol_windows"": [12, 48]}","{""colsample_bytree"": 0.7, ""gamma"": 0.2, ""learning_rate"": 0.07, ""max_depth"": 5, ""min_child_weight"": 1, ""n_estimators"": 250, ""subsample"": 1.0}",4,2295,0.796078431372549,0.017174153275882696,7.140249649956319e+16,352.6384297310968,0.054652592210135076,39.15403890382487
stage2,3923,57,0.62,74014,27,"{""atr_period"": 7, ""horizon_h"": 6, ""ma_windows"": [12, 24, 72], ""mtf_intervals"": [""4h"", ""1d""], ""ret_windows"": [1, 2, 4, 8, 24], ""rsi_period"": 7, ""target_threshold"": 0.006, ""vol_windows"": [12, 48]}","{""colsample_bytree"": 0.7, ""gamma"": 0.2, ""learning_rate"": 0.07, ""max_depth"": 5, ""min_child_weight"": 1, ""n_estimators"": 250, ""subsample"": 1.0}",4,2078,0.812800769971126,0.01781913579907738,6766777685791011.0,352.6384297310968,0.041857261497263765,36.82266647054375
stage2,3923,57,0.65,74014,27,"{""atr_period"": 7, ""horizon_h"": 6, ""ma_windows"": [12, 24, 72], ""mtf_intervals"": [""4h"", ""1d""], ""ret_windows"": [1, 2, 4, 8, 24], ""rsi_period"": 7, ""target_threshold"": 0.006, ""vol_windows"": [12, 48]}","{""colsample_bytree"": 0.7, ""gamma"": 0.2, ""learning_rate"": 0.07, ""max_depth"": 5, ""min_child_weight"": 1, ""n_estimators"": 250, ""subsample"": 1.0}",4,1824,0.8256578947368421,0.01854547330416198,288362504822577.56,352.6384297310968,0.041857261497263876,33.6832009733439
stage2,3923,61,0.52,74014,27,"{""atr_period"": 7, ""horizon_h"": 6, ""ma_windows"": [12, 24, 72], ""mtf_intervals"": [""4h"", ""1d""], ""ret_windows"": [1, 2, 4, 8, 24], ""rsi_period"": 7, ""target_threshold"": 0.006, ""vol_windows"": [12, 48]}","{""colsample_bytree"": 1.0, ""gamma"": 0.2, ""learning_rate"": 0.07, ""max_depth"": 5, ""min_child_weight"": 1, ""n_estimators"": 250, ""subsample"": 1.0}",4,3244,0.7453760789149199,0.014762439946814938,3.133123002326598e+20,352.6384297310968,0.1015555259694303,47.45735475104035
stage2,3923,61,0.55,74014,27,"{""atr_period"": 7, ""horizon_h"": 6, ""ma_windows"": [12, 24, 72], ""mtf_intervals"": [""4h"", ""1d""], ""ret_windows"": [1, 2, 4, 8, 24], ""rsi_period"": 7, ""target_threshold"": 0.006, ""vol_windows"": [12, 48]}","{""colsample_bytree"": 1.0, ""gamma"": 0.2, ""learning_rate"": 0.07, ""max_depth"": 5, ""min_child_weight"": 1, ""n_estimators"": 250, ""subsample"": 1.0}",4,2874,0.7668754349338901,0.01570120670688401,2.030012561085516e+19,352.6384297310968,0.08565449115048274,44.75344150367521
stage2,3923,61,0.58,74014,27,"{""atr_period"": 7, ""horizon_h"": 6, ""ma_windows"": [12, 24, 72], ""mtf_intervals"": [""4h"", ""1d""], ""ret_windows"": [1, 2, 4, 8, 24], ""rsi_period"": 7, ""target_threshold"": 0.006, ""vol_windows"": [12, 48]}","{""colsample_bytree"": 1.0, ""gamma"": 0.2, ""learning_rate"": 0.07, ""max_depth"": 5, ""min_child_weight"": 1, ""n_estimators"": 250, ""subsample"": 1.0}",4,2542,0.7891424075531078,0.016522957404021436,9.283659297628943e+17,352.6384297310968,0.08565449115048274,41.69287271053745
stage2,3923,61,0.6,74014,27,"{""atr_period"": 7, ""horizon_h"": 6, ""ma_windows"": [12, 24, 72], ""mtf_intervals"": [""4h"", ""1d""], ""ret_windows"": [1, 2, 4, 8, 24], ""rsi_period"": 7, ""target_threshold"": 0.006, ""vol_windows"": [12, 48]}","{""colsample_bytree"": 1.0, ""gamma"": 0.2, ""learning_rate"": 0.07, ""max_depth"": 5, ""min_child_weight"": 1, ""n_estimators"": 250, ""subsample"": 1.0}",4,2345,0.8012793176972282,0.01704200688756309,1.2402096861332891e+17,352.6384297310968,0.06507822986420708,39.704047442266216
stage2,3923,61,0.62,74014,27,"{""atr_period"": 7, ""horizon_h"": 6, ""ma_windows"": [12, 24, 72], ""mtf_intervals"": [""4h"", ""1d""], ""ret_windows"": [1, 2, 4, 8, 24], ""rsi_period"": 7, ""target_threshold"": 0.006, ""vol_windows"": [12, 48]}","{""colsample_bytree"": 1.0, ""gamma"": 0.2, ""learning_rate"": 0.07, ""max_depth"": 5, ""min_child_weight"": 1, ""n_estimators"": 250, ""subsample"": 1.0}",4,2163,0.8122977346278317,0.017563051154289702,1.7619721958646372e+16,352.6384297310968,0.0650782298642072,37.76559871742618
stage2,3923,61,0.65,74014,27,"{""atr_period"": 7, ""horizon_h"": 6, ""ma_windows"": [12, 24, 72], ""mtf_intervals"": [""4h"", ""1d""], ""ret_windows"": [1, 2, 4, 8, 24], ""rsi_period"": 7, ""target_threshold"": 0.006, ""vol_windows"": [12, 48]}","{""colsample_bytree"": 1.0, ""gamma"": 0.2, ""learning_rate"": 0.07, ""max_depth"": 5, ""min_child_weight"": 1, ""n_estimators"": 250, ""subsample"": 1.0}",4,1899,0.8251711427066877,0.018343228968356814,783579721582067.8,352.6384297310968,0.0650782298642073,34.66923755411185
stage2,3923,38,0.52,74014,27,"{""atr_period"": 7, ""horizon_h"": 6, ""ma_windows"": [12, 24, 72], ""mtf_intervals"": [""4h"", ""1d""], ""ret_windows"": [1, 2, 4, 8, 24], ""rsi_period"": 7, ""target_threshold"": 0.006, ""vol_windows"": [12, 48]}","{""colsample_bytree"": 1.0, ""gamma"": 0.0, ""learning_rate"": 0.03, ""max_depth"": 5, ""min_child_weight"": 5, ""n_estimators"": 250, ""subsample"": 0.7}",4,2968,0.7557277628032345,0.01546393877177156,4.350752882769391e+19,352.6384297310968,0.0709264361473877,45.51229617585323
stage2,3923,38,0.55,74014,27,"{""atr_period"": 7, ""horizon_h"": 6, ""ma_windows"": [12, 24, 72], ""mtf_intervals"": [""4h"", ""1d""], ""ret_windows"": [1, 2, 4, 8, 24], ""rsi_period"": 7, ""target_threshold"": 0.006, ""vol_windows"": [12, 48]}","{""colsample_bytree"": 1.0, ""gamma"": 0.0, ""learning_rate"": 0.03, ""max_depth"": 5, ""min_child_weight"": 5, ""n_estimators"": 250, ""subsample"": 0.7}",4,2629,0.7786230505895778,0.016368089229654877,2.5559498073312773e+18,352.6384297310968,0.0650782298642072,42.70625961239775
stage2,3923,38,0.58,74014,27,"{""atr_period"": 7, ""horizon_h"": 6, ""ma_windows"": [12, 24, 72], ""mtf_intervals"": [""4h"", ""1d""], ""ret_windows"": [1, 2, 4, 8, 24], ""rsi_period"": 7, ""target_threshold"": 0.006, ""vol_windows"": [12, 48]}","{""colsample_bytree"": 1.0, ""gamma"": 0.0, ""learning_rate"": 0.03, ""max_depth"": 5, ""min_child_weight"": 5, ""n_estimators"": 250, ""subsample"": 0.7}",4,2281,0.79351161771153,0.017243682304291685,6.591715776170195e+16,352.6384297310968,0.06507822986420708,39.06739480077478
stage2,3923,38,0.6,74014,27,"{""atr_period"": 7, ""horizon_h"": 6, ""ma_windows"": [12, 24, 72], ""mtf_intervals"": [""4h"", ""1d""], ""ret_windows"": [1, 2, 4, 8, 24], ""rsi_period"": 7, ""target_threshold"": 0.006, ""vol_windows"": [12, 48]}","{""colsample_bytree"": 1.0, ""gamma"": 0.0, ""learning_rate"": 0.03, ""max_depth"": 5, ""min_child_weight"": 5, ""n_estimators"": 250, ""subsample"": 0.7}",4,2070,0.8043478260869565,0.017832041214681193,6035095320974672.0,352.6384297310968,0.0650782298642072,36.68996351968375
stage2,3923,38,0.62,74014,27,"{""atr_period"": 7, ""horizon_h"": 6, ""ma_windows"": [12, 24, 72], ""mtf_intervals"": [""4h"", ""1d""], ""ret_windows"": [1, 2, 4, 8, 24], ""rsi_period"": 7, ""target_threshold"": 0.006, ""vol_windows"": [12, 48]}","{""colsample_bytree"": 1.0, ""gamma"": 0.0, ""learning_rate"": 0.03, ""max_depth"": 5, ""min_child_weight"": 5, ""n_estimators"": 250, ""subsample"": 0.7}",4,1856,0.8151939655172413,0.018584027027963274,550792805526246.6,352.6384297310968,0.0650782298642072,34.31066809454084
stage2,3923,38,0.65,74014,27,"{""atr_period"": 7, ""horizon_h"": 6, ""ma_windows"": [12, 24, 72], ""mtf_intervals"": [""4h"", ""1d""], ""ret_windows"": [1, 2, 4, 8, 24], ""rsi_period"": 7, ""target_threshold"": 0.006, ""vol_windows"": [12, 48]}","{""colsample_bytree"": 1.0, ""gamma"": 0.0, ""learning_rate"": 0.03, ""max_depth"": 5, ""min_child_weight"": 5, ""n_estimators"": 250, ""subsample"": 0.7}",4,1585,0.8429022082018928,0.019736097818746117,23211735709690.254,352.6384297310968,0.05465259221013519,31.180563369264085
stage2,3923,36,0.52,74014,27,"{""atr_period"": 7, ""horizon_h"": 6, ""ma_windows"": [12, 24, 72], ""mtf_intervals"": [""4h"", ""1d""], ""ret_windows"": [1, 2, 4, 8, 24], ""rsi_period"": 7, ""target_threshold"": 0.006, ""vol_windows"": [12, 48]}","{""colsample_bytree"": 1.0, ""gamma"": 0.0, ""learning_rate"": 0.03, ""max_depth"": 5, ""min_child_weight"": 1, ""n_estimators"": 250, ""subsample"": 0.7}",4,2964,0.7537112010796221,0.015380789714125421,3.2160847238908826e+19,352.6384297310968,0.0709264361473877,45.20783352285302
stage2,3923,36,0.55,74014,27,"{""atr_period"": 7, ""horizon_h"": 6, ""ma_windows"": [12, 24, 72], ""mtf_intervals"": [""4h"", ""1d""], ""ret_windows"": [1, 2, 4, 8, 24], ""rsi_period"": 7, ""target_threshold"": 0.006, ""vol_windows"": [12, 48]}","{""colsample_bytree"": 1.0, ""gamma"": 0.0, ""learning_rate"": 0.03, ""max_depth"": 5, ""min_child_weight"": 1, ""n_estimators"": 250, ""subsample"": 0.7}",4,2607,0.7786728039892596,0.016387674640452803,1.889234042534216e+18,352.6384297310968,0.0650782298642073,42.40420367770341
stage2,3923,36,0.58,74014,27,"{""atr_period"": 7, ""horizon_h"": 6, ""ma_windows"": [12, 24, 72], ""mtf_intervals"": [""4h"", ""1d""], ""ret_windows"": [1, 2, 4, 8, 24], ""rsi_period"": 7, ""target_threshold"": 0.006, ""vol_windows"": [12, 48]}","{""colsample_bytree"": 1.0, ""gamma"": 0.0, ""learning_rate"": 0.03, ""max_depth"": 5, ""min_child_weight"": 1, ""n_estimators"": 250, ""subsample"": 0.7}",4,2299,0.7938234014789038,0.01724574418999255,9.009462561569546e+16,352.6384297310968,0.0650782298642072,39.38012246841247
stage2,3923,36,0.6,74014,27,"{""atr_period"": 7, ""horizon_h"": 6, ""ma_windows"": [12, 24, 72], ""mtf_intervals"": [""4h"", ""1d""], ""ret_windows"": [1, 2, 4, 8, 24], ""rsi_period"": 7, ""target_threshold"": 0.006, ""vol_windows"": [12, 48]}","{""colsample_bytree"": 1.0, ""gamma"": 0.0, ""learning_rate"": 0.03, ""max_depth"": 5, ""min_child_weight"": 1, ""n_estimators"": 250, ""subsample"": 0.7}",4,2080,0.8096153846153846,0.018020434985848814,1.0565324795460694e+16,352.6384297310968,0.06507822986420697,37.2556704607429
stage2,3923,36,0.62,74014,27,"{""atr_period"": 7, ""horizon_h"": 6, ""ma_windows"": [12, 24, 72], ""mtf_intervals"": [""4h"", ""1d""], ""ret_windows"": [1, 2, 4, 8, 24], ""rsi_period"": 7, ""target_threshold"": 0.006, ""vol_windows"": [12, 48]}","{""colsample_bytree"": 1.0, ""gamma"": 0.0, ""learning_rate"": 0.03, ""max_depth"": 5, ""min_child_weight"": 1, ""n_estimators"": 250, ""subsample"": 0.7}",4,1859,0.8214093598708984,0.018630390482865467,634236617225973.0,352.6384297310968,0.0650782298642072,34.45707471085673
stage2,3923,36,0.65,74014,27,"{""atr_period"": 7, ""horizon_h"": 6, ""ma_windows"": [12, 24, 72], ""mtf_intervals"": [""4h"", ""1d""], ""ret_windows"": [1, 2, 4, 8, 24], ""rsi_period"": 7, ""target_threshold"": 0.006, ""vol_windows"": [12, 48]}","{""colsample_bytree"": 1.0, ""gamma"": 0.0, ""learning_rate"": 0.03, ""max_depth"": 5, ""min_child_weight"": 1, ""n_estimators"": 250, ""subsample"": 0.7}",4,1587,0.8399495904221802,0.019707977781089202,23090346028258.043,352.6384297310968,0.0650782298642072,31.167520104902763
stage2,3923,32,0.52,74014,27,"{""atr_period"": 7, ""horizon_h"": 6, ""ma_windows"": [12, 24, 72], ""mtf_intervals"": [""4h"", ""1d""], ""ret_windows"": [1, 2, 4, 8, 24], ""rsi_period"": 7, ""target_threshold"": 0.006, ""vol_windows"": [12, 48]}","{""colsample_bytree"": 0.7, ""gamma"": 0.0, ""learning_rate"": 0.03, ""max_depth"": 5, ""min_child_weight"": 1, ""n_estimators"": 250, ""subsample"": 0.7}",4,2949,0.7558494404883012,0.015404690524660246,2.7376399626904904e+19,352.6384297310968,0.07092643614738747,45.04866684716019
stage2,3923,32,0.55,74014,27,"{""atr_period"": 7, ""horizon_h"": 6, ""ma_windows"": [12, 24, 72], ""mtf_intervals"": [""4h"", ""1d""], ""ret_windows"": [1, 2, 4, 8, 24], ""rsi_period"": 7, ""target_threshold"": 0.006, ""vol_windows"": [12, 48]}","{""colsample_bytree"": 0.7, ""gamma"": 0.0, ""learning_rate"": 0.03, ""max_depth"": 5, ""min_child_weight"": 1, ""n_estimators"": 250, ""subsample"": 0.7}",4,2569,0.7769560140132348,0.016450289969428655,1.191921445272249e+18,352.6384297310968,0.0650782298642072,41.942726354781044
stage2,3923,32,0.58,74014,27,"{""atr_period"": 7, ""horizon_h"": 6, ""ma_windows"": [12, 24, 72], ""mtf_intervals"": [""4h"", ""1d""], ""ret_windows"": [1, 2, 4, 8, 24], ""rsi_period"": 7, ""target_threshold"": 0.006, ""vol_windows"": [12, 48]}","{""colsample_bytree"": 0.7, ""gamma"": 0.0, ""learning_rate"": 0.03, ""max_depth"": 5, ""min_child_weight"": 1, ""n_estimators"": 250, ""subsample"": 0.7}",4,2221,0.8023412877082395,0.017558580588627103,4.730540290711562e+16,352.6384297310968,0.05465259221013519,38.750416289021864
stage2,3923,32,0.6,74014,27,"{""atr_period"": 7, ""horizon_h"": 6, ""ma_windows"": [12, 24, 72], ""mtf_intervals"": [""4h"", ""1d""], ""ret_windows"": [1, 2, 4, 8, 24], ""rsi_period"": 7, ""target_threshold"": 0.006, ""vol_windows"": [12, 48]}","{""colsample_bytree"": 0.7, ""gamma"": 0.0, ""learning_rate"": 0.03, ""max_depth"": 5, ""min_child_weight"": 1, ""n_estimators"": 250, ""subsample"": 0.7}",4,2010,0.8119402985074626,0.018029886746069857,3108903163870138.5,352.6384297310968,0.05465259221013519,36.03951141513731
stage2,3923,32,0.62,74014,27,"{""atr_period"": 7, ""horizon_h"": 6, ""ma_windows"": [12, 24, 72], ""mtf_intervals"": [""4h"", ""1d""], ""ret_windows"": [1, 2, 4, 8, 24], ""rsi_period"": 7, ""target_threshold"": 0.006, ""vol_windows"": [12, 48]}","{""colsample_bytree"": 0.7, ""gamma"": 0.0, ""learning_rate"": 0.03, ""max_depth"": 5, ""min_child_weight"": 1, ""n_estimators"": 250, ""subsample"": 0.7}",4,1818,0.8201320132013201,0.01862991793012671,299245665124519.56,352.6384297310968,0.054652592210134965,33.71010463235928
stage2,3923,32,0.65,74014,27,"{""atr_period"": 7, ""horizon_h"": 6, ""ma_windows"": [12, 24, 72], ""mtf_intervals"": [""4h"", ""1d""], ""ret_windows"": [1, 2, 4, 8, 24], ""rsi_period"": 7, ""target_threshold"": 0.006, ""vol_windows"": [12, 48]}","{""colsample_bytree"": 0.7, ""gamma"": 0.0, ""learning_rate"": 0.03, ""max_depth"": 5, ""min_child_weight"": 1, ""n_estimators"": 250, ""subsample"": 0.7}",4,1547,0.8442146089204913,0.01982119822847679,12612292093839.55,352.6384297310968,0.054652592210135076,30.572307994195935
stage2,3923,42,0.52,74014,27,"{""atr_period"": 7, ""horizon_h"": 6, ""ma_windows"": [12, 24, 72], ""mtf_intervals"": [""4h"", ""1d""], ""ret_windows"": [1, 2, 4, 8, 24], ""rsi_period"": 7, ""target_threshold"": 0.006, ""vol_windows"": [12, 48]}","{""colsample_bytree"": 0.7, ""gamma"": 0.0, ""learning_rate"": 0.03, ""max_depth"": 5, ""min_child_weight"": 5, ""n_estimators"": 250, ""subsample"": 1.0}",4,2919,0.7540253511476533,0.015449653475715789,1.972514032816084e+19,352.6384297310968,0.07092643614738747,44.719779945478294
stage2,3923,42,0.55,74014,27,"{""atr_period"": 7, ""horizon_h"": 6, ""ma_windows"": [12, 24, 72], ""mtf_intervals"": [""4h"", ""1d""], ""ret_windows"": [1, 2, 4, 8, 24], ""rsi_period"": 7, ""target_threshold"": 0.006, ""vol_windows"": [12, 48]}","{""colsample_bytree"": 0.7, ""gamma"": 0.0, ""learning_rate"": 0.03, ""max_depth"": 5, ""min_child_weight"": 5, ""n_estimators"": 250, ""subsample"": 1.0}",4,2554,0.7717306186374315,0.01627442694516308,6.00439713292403e+17,352.6384297310968,0.0650782298642072,41.25147943274585
stage2,3923,42,0.58,74014,27,"{""atr_period"": 7, ""horizon_h"": 6, ""ma_windows"": [12, 24, 72], ""mtf_intervals"": [""4h"", ""1d""], ""ret_windows"": [1, 2, 4, 8, 24], ""rsi_period"": 7, ""target_threshold"": 0.006, ""vol_windows"": [12, 48]}","{""colsample_bytree"": 0.7, ""gamma"": 0.0, ""learning_rate"": 0.03, ""max_depth"": 5, ""min_child_weight"": 5, ""n_estimators"": 250, ""subsample"": 1.0}",4,2192,0.7928832116788321,0.017259416734654653,1.4990320831606538e+16,352.6384297310968,0.0650782298642072,37.58602389812682
stage2,3923,42,0.6,74014,27,"{""atr_period"": 7, ""horizon_h"": 6, ""ma_windows"": [12, 24, 72], ""mtf_intervals"": [""4h"", ""1d""], ""ret_windows"": [1, 2, 4, 8, 24], ""rsi_period"": 7, ""target_threshold"": 0.006, ""vol_windows"": [12, 48]}","{""colsample_bytree"": 0.7, ""gamma"": 0.0, ""learning_rate"": 0.03, ""max_depth"": 5, ""min_child_weight"": 5, ""n_estimators"": 250, ""subsample"": 1.0}",4,1984,0.8089717741935484,0.018011028505878445,1878526514210809.8,352.6384297310968,0.054652592210135076,35.533203446705
stage2,3923,42,0.62,74014,27,"{""atr_period"": 7, ""horizon_h"": 6, ""ma_windows"": [12, 24, 72], ""mtf_intervals"": [""4h"", ""1d""], ""ret_windows"": [1, 2, 4, 8, 24], ""rsi_period"": 7, ""target_threshold"": 0.006, ""vol_windows"": [12, 48]}","{""colsample_bytree"": 0.7, ""gamma"": 0.0, ""learning_rate"": 0.03, ""max_depth"": 5, ""min_child_weight"": 5, ""n_estimators"": 250, ""subsample"": 1.0}",4,1786,0.8225083986562151,0.01879070211298182,219639612538179.2,352.6384297310968,0.04583266074799741,33.40842519971574
stage2,3923,42,0.65,74014,27,"{""atr_period"": 7, ""horizon_h"": 6, ""ma_windows"": [12, 24, 72], ""mtf_intervals"": [""4h"", ""1d""], ""ret_windows"": [1, 2, 4, 8, 24], ""rsi_period"": 7, ""target_threshold"": 0.006, ""vol_windows"": [12, 48]}","{""colsample_bytree"": 0.7, ""gamma"": 0.0, ""learning_rate"": 0.03, ""max_depth"": 5, ""min_child_weight"": 5, ""n_estimators"": 250, ""subsample"": 1.0}",4,1511,0.8418266048974189,0.019916773749666557,7178875956675.931,352.6384297310968,0.041857261497263876,30.01403077790478
stage2,3923,44,0.52,74014,27,"{""atr_period"": 7, ""horizon_h"": 6, ""ma_windows"": [12, 24, 72], ""mtf_intervals"": [""4h"", ""1d""], ""ret_windows"": [1, 2, 4, 8, 24], ""rsi_period"": 7, ""target_threshold"": 0.006, ""vol_windows"": [12, 48]}","{""colsample_bytree"": 1.0, ""gamma"": 0.0, ""learning_rate"": 0.03, ""max_depth"": 5, ""min_child_weight"": 1, ""n_estimators"": 250, ""subsample"": 1.0}",4,2943,0.7573904179408767,0.01535332997659808,2.15361830624423e+19,352.6384297310968,0.07588403381916586,44.80706308487406
stage2,3923,44,0.55,74014,27,"{""atr_period"": 7, ""horizon_h"": 6, ""ma_windows"": [12, 24, 72], ""mtf_intervals"": [""4h"", ""1d""], ""ret_windows"": [1, 2, 4, 8, 24], ""rsi_period"": 7, ""target_threshold"": 0.006, ""vol_windows"": [12, 48]}","{""colsample_bytree"": 1.0, ""gamma"": 0.0, ""learning_rate"": 0.03, ""max_depth"": 5, ""min_child_weight"": 1, ""n_estimators"": 250, ""subsample"": 1.0}",4,2584,0.7763157894736842,0.016303656263191753,1.0473863549855269e+18,352.6384297310968,0.07092643614738758,41.80884821277153
stage2,3923,44,0.58,74014,27,"{""atr_period"": 7, ""horizon_h"": 6, ""ma_windows"": [12, 24, 72], ""mtf_intervals"": [""4h"", ""1d""], ""ret_windows"": [1, 2, 4, 8, 24], ""rsi_period"": 7, ""target_threshold"": 0.006, ""vol_windows"": [12, 48]}","{""colsample_bytree"": 1.0, ""gamma"": 0.0, ""learning_rate"": 0.03, ""max_depth"": 5, ""min_child_weight"": 1, ""n_estimators"": 250, ""subsample"": 1.0}",4,2236,0.7987477638640429,0.017297390794688696,3.4532829406086824e+16,352.6384297310968,0.0650782298642073,38.425525065990286
stage2,3923,44,0.6,74014,27,"{""atr_period"": 7, ""horizon_h"": 6, ""ma_windows"": [12, 24, 72], ""mtf_intervals"": [""4h"", ""1d""], ""ret_windows"": [1, 2, 4, 8, 24], ""rsi_period"": 7, ""target_threshold"": 0.006, ""vol_windows"": [12, 48]}","{""colsample_bytree"": 1.0, ""gamma"": 0.0, ""learning_rate"": 0.03, ""max_depth"": 5, ""min_child_weight"": 1, ""n_estimators"": 250, ""subsample"": 1.0}",4,2023,0.8116658428077114,0.017954173093871637,3370205043252972.5,352.6384297310968,0.0650782298642073,36.11417692518433
stage2,3923,44,0.62,74014,27,"{""atr_period"": 7, ""horizon_h"": 6, ""ma_windows"": [12, 24, 72], ""mtf_intervals"": [""4h"", ""1d""], ""ret_windows"": [1, 2, 4, 8, 24], ""rsi_period"": 7, ""target_threshold"": 0.006, ""vol_windows"": [12, 48]}","{""colsample_bytree"": 1.0, ""gamma"": 0.0, ""learning_rate"": 0.03, ""max_depth"": 5, ""min_child_weight"": 1, ""n_estimators"": 250, ""subsample"": 1.0}",4,1843,0.8209441128594682,0.0185784050065877,430938946660703.5,352.6384297310968,0.05465259221013519,34.0750437751539
stage2,3923,44,0.65,74014,27,"{""atr_period"": 7, ""horizon_h"": 6, ""ma_windows"": [12, 24, 72], ""mtf_intervals"": [""4h"", ""1d""], ""ret_windows"": [1, 2, 4, 8, 24], ""rsi_period"": 7, ""target_threshold"": 0.006, ""vol_windows"": [12, 48]}","{""colsample_bytree"": 1.0, ""gamma"": 0.0, ""learning_rate"": 0.03, ""max_depth"": 5, ""min_child_weight"": 1, ""n_estimators"": 250, ""subsample"": 1.0}",4,1570,0.835031847133758,0.01951360929179425,12294807380016.674,352.6384297310968,0.0546525922101353,30.53700618088052
stage2,3923,23,0.52,74014,27,"{""atr_period"": 7, ""horizon_h"": 6, ""ma_windows"": [12, 24, 72], ""mtf_intervals"": [""4h"", ""1d""], ""ret_windows"": [1, 2, 4, 8, 24], ""rsi_period"": 7, ""target_threshold"": 0.006, ""vol_windows"": [12, 48]}","{""colsample_bytree"": 1.0, ""gamma"": 0.2, ""learning_rate"": 0.07, ""max_depth"": 3, ""min_child_weight"": 5, ""n_estimators"": 250, ""subsample"": 0.7}",4,2788,0.7550215208034433,0.015613453349106235,4.177856860823367e+18,352.6384297310968,0.09220607331092212,43.15915188300583
stage2,3923,23,0.55,74014,27,"{""atr_period"": 7, ""horizon_h"": 6, ""ma_windows"": [12, 24, 72], ""mtf_intervals"": [""4h"", ""1d""], ""ret_windows"": [1, 2, 4, 8, 24], ""rsi_period"": 7, ""target_threshold"": 0.006, ""vol_windows"": [12, 48]}","{""colsample_bytree"": 1.0, ""gamma"": 0.2, ""learning_rate"": 0.07, ""max_depth"": 3, ""min_child_weight"": 5, ""n_estimators"": 250, ""subsample"": 0.7}",4,2411,0.7743674823724596,0.016507553723498884,1.0488301850827507e+17,352.6384297310968,0.07092643614738758,39.5077132121542
stage2,3923,23,0.58,74014,27,"{""atr_period"": 7, ""horizon_h"": 6, ""ma_windows"": [12, 24, 72], ""mtf_intervals"": [""4h"", ""1d""], ""ret_windows"": [1, 2, 4, 8, 24], ""rsi_period"": 7, ""target_threshold"": 0.006, ""vol_windows"": [12, 48]}","{""colsample_bytree"": 1.0, ""gamma"": 0.2, ""learning_rate"": 0.07, ""max_depth"": 3, ""min_child_weight"": 5, ""n_estimators"": 250, ""subsample"": 0.7}",4,2085,0.7942446043165468,0.017454787802650387,3614877830226405.0,352.6384297310968,0.07092643614738758,36.163405222516346
stage2,3923,23,0.6,74014,27,"{""atr_period"": 7, ""horizon_h"": 6, ""ma_windows"": [12, 24, 72], ""mtf_intervals"": [""4h"", ""1d""], ""ret_windows"": [1, 2, 4, 8, 24], ""rsi_period"": 7, ""target_threshold"": 0.006, ""vol_windows"": [12, 48]}","{""colsample_bytree"": 1.0, ""gamma"": 0.2, ""learning_rate"": 0.07, ""max_depth"": 3, ""min_child_weight"": 5, ""n_estimators"": 250, ""subsample"": 0.7}",4,1870,0.8117647058823529,0.018329486322308523,444557286493092.7,352.6384297310968,0.0650782298642072,34.09160858143028
stage2,3923,23,0.62,74014,27,"{""atr_period"": 7, ""horizon_h"": 6, ""ma_windows"": [12, 24, 72], ""mtf_intervals"": [""4h"", ""1d""], ""ret_windows"": [1, 2, 4, 8, 24], ""rsi_period"": 7, ""target_threshold"": 0.006, ""vol_windows"": [12, 48]}","{""colsample_bytree"": 1.0, ""gamma"": 0.2, ""learning_rate"": 0.07, ""max_depth"": 3, ""min_child_weight"": 5, ""n_estimators"": 250, ""subsample"": 0.7}",4,1679,0.820726622989875,0.018934086820478962,38326890965545.805,352.6384297310968,0.0650782298642072,31.652687757754986
stage2,3923,23,0.65,74014,27,"{""atr_period"": 7, ""horizon_h"": 6, ""ma_windows"": [12, 24, 72], ""mtf_intervals"": [""4h"", ""1d""], ""ret_windows"": [1, 2, 4, 8, 24], ""rsi_period"": 7, ""target_threshold"": 0.006, ""vol_windows"": [12, 48]}","{""colsample_bytree"": 1.0, ""gamma"": 0.2, ""learning_rate"": 0.07, ""max_depth"": 3, ""min_child_weight"": 5, ""n_estimators"": 250, ""subsample"": 0.7}",4,1415,0.8332155477031802,0.01985301767037318,998849846156.7628,352.6384297310968,0.041857261497263876,28.03433824892768
stage2,7811,51,0.52,74014,27,"{""atr_period"": 7, ""horizon_h"": 6, ""ma_windows"": [12, 24, 72], ""mtf_intervals"": [""4h"", ""1d""], ""ret_windows"": [1, 6, 12, 24, 48], ""rsi_period"": 7, ""target_threshold"": 0.006, ""vol_windows"": [24, 48]}","{""colsample_bytree"": 0.7, ""gamma"": 0.2, ""learning_rate"": 0.07, ""max_depth"": 5, ""min_child_weight"": 5, ""n_estimators"": 250, ""subsample"": 0.7}",4,3209,0.7463384231847928,0.014820972835247725,2.256358606641989e+20,352.6384297310968,0.09354905032285699,47.13431813379766
stage2,7811,51,0.55,74014,27,"{""atr_period"": 7, ""horizon_h"": 6, ""ma_windows"": [12, 24, 72], ""mtf_intervals"": [""4h"", ""1d""], ""ret_windows"": [1, 6, 12, 24, 48], ""rsi_period"": 7, ""target_threshold"": 0.006, ""vol_windows"": [24, 48]}","{""colsample_bytree"": 0.7, ""gamma"": 0.2, ""learning_rate"": 0.07, ""max_depth"": 5, ""min_child_weight"": 5, ""n_estimators"": 250, ""subsample"": 0.7}",4,2834,0.7635850388143967,0.015603382134167117,8.295333047730776e+18,352.6384297310968,0.0935490503228571,43.85114531011227
stage2,7811,51,0.58,74014,27,"{""atr_period"": 7, ""horizon_h"": 6, ""ma_windows"": [12, 24, 72], ""mtf_intervals"": [""4h"", ""1d""], ""ret_windows"": [1, 6, 12, 24, 48], ""rsi_period"": 7, ""target_threshold"": 0.006, ""vol_windows"": [24, 48]}","{""colsample_bytree"": 0.7, ""gamma"": 0.2, ""learning_rate"": 0.07, ""max_depth"": 5, ""min_child_weight"": 5, ""n_estimators"": 250, ""subsample"": 0.7}",4,2522,0.7839016653449643,0.016481449593000373,5.994953660808485e+17,352.6384297310968,0.09354905032285687,41.247063043566975
stage2,7811,51,0.6,74014,27,"{""atr_period"": 7, ""horizon_h"": 6, ""ma_windows"": [12, 24, 72], ""mtf_intervals"": [""4h"", ""1d""], ""ret_windows"": [1, 6, 12, 24, 48], ""rsi_period"": 7, ""target_threshold"": 0.006, ""vol_windows"": [24, 48]}","{""colsample_bytree"": 0.7, ""gamma"": 0.2, ""learning_rate"": 0.07, ""max_depth"": 5, ""min_child_weight"": 5, ""n_estimators"": 250, ""subsample"": 0.7}",4,2325,0.7995698924731183,0.017126133548172787,1.0654693283107547e+17,352.6384297310968,0.09354905032285699,39.53725242404986
stage2,7811,51,0.62,74014,27,"{""atr_period"": 7, ""horizon_h"": 6, ""ma_windows"": [12, 24, 72], ""mtf_intervals"": [""4h"", ""1d""], ""ret_windows"": [1, 6, 12, 24, 48], ""rsi_period"": 7, ""target_threshold"": 0.006, ""vol_windows"": [24, 48]}","{""colsample_bytree"": 0.7, ""gamma"": 0.2, ""learning_rate"": 0.07, ""max_depth"": 5, ""min_child_weight"": 5, ""n_estimators"": 250, ""subsample"": 0.7}",4,2093,0.8170090778786431,0.0179194869485096,1.0871426667522736e+16,352.6384297310968,0.04583266074799763,37.298961163110675
stage2,7811,51,0.65,74014,27,"{""atr_period"": 7, ""horizon_h"": 6, ""ma_windows"": [12, 24, 72], ""mtf_intervals"": [""4h"", ""1d""], ""ret_windows"": [1, 6, 12, 24, 48], ""rsi_period"": 7, ""target_threshold"": 0.006, ""vol_windows"": [24, 48]}","{""colsample_bytree"": 0.7, ""gamma"": 0.2, ""learning_rate"": 0.07, ""max_depth"": 5, ""min_child_weight"": 5, ""n_estimators"": 250, ""subsample"": 0.7}",4,1844,0.836767895878525,0.018878470270914223,757409812499910.9,352.6384297310968,0.04583266074799763,34.65845133531402
stage2,7811,58,0.52,74014,27,"{""atr_period"": 7, ""horizon_h"": 6, ""ma_windows"": [12, 24, 72], ""mtf_intervals"": [""4h"", ""1d""], ""ret_windows"": [1, 6, 12, 24, 48], ""rsi_period"": 7, ""target_threshold"": 0.006, ""vol_windows"": [24, 48]}","{""colsample_bytree"": 0.7, ""gamma"": 0.0, ""learning_rate"": 0.07, ""max_depth"": 5, ""min_child_weight"": 5, ""n_estimators"": 250, ""subsample"": 1.0}",4,3165,0.7456556082148499,0.014938791696715787,1.6831494013042934e+20,352.6384297310968,0.13803269267428397,46.81938701578661
stage2,7811,58,0.55,74014,27,"{""atr_period"": 7, ""horizon_h"": 6, ""ma_windows"": [12, 24, 72], ""mtf_intervals"": [""4h"", ""1d""], ""ret_windows"": [1, 6, 12, 24, 48], ""rsi_period"": 7, ""target_threshold"": 0.006, ""vol_windows"": [24, 48]}","{""colsample_bytree"": 0.7, ""gamma"": 0.0, ""learning_rate"": 0.07, ""max_depth"": 5, ""min_child_weight"": 5, ""n_estimators"": 250, ""subsample"": 1.0}",4,2826,0.767515923566879,0.0157592676376939,1.1265675591772811e+19,352.6384297310968,0.07899211691902852,44.1688830401128
stage2,7811,58,0.58,74014,27,"{""atr_period"": 7, ""horizon_h"": 6, ""ma_windows"": [12, 24, 72], ""mtf_intervals"": [""4h"", ""1d""], ""ret_windows"": [1, 6, 12, 24, 48], ""rsi_period"": 7, ""target_threshold"": 0.006, ""vol_windows"": [24, 48]}","{""colsample_bytree"": 0.7, ""gamma"": 0.0, ""learning_rate"": 0.07, ""max_depth"": 5, ""min_child_weight"": 5, ""n_estimators"": 250, ""subsample"": 1.0}",4,2497,0.7845414497396876,0.016586009601682095,5.156016572713345e+17,352.6384297310968,0.07573261296471678,41.10656581035123
stage2,7811,58,0.6,74014,27,"{""atr_period"": 7, ""horizon_h"": 6, ""ma_windows"": [12, 24, 72], ""mtf_intervals"": [""4h"", ""1d""], ""ret_windows"": [1, 6, 12, 24, 48], ""rsi_period"": 7, ""target_threshold"": 0.006, ""vol_windows"": [24, 48]}","{""colsample_bytree"": 0.7, ""gamma"": 0.0, ""learning_rate"": 0.07, ""max_depth"": 5, ""min_child_weight"": 5, ""n_estimators"": 250, ""subsample"": 1.0}",4,2290,0.8017467248908297,0.01733454223706737,9.440544641710059e+16,352.6384297310968,0.0546525922101353,39.43912258319838
stage2,7811,58,0.62,74014,27,"{""atr_period"": 7, ""horizon_h"": 6, ""ma_windows"": [12, 24, 72], ""mtf_intervals"": [""4h"", ""1d""], ""ret_windows"": [1, 6, 12, 24, 48], ""rsi_period"": 7, ""target_threshold"": 0.006, ""vol_windows"": [24, 48]}","{""colsample_bytree"": 0.7, ""gamma"": 0.0, ""learning_rate"": 0.07, ""max_depth"": 5, ""min_child_weight"": 5, ""n_estimators"": 250, ""subsample"": 1.0}",4,2081,0.8130706391158097,0.017993189998478064,1.0163417419901694e+16,352.6384297310968,0.054652592210135076,37.22464687590655
stage2,7811,58,0.65,74014,27,"{""atr_period"": 7, ""horizon_h"": 6, ""ma_windows"": [12, 24, 72], ""mtf_intervals"": [""4h"", ""1d""], ""ret_windows"": [1, 6, 12, 24, 48], ""rsi_period"": 7, ""target_threshold"": 0.006, ""vol_windows"": [24, 48]}","{""colsample_bytree"": 0.7, ""gamma"": 0.0, ""learning_rate"": 0.07, ""max_depth"": 5, ""min_child_weight"": 5, ""n_estimators"": 250, ""subsample"": 1.0}",4,1833,0.8259683578832515,0.018881234229967556,615698342222382.2,352.6384297310968,0.05465259221013519,34.43827651937465
stage2,7811,50,0.52,74014,27,"{""atr_period"": 7, ""horizon_h"": 6, ""ma_windows"": [12, 24, 72], ""mtf_intervals"": [""4h"", ""1d""], ""ret_windows"": [1, 6, 12, 24, 48], ""rsi_period"": 7, ""target_threshold"": 0.006, ""vol_windows"": [24, 48]}","{""colsample_bytree"": 0.7, ""gamma"": 0.0, ""learning_rate"": 0.07, ""max_depth"": 5, ""min_child_weight"": 5, ""n_estimators"": 250, ""subsample"": 0.7}",4,3202,0.7464084946908183,0.014808866344638306,1.9582187402393072e+20,352.6384297310968,0.09831786534825637,46.990175907744074
stage2,7811,50,0.55,74014,27,"{""atr_period"": 7, ""horizon_h"": 6, ""ma_windows"": [12, 24, 72], ""mtf_intervals"": [""4h"", ""1d""], ""ret_windows"": [1, 6, 12, 24, 48], ""rsi_period"": 7, ""target_threshold"": 0.006, ""vol_windows"": [24, 48]}","{""colsample_bytree"": 0.7, ""gamma"": 0.0, ""learning_rate"": 0.07, ""max_depth"": 5, ""min_child_weight"": 5, ""n_estimators"": 250, ""subsample"": 0.7}",4,2821,0.7656859269762496,0.015587750767086189,6.511797565812985e+18,352.6384297310968,0.09354905032285687,43.610623438335196
stage2,7811,50,0.58,74014,27,"{""atr_period"": 7, ""horizon_h"": 6, ""ma_windows"": [12, 24, 72], ""mtf_intervals"": [""4h"", ""1d""], ""ret_windows"": [1, 6, 12, 24, 48], ""rsi_period"": 7, ""target_threshold"": 0.006, ""vol_windows"": [24, 48]}","{""colsample_bytree"": 0.7, ""gamma"": 0.0, ""learning_rate"": 0.07, ""max_depth"": 5, ""min_child_weight"": 5, ""n_estimators"": 250, ""subsample"": 0.7}",4,2497,0.7845414497396876,0.016502152888236282,4.216163234403719e+17,352.6384297310968,0.08237738158129493,40.90133380133301
stage2,7811,50,0.6,74014,27,"{""atr_period"": 7, ""horizon_h"": 6, ""ma_windows"": [12, 24, 72], ""mtf_intervals"": [""4h"", ""1d""], ""ret_windows"": [1, 6, 12, 24, 48], ""rsi_period"": 7, ""target_threshold"": 0.006, ""vol_windows"": [24, 48]}","{""colsample_bytree"": 0.7, ""gamma"": 0.0, ""learning_rate"": 0.07, ""max_depth"": 5, ""min_child_weight"": 5, ""n_estimators"": 250, ""subsample"": 0.7}",4,2308,0.7980935875216638,0.01708909366895262,7.361104636238614e+16,352.6384297310968,0.07573261296471678,39.17489280871573
stage2,7811,50,0.62,74014,27,"{""atr_period"": 7, ""horizon_h"": 6, ""ma_windows"": [12, 24, 72], ""mtf_intervals"": [""4h"", ""1d""], ""ret_windows"": [1, 6, 12, 24, 48], ""rsi_period"": 7, ""target_threshold"": 0.006, ""vol_windows"": [24, 48]}","{""colsample_bytree"": 0.7, ""gamma"": 0.0, ""learning_rate"": 0.07, ""max_depth"": 5, ""min_child_weight"": 5, ""n_estimators"": 250, ""subsample"": 0.7}",4,2108,0.8154648956356736,0.017898366317751394,1.3552630649250878e+16,352.6384297310968,0.07123508808221302,37.5052983702585
stage2,7811,50,0.65,74014,27,"{""atr_period"": 7, ""horizon_h"": 6, ""ma_windows"": [12, 24, 72], ""mtf_intervals"": [""4h"", ""1d""], ""ret_windows"": [1, 6, 12, 24, 48], ""rsi_period"": 7, ""target_threshold"": 0.006, ""vol_windows"": [24, 48]}","{""colsample_bytree"": 0.7, ""gamma"": 0.0, ""learning_rate"": 0.07, ""max_depth"": 5, ""min_child_weight"": 5, ""n_estimators"": 250, ""subsample"": 0.7}",4,1821,0.8380010982976387,0.01902675548253943,644680098252492.1,352.6384297310968,0.041857261497263876,34.50146162973791
stage2,7811,48,0.52,74014,27,"{""atr_period"": 7, ""horizon_h"": 6, ""ma_windows"": [12, 24, 72], ""mtf_intervals"": [""4h"", ""1d""], ""ret_windows"": [1, 6, 12, 24, 48], ""rsi_period"": 7, ""target_threshold"": 0.006, ""vol_windows"": [24, 48]}","{""colsample_bytree"": 0.7, ""gamma"": 0.0, ""learning_rate"": 0.07, ""max_depth"": 5, ""min_child_weight"": 1, ""n_estimators"": 250, ""subsample"": 0.7}",4,3217,0.7423064967360895,0.014734035436480938,1.9187469904114935e+20,352.6384297310968,0.0935490503228571,46.968317179437165
stage2,7811,48,0.55,74014,27,"{""atr_period"": 7, ""horizon_h"": 6, ""ma_windows"": [12, 24, 72], ""mtf_intervals"": [""4h"", ""1d""], ""ret_windows"": [1, 6, 12, 24, 48], ""rsi_period"": 7, ""target_threshold"": 0.006, ""vol_windows"": [24, 48]}","{""colsample_bytree"": 0.7, ""gamma"": 0.0, ""learning_rate"": 0.07, ""max_depth"": 5, ""min_child_weight"": 1, ""n_estimators"": 250, ""subsample"": 0.7}",4,2864,0.7667597765363129,0.01554193588621619,1.1104885122407107e+19,352.6384297310968,0.09354905032285699,44.14488556967012
stage2,7811,48,0.58,74014,27,"{""atr_period"": 7, ""horizon_h"": 6, ""ma_windows"": [12, 24, 72], ""mtf_intervals"": [""4h"", ""1d""], ""ret_windows"": [1, 6, 12, 24, 48], ""rsi_period"": 7, ""target_threshold"": 0.006, ""vol_windows"": [24, 48]}","{""colsample_bytree"": 0.7, ""gamma"": 0.0, ""learning_rate"": 0.07, ""max_depth"": 5, ""min_child_weight"": 1, ""n_estimators"": 250, ""subsample"": 0.7}",4,2546,0.7804399057344855,0.01624806564706391,4.951199014782509e+17,352.6384297310968,0.07573261296471678,41.060046496637916
stage2,7811,48,0.6,74014,27,"{""atr_period"": 7, ""horizon_h"": 6, ""ma_windows"": [12, 24, 72], ""mtf_intervals"": [""4h"", ""1d""], ""ret_windows"": [1, 6, 12, 24, 48], ""rsi_period"": 7, ""target_threshold"": 0.006, ""vol_windows"": [24, 48]}","{""colsample_bytree"": 0.7, ""gamma"": 0.0, ""learning_rate"": 0.07, ""max_depth"": 5, ""min_child_weight"": 1, ""n_estimators"": 250, ""subsample"": 0.7}",4,2334,0.7930591259640103,0.016912211542444915,7.59541209557193e+16,352.6384297310968,0.07573261296471667,39.200784567907064
stage2,7811,48,0.62,74014,27,"{""atr_period"": 7, ""horizon_h"": 6, ""ma_windows"": [12, 24, 72], ""mtf_intervals"": [""4h"", ""1d""], ""ret_windows"": [1, 6, 12, 24, 48], ""rsi_period"": 7, ""target_threshold"": 0.006, ""vol_windows"": [24, 48]}","{""colsample_bytree"": 0.7, ""gamma"": 0.0, ""learning_rate"": 0.07, ""max_depth"": 5, ""min_child_weight"": 1, ""n_estimators"": 250, ""subsample"": 0.7}",4,2133,0.8120018752930145,0.01764300557476132,1.234292737439879e+16,352.6384297310968,0.07123508808221302,37.406987612496046
stage2,7811,48,0.65,74014,27,"{""atr_period"": 7, ""horizon_h"": 6, ""ma_windows"": [12, 24, 72], ""mtf_intervals"": [""4h"", ""1d""], ""ret_windows"": [1, 6, 12, 24, 48], ""rsi_period"": 7, ""target_threshold"": 0.006, ""vol_windows"": [24, 48]}","{""colsample_bytree"": 0.7, ""gamma"": 0.0, ""learning_rate"": 0.07, ""max_depth"": 5, ""min_child_weight"": 1, ""n_estimators"": 250, ""subsample"": 0.7}",4,1851,0.8303619665045922,0.01868003470608922,600788202937374.0,352.6384297310968,0.07123508808221302,34.407375887406715
stage2,7811,57,0.52,74014,27,"{""atr_period"": 7, ""horizon_h"": 6, ""ma_windows"": [12, 24, 72], ""mtf_intervals"": [""4h"", ""1d""], ""ret_windows"": [1, 6, 12, 24, 48], ""rsi_period"": 7, ""target_threshold"": 0.006, ""vol_windows"": [24, 48]}","{""colsample_bytree"": 0.7, ""gamma"": 0.2, ""learning_rate"": 0.07, ""max_depth"": 5, ""min_child_weight"": 1, ""n_estimators"": 250, ""subsample"": 1.0}",4,3189,0.7469426152398871,0.014889071439107462,2.0748852488004174e+20,352.6384297310968,0.07884120533897343,47.05885377128672
stage2,7811,57,0.55,74014,27,"{""atr_period"": 7, ""horizon_h"": 6, ""ma_windows"": [12, 24, 72], ""mtf_intervals"": [""4h"", ""1d""], ""ret_windows"": [1, 6, 12, 24, 48], ""rsi_period"": 7, ""target_threshold"": 0.006, ""vol_windows"": [24, 48]}","{""colsample_bytree"": 0.7, ""gamma"": 0.2, ""learning_rate"": 0.07, ""max_depth"": 5, ""min_child_weight"": 1, ""n_estimators"": 250, ""subsample"": 1.0}",4,2840,0.7672535211267606,0.015678270906952643,1.120272366388174e+19,352.6384297310968,0.07123508808221302,44.16630004702044
stage2,7811,57,0.58,74014,27,"{""atr_period"": 7, ""horizon_h"": 6, ""ma_windows"": [12, 24, 72], ""mtf_intervals"": [""4h"", ""1d""], ""ret_windows"": [1, 6, 12, 24, 48], ""rsi_period"": 7, ""target_threshold"": 0.006, ""vol_windows"": [24, 48]}","{""colsample_bytree"": 0.7, ""gamma"": 0.2, ""learning_rate"": 0.07, ""max_depth"": 5, ""min_child_weight"": 1, ""n_estimators"": 250, ""subsample"": 1.0}",4,2526,0.784639746634996,0.016381132637095126,4.998961089403145e+17,352.6384297310968,0.07123508808221302,41.07632000398746
stage2,7811,57,0.6,74014,27,"{""atr_period"": 7, ""horizon_h"": 6, ""ma_windows"": [12, 24, 72], ""mtf_intervals"": [""4h"", ""1d""], ""ret_windows"": [1, 6, 12, 24, 48], ""rsi_period"": 7, ""target_threshold"": 0.006, ""vol_windows"": [24, 48]}","{""colsample_bytree"": 0.7, ""gamma"": 0.2, ""learning_rate"": 0.07, ""max_depth"": 5, ""min_child_weight"": 1, ""n_estimators"": 250, ""subsample"": 1.0}",4,2302,0.7962641181581234,0.017063762140488124,6.2575038564475624e+16,352.6384297310968,0.07123508808221313,39.013046696129685
stage2,7811,57,0.62,74014,27,"{""atr_period"": 7, ""horizon_h"": 6, ""ma_windows"": [12, 24, 72], ""mtf_intervals"": [""4h"", ""1d""], ""ret_windows"": [1, 6, 12, 24, 48], ""rsi_period"": 7, ""target_threshold"": 0.006, ""vol_windows"": [24, 48]}","{""colsample_bytree"": 0.7, ""gamma"": 0.2, ""learning_rate"": 0.07, ""max_depth"": 5, ""min_child_weight"": 1, ""n_estimators"": 250, ""subsample"": 1.0}",4,2104,0.8084600760456274,0.01776911136882967,9600745706182220.0,352.6384297310968,0.054652592210135076,37.162211823777106
stage2,7811,57,0.65,74014,27,"{""atr_period"": 7, ""horizon_h"": 6, ""ma_windows"": [12, 24, 72], ""mtf_intervals"": [""4h"", ""1d""], ""ret_windows"": [1, 6, 12, 24, 48], ""rsi_period"": 7, ""target_threshold"": 0.006, ""vol_windows"": [24, 48]}","{""colsample_bytree"": 0.7, ""gamma"": 0.2, ""learning_rate"": 0.07, ""max_depth"": 5, ""min_child_weight"": 1, ""n_estimators"": 250, ""subsample"": 1.0}",4,1829,0.8288682340076544,0.0188088849655392,503722169545136.8,352.6384297310968,0.05465259221013519,34.239285351928146
stage2,7811,61,0.52,74014,27,"{""atr_period"": 7, ""horizon_h"": 6, ""ma_windows"": [12, 24, 72], ""mtf_intervals"": [""4h"", ""1d""], ""ret_windows"": [1, 6, 12, 24, 48], ""rsi_period"": 7, ""target_threshold"": 0.006, ""vol_windows"": [24, 48]}","{""colsample_bytree"": 1.0, ""gamma"": 0.2, ""learning_rate"": 0.07, ""max_depth"": 5, ""min_child_weight"": 1, ""n_estimators"": 250, ""subsample"": 1.0}",4,3243,0.7400555041628122,0.01469754541694548,2.490201293978016e+20,352.6384297310968,0.08086026128823709,47.233260044066796
stage2,7811,61,0.55,74014,27,"{""atr_period"": 7, ""horizon_h"": 6, ""ma_windows"": [12, 24, 72], ""mtf_intervals"": [""4h"", ""1d""], ""ret_windows"": [1, 6, 12, 24, 48], ""rsi_period"": 7, ""target_threshold"": 0.006, ""vol_windows"": [24, 48]}","{""colsample_bytree"": 1.0, ""gamma"": 0.2, ""learning_rate"": 0.07, ""max_depth"": 5, ""min_child_weight"": 1, ""n_estimators"": 250, ""subsample"": 1.0}",4,2908,0.7603163686382394,0.015434541101868456,1.5987991334814271e+19,352.6384297310968,0.07884120533897354,44.51067839381721
stage2,7811,61,0.58,74014,27,"{""atr_period"": 7, ""horizon_h"": 6, ""ma_windows"": [12, 24, 72], ""mtf_intervals"": [""4h"", ""1d""], ""ret_windows"": [1, 6, 12, 24, 48], ""rsi_period"": 7, ""target_threshold"": 0.006, ""vol_windows"": [24, 48]}","{""colsample_bytree"": 1.0, ""gamma"": 0.2, ""learning_rate"": 0.07, ""max_depth"": 5, ""min_child_weight"": 1, ""n_estimators"": 250, ""subsample"": 1.0}",4,2564,0.7827613104524181,0.016403088969841,9.749429686179834e+17,352.6384297310968,0.060566013874518765,41.748306123655965
stage2,7811,61,0.6,74014,27,"{""atr_period"": 7, ""horizon_h"": 6, ""ma_windows"": [12, 24, 72], ""mtf_intervals"": [""4h"", ""1d""], ""ret_windows"": [1, 6, 12, 24, 48], ""rsi_period"": 7, ""target_threshold"": 0.006, ""vol_windows"": [24, 48]}","{""colsample_bytree"": 1.0, ""gamma"": 0.2, ""learning_rate"": 0.07, ""max_depth"": 5, ""min_child_weight"": 1, ""n_estimators"": 250, ""subsample"": 1.0}",4,2347,0.795909671921602,0.01704740584018185,1.285725285732808e+17,352.6384297310968,0.060566013874518765,39.73809354203452
stage2,7811,61,0.62,74014,27,"{""atr_period"": 7, ""horizon_h"": 6, ""ma_windows"": [12, 24, 72], ""mtf_intervals"": [""4h"", ""1d""], ""ret_windows"": [1, 6, 12, 24, 48], ""rsi_period"": 7, ""target_threshold"": 0.006, ""vol_windows"": [24, 48]}","{""colsample_bytree"": 1.0, ""gamma"": 0.2, ""learning_rate"": 0.07, ""max_depth"": 5, ""min_child_weight"": 1, ""n_estimators"": 250, ""subsample"": 1.0}",4,2163,0.8155339805825242,0.017733521486797483,2.512169529506236e+16,352.6384297310968,0.05465259221013519,38.129477282349576
stage2,7811,61,0.65,74014,27,"{""atr_period"": 7, ""horizon_h"": 6, ""ma_windows"": [12, 24, 72], ""mtf_intervals"": [""4h"", ""1d""], ""ret_windows"": [1, 6, 12, 24, 48], ""rsi_period"": 7, ""target_threshold"": 0.006, ""vol_windows"": [24, 48]}","{""colsample_bytree"": 1.0, ""gamma"": 0.2, ""learning_rate"": 0.07, ""max_depth"": 5, ""min_child_weight"": 1, ""n_estimators"": 250, ""subsample"": 1.0}",4,1913,0.8311552535284893,0.018588082193612996,1582099877289710.2,352.6384297310968,0.05465259221013519,35.38383196008854
stage2,7811,38,0.52,74014,27,"{""atr_period"": 7, ""horizon_h"": 6, ""ma_windows"": [12, 24, 72], ""mtf_intervals"": [""4h"", ""1d""], ""ret_windows"": [1, 6, 12, 24, 48], ""rsi_period"": 7, ""target_threshold"": 0.006, ""vol_windows"": [24, 48]}","{""colsample_bytree"": 1.0, ""gamma"": 0.0, ""learning_rate"": 0.03, ""max_depth"": 5, ""min_child_weight"": 5, ""n_estimators"": 250, ""subsample"": 0.7}",4,2992,0.7550133689839572,0.015355342068483485,4.535011228598723e+19,352.6384297310968,0.07884120533897354,45.54837715550293
stage2,7811,38,0.55,74014,27,"{""atr_period"": 7, ""horizon_h"": 6, ""ma_windows"": [12, 24, 72], ""mtf_intervals"": [""4h"", ""1d""], ""ret_windows"": [1, 6, 12, 24, 48], ""rsi_period"": 7, ""target_threshold"": 0.006, ""vol_windows"": [24, 48]}","{""colsample_bytree"": 1.0, ""gamma"": 0.0, ""learning_rate"": 0.03, ""max_depth"": 5, ""min_child_weight"": 5, ""n_estimators"": 250, ""subsample"": 0.7}",4,2623,0.7727792603888677,0.01633679025251416,2.1226908308257006e+18,352.6384297310968,0.07573261296471678,42.510267641419745
stage2,7811,38,0.58,74014,27,"{""atr_period"": 7, ""horizon_h"": 6, ""ma_windows"": [12, 24, 72], ""mtf_intervals"": [""4h"", ""1d""], ""ret_windows"": [1, 6, 12, 24, 48], ""rsi_period"": 7, ""target_threshold"": 0.006, ""vol_windows"": [24, 48]}","{""colsample_bytree"": 1.0, ""gamma"": 0.0, ""learning_rate"": 0.03, ""max_depth"": 5, ""min_child_weight"": 5, ""n_estimators"": 250, ""subsample"": 0.7}",4,2284,0.7955341506129597,0.017332169261818388,8.419596211658584e+16,352.6384297310968,0.0709264361473878,39.31154481566025
stage2,7811,38,0.6,74014,27,"{""atr_period"": 7, ""horizon_h"": 6, ""ma_windows"": [12, 24, 72], ""mtf_intervals"": [""4h"", ""1d""], ""ret_windows"": [1, 6, 12, 24, 48], ""rsi_period"": 7, ""target_threshold"": 0.006, ""vol_windows"": [24, 48]}","{""colsample_bytree"": 1.0, ""gamma"": 0.0, ""learning_rate"": 0.03, ""max_depth"": 5, ""min_child_weight"": 5, ""n_estimators"": 250, ""subsample"": 0.7}",4,2068,0.804642166344294,0.017914777950184806,6876629445784135.0,352.6384297310968,0.0709264361473877,36.81847375927991
stage2,7811,38,0.62,74014,27,"{""atr_period"": 7, ""horizon_h"": 6, ""ma_windows"": [12, 24, 72], ""mtf_intervals"": [""4h"", ""1d""], ""ret_windows"": [1, 6, 12, 24, 48], ""rsi_period"": 7, ""target_threshold"": 0.006, ""vol_windows"": [24, 48]}","{""colsample_bytree"": 1.0, ""gamma"": 0.0, ""learning_rate"": 0.03, ""max_depth"": 5, ""min_child_weight"": 5, ""n_estimators"": 250, ""subsample"": 0.7}",4,1862,0.826530612244898,0.018707385669391355,771039329805307.1,352.6384297310968,0.054652592210135076,34.66231777865746
stage2,7811,38,0.65,74014,27,"{""atr_period"": 7, ""horizon_h"": 6, ""ma_windows"": [12, 24, 72], ""mtf_intervals"": [""4h"", ""1d""], ""ret_windows"": [1, 6, 12, 24, 48], ""rsi_period"": 7, ""target_threshold"": 0.006, ""vol_windows"": [24, 48]}","{""colsample_bytree"": 1.0, ""gamma"": 0.0, ""learning_rate"": 0.03, ""max_depth"": 5, ""min_child_weight"": 5, ""n_estimators"": 250, ""subsample"": 0.7}",4,1570,0.8464968152866242,0.01991056718012161,22702339632223.496,352.6384297310968,0.0546525922101353,31.162644796168852
stage2,7811,36,0.52,74014,27,"{""atr_period"": 7, ""horizon_h"": 6, ""ma_windows"": [12, 24, 72], ""mtf_intervals"": [""4h"", ""1d""], ""ret_windows"": [1, 6, 12, 24, 48], ""rsi_period"": 7, ""target_threshold"": 0.006, ""vol_windows"": [24, 48]}","{""colsample_bytree"": 1.0, ""gamma"": 0.0, ""learning_rate"": 0.03, ""max_depth"": 5, ""min_child_weight"": 1, ""n_estimators"": 250, ""subsample"": 0.7}",4,2981,0.7551157329755116,0.01535829404610137,3.8579101253862154e+19,352.6384297310968,0.07573261296471678,45.38833501771694
stage2,7811,36,0.55,74014,27,"{""atr_period"": 7, ""horizon_h"": 6, ""ma_windows"": [12, 24, 72], ""mtf_intervals"": [""4h"", ""1d""], ""ret_windows"": [1, 6, 12, 24, 48], ""rsi_period"": 7, ""target_threshold"": 0.006, ""vol_windows"": [24, 48]}","{""colsample_bytree"": 1.0, ""gamma"": 0.0, ""learning_rate"": 0.03, ""max_depth"": 5, ""min_child_weight"": 1, ""n_estimators"": 250, ""subsample"": 0.7}",4,2614,0.7750573833205815,0.01633649589872677,1.835529564652835e+18,352.6384297310968,0.07092643614738758,42.369139360629006
stage2,7811,36,0.58,74014,27,"{""atr_period"": 7, ""horizon_h"": 6, ""ma_windows"": [12, 24, 72], ""mtf_intervals"": [""4h"", ""1d""], ""ret_windows"": [1, 6, 12, 24, 48], ""rsi_period"": 7, ""target_threshold"": 0.006, ""vol_windows"": [24, 48]}","{""colsample_bytree"": 1.0, ""gamma"": 0.0, ""learning_rate"": 0.03, ""max_depth"": 5, ""min_child_weight"": 1, ""n_estimators"": 250, ""subsample"": 0.7}",4,2287,0.794927853082641,0.017293951833601013,8.136550655045344e+16,352.6384297310968,0.0709264361473877,39.27655850472053
stage2,7811,36,0.6,74014,27,"{""atr_period"": 7, ""horizon_h"": 6, ""ma_windows"": [12, 24, 72], ""mtf_intervals"": [""4h"", ""1d""], ""ret_windows"": [1, 6, 12, 24, 48], ""rsi_period"": 7, ""target_threshold"": 0.006, ""vol_windows"": [24, 48]}","{""colsample_bytree"": 1.0, ""gamma"": 0.0, ""learning_rate"": 0.03, ""max_depth"": 5, ""min_child_weight"": 1, ""n_estimators"": 250, ""subsample"": 0.7}",4,2068,0.8075435203094777,0.01784984107588225,6034834201497206.0,352.6384297310968,0.07092643614738758,36.68969510303808
stage2,7811,36,0.62,74014,27,"{""atr_period"": 7, ""horizon_h"": 6, ""ma_windows"": [12, 24, 72], ""mtf_intervals"": [""4h"", ""1d""], ""ret_windows"": [1, 6, 12, 24, 48], ""rsi_period"": 7, ""target_threshold"": 0.006, ""vol_windows"": [24, 48]}","{""colsample_bytree"": 1.0, ""gamma"": 0.0, ""learning_rate"": 0.03, ""max_depth"": 5, ""min_child_weight"": 1, ""n_estimators"": 250, ""subsample"": 0.7}",4,1890,0.8201058201058201,0.018549831986246174,966202033638766.0,352.6384297310968,0.060566013874518876,34.878594377864346
stage2,7811,36,0.65,74014,27,"{""atr_period"": 7, ""horizon_h"": 6, ""ma_windows"": [12, 24, 72], ""mtf_intervals"": [""4h"", ""1d""], ""ret_windows"": [1, 6, 12, 24, 48], ""rsi_period"": 7, ""target_threshold"": 0.006, ""vol_windows"": [24, 48]}","{""colsample_bytree"": 1.0, ""gamma"": 0.0, ""learning_rate"": 0.03, ""max_depth"": 5, ""min_child_weight"": 1, ""n_estimators"": 250, ""subsample"": 0.7}",4,1585,0.8435331230283911,0.019645232601810243,20154453143386.07,352.6384297310968,0.0546525922101353,31.039108442708304
stage2,7811,32,0.52,74014,27,"{""atr_period"": 7, ""horizon_h"": 6, ""ma_windows"": [12, 24, 72], ""mtf_intervals"": [""4h"", ""1d""], ""ret_windows"": [1, 6, 12, 24, 48], ""rsi_period"": 7, ""target_threshold"": 0.006, ""vol_windows"": [24, 48]}","{""colsample_bytree"": 0.7, ""gamma"": 0.0, ""learning_rate"": 0.03, ""max_depth"": 5, ""min_child_weight"": 1, ""n_estimators"": 250, ""subsample"": 0.7}",4,2909,0.7586799587487109,0.015575149826803077,2.421472375029627e+19,352.6384297310968,0.07123508808221302,44.929420163049414
stage2,7811,32,0.55,74014,27,"{""atr_period"": 7, ""horizon_h"": 6, ""ma_windows"": [12, 24, 72], ""mtf_intervals"": [""4h"", ""1d""], ""ret_windows"": [1, 6, 12, 24, 48], ""rsi_period"": 7, ""target_threshold"": 0.006, ""vol_windows"": [24, 48]}","{""colsample_bytree"": 0.7, ""gamma"": 0.0, ""learning_rate"": 0.03, ""max_depth"": 5, ""min_child_weight"": 1, ""n_estimators"": 250, ""subsample"": 0.7}",4,2523,0.7796274276654777,0.01653764532233552,6.98322571946801e+17,352.6384297310968,0.07123508808221302,41.40784308904998
stage2,7811,32,0.58,74014,27,"{""atr_period"": 7, ""horizon_h"": 6, ""ma_windows"": [12, 24, 72], ""mtf_intervals"": [""4h"", ""1d""], ""ret_windows"": [1, 6, 12, 24, 48], ""rsi_period"": 7, ""target_threshold"": 0.006, ""vol_windows"": [24, 48]}","{""colsample_bytree"": 0.7, ""gamma"": 0.0, ""learning_rate"": 0.03, ""max_depth"": 5, ""min_child_weight"": 1, ""n_estimators"": 250, ""subsample"": 0.7}",4,2180,0.7977064220183486,0.017387402553343232,1.6091629211701172e+16,352.6384297310968,0.05465259221013519,37.66701366889067
stage2,7811,32,0.6,74014,27,"{""atr_period"": 7, ""horizon_h"": 6, ""ma_windows"": [12, 24, 72], ""mtf_intervals"": [""4h"", ""1d""], ""ret_windows"": [1, 6, 12, 24, 48], ""rsi_period"": 7, ""target_threshold"": 0.006, ""vol_windows"": [24, 48]}","{""colsample_bytree"": 0.7, ""gamma"": 0.0, ""learning_rate"": 0.03, ""max_depth"": 5, ""min_child_weight"": 1, ""n_estimators"": 250, ""subsample"": 0.7}",4,1990,0.8080402010050252,0.017950749720486384,1862017590499331.8,352.6384297310968,0.054652592210135076,35.52314888328332
stage2,7811,32,0.62,74014,27,"{""atr_period"": 7, ""horizon_h"": 6, ""ma_windows"": [12, 24, 72], ""mtf_intervals"": [""4h"", ""1d""], ""ret_windows"": [1, 6, 12, 24, 48], ""rsi_period"": 7, ""target_threshold"": 0.006, ""vol_windows"": [24, 48]}","{""colsample_bytree"": 0.7, ""gamma"": 0.0, ""learning_rate"": 0.03, ""max_depth"": 5, ""min_child_weight"": 1, ""n_estimators"": 250, ""subsample"": 0.7}",4,1797,0.8213689482470785,0.018705182829852746,231291898539495.28,352.6384297310968,0.054652592210134965,33.45411198391436
stage2,7811,32,0.65,74014,27,"{""atr_period"": 7, ""horizon_h"": 6, ""ma_windows"": [12, 24, 72], ""mtf_intervals"": [""4h"", ""1d""], ""ret_windows"": [1, 6, 12, 24, 48], ""rsi_period"": 7, ""target_threshold"": 0.006, ""vol_windows"": [24, 48]}","{""colsample_bytree"": 0.7, ""gamma"": 0.0, ""learning_rate"": 0.03, ""max_depth"": 5, ""min_child_weight"": 1, ""n_estimators"": 250, ""subsample"": 0.7}",4,1539,0.8395061728395061,0.019906011801598452,12215762740002.05,352.6384297310968,0.05465259221013519,30.537274998166346
stage2,7811,42,0.52,74014,27,"{""atr_period"": 7, ""horizon_h"": 6, ""ma_windows"": [12, 24, 72], ""mtf_intervals"": [""4h"", ""1d""], ""ret_windows"": [1, 6, 12, 24, 48], ""rsi_period"": 7, ""target_threshold"": 0.006, ""vol_windows"": [24, 48]}","{""colsample_bytree"": 0.7, ""gamma"": 0.0, ""learning_rate"": 0.03, ""max_depth"": 5, ""min_child_weight"": 5, ""n_estimators"": 250, ""subsample"": 1.0}",4,2924,0.7544459644322845,0.015391114448269247,1.7861392097313554e+19,352.6384297310968,0.07884120533897354,44.616438275744486
stage2,7811,42,0.55,74014,27,"{""atr_period"": 7, ""horizon_h"": 6, ""ma_windows"": [12, 24, 72], ""mtf_intervals"": [""4h"", ""1d""], ""ret_windows"": [1, 6, 12, 24, 48], ""rsi_period"": 7, ""target_threshold"": 0.006, ""vol_windows"": [24, 48]}","{""colsample_bytree"": 0.7, ""gamma"": 0.0, ""learning_rate"": 0.03, ""max_depth"": 5, ""min_child_weight"": 5, ""n_estimators"": 250, ""subsample"": 1.0}",4,2521,0.7762792542641809,0.01636516074177111,4.404570047402017e+17,352.6384297310968,0.07123508808221313,40.942916375243485
stage2,7811,42,0.58,74014,27,"{""atr_period"": 7, ""horizon_h"": 6, ""ma_windows"": [12, 24, 72], ""mtf_intervals"": [""4h"", ""1d""], ""ret_windows"": [1, 6, 12, 24, 48], ""rsi_period"": 7, ""target_threshold"": 0.006, ""vol_windows"": [24, 48]}","{""colsample_bytree"": 0.7, ""gamma"": 0.0, ""learning_rate"": 0.03, ""max_depth"": 5, ""min_child_weight"": 5, ""n_estimators"": 250, ""subsample"": 1.0}",4,2197,0.7947200728265817,0.017240193768616987,1.5617523871787442e+16,352.6384297310968,0.06507822986420708,37.62832849730129
stage2,7811,42,0.6,74014,27,"{""atr_period"": 7, ""horizon_h"": 6, ""ma_windows"": [12, 24, 72], ""mtf_intervals"": [""4h"", ""1d""], ""ret_windows"": [1, 6, 12, 24, 48], ""rsi_period"": 7, ""target_threshold"": 0.006, ""vol_windows"": [24, 48]}","{""colsample_bytree"": 0.7, ""gamma"": 0.0, ""learning_rate"": 0.03, ""max_depth"": 5, ""min_child_weight"": 5, ""n_estimators"": 250, ""subsample"": 1.0}",4,1956,0.8087934560327198,0.017966565339147447,1049892215037284.4,352.6384297310968,0.054652592210135076,34.95090489289985
stage2,7811,42,0.62,74014,27,"{""atr_period"": 7, ""horizon_h"": 6, ""ma_windows"": [12, 24, 72], ""mtf_intervals"": [""4h"", ""1d""], ""ret_windows"": [1, 6, 12, 24, 48], ""rsi_period"": 7, ""target_threshold"": 0.006, ""vol_windows"": [24, 48]}","{""colsample_bytree"": 0.7, ""gamma"": 0.0, ""learning_rate"": 0.03, ""max_depth"": 5, ""min_child_weight"": 5, ""n_estimators"": 250, ""subsample"": 1.0}",4,1778,0.8245219347581553,0.018634383868519233,144189034006291.66,352.6384297310968,0.05465259221013519,32.98351261342419
stage2,7811,42,0.65,74014,27,"{""atr_period"": 7, ""horizon_h"": 6, ""ma_windows"": [12, 24, 72], ""mtf_intervals"": [""4h"", ""1d""], ""ret_windows"": [1, 6, 12, 24, 48], ""rsi_period"": 7, ""target_threshold"": 0.006, ""vol_windows"": [24, 48]}","{""colsample_bytree"": 0.7, ""gamma"": 0.0, ""learning_rate"": 0.03, ""max_depth"": 5, ""min_child_weight"": 5, ""n_estimators"": 250, ""subsample"": 1.0}",4,1523,0.8378200919238346,0.019765625394718763,7232017075379.7705,352.6384297310968,0.041857261497263876,30.016991546050626
stage2,7811,44,0.52,74014,27,"{""atr_period"": 7, ""horizon_h"": 6, ""ma_windows"": [12, 24, 72], ""mtf_intervals"": [""4h"", ""1d""], ""ret_windows"": [1, 6, 12, 24, 48], ""rsi_period"": 7, ""target_threshold"": 0.006, ""vol_windows"": [24, 48]}","{""colsample_bytree"": 1.0, ""gamma"": 0.0, ""learning_rate"": 0.03, ""max_depth"": 5, ""min_child_weight"": 1, ""n_estimators"": 250, ""subsample"": 1.0}",4,2906,0.7546455609084652,0.01538458917112351,1.3330857698051336e+19,352.6384297310968,0.07573261296471678,44.32554000506661
stage2,7811,44,0.55,74014,27,"{""atr_period"": 7, ""horizon_h"": 6, ""ma_windows"": [12, 24, 72], ""mtf_intervals"": [""4h"", ""1d""], ""ret_windows"": [1, 6, 12, 24, 48], ""rsi_period"": 7, ""target_threshold"": 0.006, ""vol_windows"": [24, 48]}","{""colsample_bytree"": 1.0, ""gamma"": 0.0, ""learning_rate"": 0.03, ""max_depth"": 5, ""min_child_weight"": 1, ""n_estimators"": 250, ""subsample"": 1.0}",4,2555,0.7749510763209393,0.016263144009954027,5.908960846232364e+17,352.6384297310968,0.07123508808221302,41.234865036211474
stage2,7811,44,0.58,74014,27,"{""atr_period"": 7, ""horizon_h"": 6, ""ma_windows"": [12, 24, 72], ""mtf_intervals"": [""4h"", ""1d""], ""ret_windows"": [1, 6, 12, 24, 48], ""rsi_period"": 7, ""target_threshold"": 0.006, ""vol_windows"": [24, 48]}","{""colsample_bytree"": 1.0, ""gamma"": 0.0, ""learning_rate"": 0.03, ""max_depth"": 5, ""min_child_weight"": 1, ""n_estimators"": 250, ""subsample"": 1.0}",4,2208,0.8016304347826086,0.017375690356059983,2.533508173178304e+16,352.6384297310968,0.07092643614738758,38.11581311247658
stage2,7811,44,0.6,74014,27,"{""atr_period"": 7, ""horizon_h"": 6, ""ma_windows"": [12, 24, 72], ""mtf_intervals"": [""4h"", ""1d""], ""ret_windows"": [1, 6, 12, 24, 48], ""rsi_period"": 7, ""target_threshold"": 0.006, ""vol_windows"": [24, 48]}","{""colsample_bytree"": 1.0, ""gamma"": 0.0, ""learning_rate"": 0.03, ""max_depth"": 5, ""min_child_weight"": 1, ""n_estimators"": 250, ""subsample"": 1.0}",4,2031,0.8133924175283112,0.01796444468588104,3952283582401570.0,352.6384297310968,0.07092643614738758,36.272036202338484
stage2,7811,44,0.62,74014,27,"{""atr_period"": 7, ""horizon_h"": 6, ""ma_windows"": [12, 24, 72], ""mtf_intervals"": [""4h"", ""1d""], ""ret_windows"": [1, 6, 12, 24, 48], ""rsi_period"": 7, ""target_threshold"": 0.006, ""vol_windows"": [24, 48]}","{""colsample_bytree"": 1.0, ""gamma"": 0.0, ""learning_rate"": 0.03, ""max_depth"": 5, ""min_child_weight"": 1, ""n_estimators"": 250, ""subsample"": 1.0}",4,1831,0.8241398143091206,0.018573945880440566,343270558674049.75,352.6384297310968,0.06056601387451899,33.847160464507176
stage2,7811,44,0.65,74014,27,"{""atr_period"": 7, ""horizon_h"": 6, ""ma_windows"": [12, 24, 72], ""mtf_intervals"": [""4h"", ""1d""], ""ret_windows"": [1, 6, 12, 24, 48], ""rsi_period"": 7, ""target_threshold"": 0.006, ""vol_windows"": [24, 48]}","{""colsample_bytree"": 1.0, ""gamma"": 0.0, ""learning_rate"": 0.03, ""max_depth"": 5, ""min_child_weight"": 1, ""n_estimators"": 250, ""subsample"": 1.0}",4,1526,0.8440366972477065,0.01982307316929551,8385103883954.271,352.6384297310968,0.04627091307305908,30.168156387004068
stage2,7811,23,0.52,74014,27,"{""atr_period"": 7, ""horizon_h"": 6, ""ma_windows"": [12, 24, 72], ""mtf_intervals"": [""4h"", ""1d""], ""ret_windows"": [1, 6, 12, 24, 48], ""rsi_period"": 7, ""target_threshold"": 0.006, ""vol_windows"": [24, 48]}","{""colsample_bytree"": 1.0, ""gamma"": 0.2, ""learning_rate"": 0.07, ""max_depth"": 3, ""min_child_weight"": 5, ""n_estimators"": 250, ""subsample"": 0.7}",4,2750,0.7490909090909091,0.015648211640606473,2.530397115088441e+18,352.6384297310968,0.09220607331092212,42.6532633105426
stage2,7811,23,0.55,74014,27,"{""atr_period"": 7, ""horizon_h"": 6, ""ma_windows"": [12, 24, 72], ""mtf_intervals"": [""4h"", ""1d""], ""ret_windows"": [1, 6, 12, 24, 48], ""rsi_period"": 7, ""target_threshold"": 0.006, ""vol_windows"": [24, 48]}","{""colsample_bytree"": 1.0, ""gamma"": 0.2, ""learning_rate"": 0.07, ""max_depth"": 3, ""min_child_weight"": 5, ""n_estimators"": 250, ""subsample"": 0.7}",4,2380,0.7647058823529411,0.016468493820147624,5.707443476847056e+16,352.6384297310968,0.07123508808221302,38.891027796367986
stage2,7811,23,0.58,74014,27,"{""atr_period"": 7, ""horizon_h"": 6, ""ma_windows"": [12, 24, 72], ""mtf_intervals"": [""4h"", ""1d""], ""ret_windows"": [1, 6, 12, 24, 48], ""rsi_period"": 7, ""target_threshold"": 0.006, ""vol_windows"": [24, 48]}","{""colsample_bytree"": 1.0, ""gamma"": 0.2, ""learning_rate"": 0.07, ""max_depth"": 3, ""min_child_weight"": 5, ""n_estimators"": 250, ""subsample"": 0.7}",4,2072,0.7861969111969112,0.017352502839331572,2341274801647801.5,352.6384297310968,0.07092643614738736,35.72178629656518
stage2,7811,23,0.6,74014,27,"{""atr_period"": 7, ""horizon_h"": 6, ""ma_windows"": [12, 24, 72], ""mtf_intervals"": [""4h"", ""1d""], ""ret_windows"": [1, 6, 12, 24, 48], ""rsi_period"": 7, ""target_threshold"": 0.006, ""vol_windows"": [24, 48]}","{""colsample_bytree"": 1.0, ""gamma"": 0.2, ""learning_rate"": 0.07, ""max_depth"": 3, ""min_child_weight"": 5, ""n_estimators"": 250, ""subsample"": 0.7}",4,1881,0.8001063264221159,0.018008511648824044,300457348818963.94,352.6384297310968,0.060566013874518765,33.69019707317453
stage2,7811,23,0.62,74014,27,"{""atr_period"": 7, ""horizon_h"": 6, ""ma_windows"": [12, 24, 72], ""mtf_intervals"": [""4h"", ""1d""], ""ret_windows"": [1, 6, 12, 24, 48], ""rsi_period"": 7, ""target_threshold"": 0.006, ""vol_windows"": [24, 48]}","{""colsample_bytree"": 1.0, ""gamma"": 0.2, ""learning_rate"": 0.07, ""max_depth"": 3, ""min_child_weight"": 5, ""n_estimators"": 250, ""subsample"": 0.7}",4,1675,0.8107462686567164,0.018751078637939116,26288801885212.37,352.6384297310968,0.05465259221013519,31.271443528532185
stage2,7811,23,0.65,74014,27,"{""atr_period"": 7, ""horizon_h"": 6, ""ma_windows"": [12, 24, 72], ""mtf_intervals"": [""4h"", ""1d""], ""ret_windows"": [1, 6, 12, 24, 48], ""rsi_period"": 7, ""target_threshold"": 0.006, ""vol_windows"": [24, 48]}","{""colsample_bytree"": 1.0, ""gamma"": 0.2, ""learning_rate"": 0.07, ""max_depth"": 3, ""min_child_weight"": 5, ""n_estimators"": 250, ""subsample"": 0.7}",4,1417,0.8313338038108681,0.019803160481895458,967353328769.4867,352.6384297310968,0.054652592210135076,27.993995682985904
stage2,2266,51,0.52,74772,24,"{""atr_period"": 21, ""horizon_h"": 6, ""ma_windows"": [12, 24, 72], ""mtf_intervals"": [""1d""], ""ret_windows"": [1, 3, 6, 12, 24], ""rsi_period"": 21, ""target_threshold"": 0.006, ""vol_windows"": [24, 48]}","{""colsample_bytree"": 0.7, ""gamma"": 0.2, ""learning_rate"": 0.07, ""max_depth"": 5, ""min_child_weight"": 5, ""n_estimators"": 250, ""subsample"": 0.7}",4,3068,0.7089308996088657,0.014552085135610985,1.2231750251645903e+19,2192.578913547333,0.1256789786432766,44.17128863613934
stage2,2266,51,0.55,74772,24,"{""atr_period"": 21, ""horizon_h"": 6, ""ma_windows"": [12, 24, 72], ""mtf_intervals"": [""1d""], ""ret_windows"": [1, 3, 6, 12, 24], ""rsi_period"": 21, ""target_threshold"": 0.006, ""vol_windows"": [24, 48]}","{""colsample_bytree"": 0.7, ""gamma"": 0.2, ""learning_rate"": 0.07, ""max_depth"": 5, ""min_child_weight"": 5, ""n_estimators"": 250, ""subsample"": 0.7}",4,2684,0.7242921013412816,0.015304585493711243,3.597388511566715e+17,2192.578913547333,0.1256789786432767,40.66318562536858
stage2,2266,51,0.58,74772,24,"{""atr_period"": 21, ""horizon_h"": 6, ""ma_windows"": [12, 24, 72], ""mtf_intervals"": [""1d""], ""ret_windows"": [1, 3, 6, 12, 24], ""rsi_period"": 21, ""target_threshold"": 0.006, ""vol_windows"": [24, 48]}","{""colsample_bytree"": 0.7, ""gamma"": 0.2, ""learning_rate"": 0.07, ""max_depth"": 5, ""min_child_weight"": 5, ""n_estimators"": 250, ""subsample"": 0.7}",4,2327,0.7473141383755909,0.016404699752752334,2.048004207786532e+16,2192.578913547333,0.09398504840013067,37.84032363418557
stage2,2266,51,0.6,74772,24,"{""atr_period"": 21, ""horizon_h"": 6, ""ma_windows"": [12, 24, 72], ""mtf_intervals"": [""1d""], ""ret_windows"": [1, 3, 6, 12, 24], ""rsi_period"": 21, ""target_threshold"": 0.006, ""vol_windows"": [24, 48]}","{""colsample_bytree"": 0.7, ""gamma"": 0.2, ""learning_rate"": 0.07, ""max_depth"": 5, ""min_child_weight"": 5, ""n_estimators"": 250, ""subsample"": 0.7}",4,2116,0.7575614366729678,0.01697901634453294,2226680313765147.5,2192.578913547333,0.09398504840013067,35.634176978603364
stage2,2266,51,0.62,74772,24,"{""atr_period"": 21, ""horizon_h"": 6, ""ma_windows"": [12, 24, 72], ""mtf_intervals"": [""1d""], ""ret_windows"": [1, 3, 6, 12, 24], ""rsi_period"": 21, ""target_threshold"": 0.006, ""vol_windows"": [24, 48]}","{""colsample_bytree"": 0.7, ""gamma"": 0.2, ""learning_rate"": 0.07, ""max_depth"": 5, ""min_child_weight"": 5, ""n_estimators"": 250, ""subsample"": 0.7}",4,1909,0.7747511786275537,0.017872703808596246,373454111324617.6,2192.578913547333,0.09398504840013078,33.8696063008781
stage2,2266,51,0.65,74772,24,"{""atr_period"": 21, ""horizon_h"": 6, ""ma_windows"": [12, 24, 72], ""mtf_intervals"": [""1d""], ""ret_windows"": [1, 3, 6, 12, 24], ""rsi_period"": 21, ""target_threshold"": 0.006, ""vol_windows"": [24, 48]}","{""colsample_bytree"": 0.7, ""gamma"": 0.2, ""learning_rate"": 0.07, ""max_depth"": 5, ""min_child_weight"": 5, ""n_estimators"": 250, ""subsample"": 0.7}",4,1592,0.7870603015075377,0.019024625379324533,8556814331878.986,2192.578913547333,0.07092643614738747,30.124131105490573
stage2,2266,58,0.52,74772,24,"{""atr_period"": 21, ""horizon_h"": 6, ""ma_windows"": [12, 24, 72], ""mtf_intervals"": [""1d""], ""ret_windows"": [1, 3, 6, 12, 24], ""rsi_period"": 21, ""target_threshold"": 0.006, ""vol_windows"": [24, 48]}","{""colsample_bytree"": 0.7, ""gamma"": 0.0, ""learning_rate"": 0.07, ""max_depth"": 5, ""min_child_weight"": 5, ""n_estimators"": 250, ""subsample"": 1.0}",4,3066,0.70808871493803,0.014477130105806238,9.464125712818516e+18,2192.578913547333,0.13803269267428397,43.90731175020527
stage2,2266,58,0.55,74772,24,"{""atr_period"": 21, ""horizon_h"": 6, ""ma_windows"": [12, 24, 72], ""mtf_intervals"": [""1d""], ""ret_windows"": [1, 3, 6, 12, 24], ""rsi_period"": 21, ""target_threshold"": 0.006, ""vol_windows"": [24, 48]}","{""colsample_bytree"": 0.7, ""gamma"": 0.0, ""learning_rate"": 0.07, ""max_depth"": 5, ""min_child_weight"": 5, ""n_estimators"": 250, ""subsample"": 1.0}",4,2667,0.7296587926509186,0.015487391519813511,4.519655142192302e+17,2192.578913547333,0.10678658164305044,40.906615151314796
stage2,2266,58,0.58,74772,24,"{""atr_period"": 21, ""horizon_h"": 6, ""ma_windows"": [12, 24, 72], ""mtf_intervals"": [""1d""], ""ret_windows"": [1, 3, 6, 12, 24], ""rsi_period"": 21, ""target_threshold"": 0.006, ""vol_windows"": [24, 48]}","{""colsample_bytree"": 0.7, ""gamma"": 0.0, ""learning_rate"": 0.07, ""max_depth"": 5, ""min_child_weight"": 5, ""n_estimators"": 250, ""subsample"": 1.0}",4,2285,0.750984682713348,0.016605813540560288,1.639660337358623e+16,2192.578913547333,0.08404337885317825,37.62746316199219
stage2,2266,58,0.6,74772,24,"{""atr_period"": 21, ""horizon_h"": 6, ""ma_windows"": [12, 24, 72], ""mtf_intervals"": [""1d""], ""ret_windows"": [1, 3, 6, 12, 24], ""rsi_period"": 21, ""target_threshold"": 0.006, ""vol_windows"": [24, 48]}","{""colsample_bytree"": 0.7, ""gamma"": 0.0, ""learning_rate"": 0.07, ""max_depth"": 5, ""min_child_weight"": 5, ""n_estimators"": 250, ""subsample"": 1.0}",4,2063,0.7624818225884634,0.017323954923820963,1855067074696468.2,2192.578913547333,0.08404337885317814,35.46325265721713
stage2,2266,58,0.62,74772,24,"{""atr_period"": 21, ""horizon_h"": 6, ""ma_windows"": [12, 24, 72], ""mtf_intervals"": [""1d""], ""ret_windows"": [1, 3, 6, 12, 24], ""rsi_period"": 21, ""target_threshold"": 0.006, ""vol_windows"": [24, 48]}","{""colsample_bytree"": 0.7, ""gamma"": 0.0, ""learning_rate"": 0.07, ""max_depth"": 5, ""min_child_weight"": 5, ""n_estimators"": 250, ""subsample"": 1.0}",4,1842,0.7719869706840391,0.018021415054727964,150498869477245.4,2192.578913547333,0.08263081178940734,32.96542217940051
stage2,2266,58,0.65,74772,24,"{""atr_period"": 21, ""horizon_h"": 6, ""ma_windows"": [12, 24, 72], ""mtf_intervals"": [""1d""], ""ret_windows"": [1, 3, 6, 12, 24], ""rsi_period"": 21, ""target_threshold"": 0.006, ""vol_windows"": [24, 48]}","{""colsample_bytree"": 0.7, ""gamma"": 0.0, ""learning_rate"": 0.07, ""max_depth"": 5, ""min_child_weight"": 5, ""n_estimators"": 250, ""subsample"": 1.0}",4,1534,0.7926988265971316,0.019212090870873076,3808466771264.431,2192.578913547333,0.08263081178940745,29.31478818418328
stage2,2266,50,0.52,74772,24,"{""atr_period"": 21, ""horizon_h"": 6, ""ma_windows"": [12, 24, 72], ""mtf_intervals"": [""1d""], ""ret_windows"": [1, 3, 6, 12, 24], ""rsi_period"": 21, ""target_threshold"": 0.006, ""vol_windows"": [24, 48]}","{""colsample_bytree"": 0.7, ""gamma"": 0.0, ""learning_rate"": 0.07, ""max_depth"": 5, ""min_child_weight"": 5, ""n_estimators"": 250, ""subsample"": 0.7}",4,3072,0.7067057291666666,0.014483331906842069,1.0501880500329392e+19,2192.578913547333,0.10678658164305066,44.025923958056666
stage2,2266,50,0.55,74772,24,"{""atr_period"": 21, ""horizon_h"": 6, ""ma_windows"": [12, 24, 72], ""mtf_intervals"": [""1d""], ""ret_windows"": [1, 3, 6, 12, 24], ""rsi_period"": 21, ""target_threshold"": 0.006, ""vol_windows"": [24, 48]}","{""colsample_bytree"": 0.7, ""gamma"": 0.0, ""learning_rate"": 0.07, ""max_depth"": 5, ""min_child_weight"": 5, ""n_estimators"": 250, ""subsample"": 0.7}",4,2688,0.7247023809523809,0.015367690779154789,4.5146076153482304e+17,2192.578913547333,0.09398504840013067,40.906975763886564
stage2,2266,50,0.58,74772,24,"{""atr_period"": 21, ""horizon_h"": 6, ""ma_windows"": [12, 24, 72], ""mtf_intervals"": [""1d""], ""ret_windows"": [1, 3, 6, 12, 24], ""rsi_period"": 21, ""target_threshold"": 0.006, ""vol_windows"": [24, 48]}","{""colsample_bytree"": 0.7, ""gamma"": 0.0, ""learning_rate"": 0.07, ""max_depth"": 5, ""min_child_weight"": 5, ""n_estimators"": 250, ""subsample"": 0.7}",4,2311,0.7503245348334054,0.016525320029998836,2.0770234914305028e+16,2192.578913547333,0.09398504840013067,37.85776700691125
stage2,2266,50,0.6,74772,24,"{""atr_period"": 21, ""horizon_h"": 6, ""ma_windows"": [12, 24, 72], ""mtf_intervals"": [""1d""], ""ret_windows"": [1, 3, 6, 12, 24], ""rsi_period"": 21, ""target_threshold"": 0.006, ""vol_windows"": [24, 48]}","{""colsample_bytree"": 0.7, ""gamma"": 0.0, ""learning_rate"": 0.07, ""max_depth"": 5, ""min_child_weight"": 5, ""n_estimators"": 250, ""subsample"": 0.7}",4,2091,0.7651841224294595,0.01731655840303839,2931223597518579.0,2192.578913547333,0.09398504840013056,35.91788358180725
stage2,2266,50,0.62,74772,24,"{""atr_period"": 21, ""horizon_h"": 6, ""ma_windows"": [12, 24, 72], ""mtf_intervals"": [""1d""], ""ret_windows"": [1, 3, 6, 12, 24], ""rsi_period"": 21, ""target_threshold"": 0.006, ""vol_windows"": [24, 48]}","{""colsample_bytree"": 0.7, ""gamma"": 0.0, ""learning_rate"": 0.07, ""max_depth"": 5, ""min_child_weight"": 5, ""n_estimators"": 250, ""subsample"": 0.7}",4,1892,0.7790697674418605,0.01806741649952443,397228157533905.0,2192.578913547333,0.09398504840013067,33.936334557401814
stage2,2266,50,0.65,74772,24,"{""atr_period"": 21, ""horizon_h"": 6, ""ma_windows"": [12, 24, 72], ""mtf_intervals"": [""1d""], ""ret_windows"": [1, 3, 6, 12, 24], ""rsi_period"": 21, ""target_threshold"": 0.006, ""vol_windows"": [24, 48]}","{""colsample_bytree"": 0.7, ""gamma"": 0.0, ""learning_rate"": 0.07, ""max_depth"": 5, ""min_child_weight"": 5, ""n_estimators"": 250, ""subsample"": 0.7}",4,1581,0.7919038583175205,0.019178563585098327,8786502775075.449,2192.578913547333,0.09398504840013067,30.14419695555
stage2,2266,48,0.52,74772,24,"{""atr_period"": 21, ""horizon_h"": 6, ""ma_windows"": [12, 24, 72], ""mtf_intervals"": [""1d""], ""ret_windows"": [1, 3, 6, 12, 24], ""rsi_period"": 21, ""target_threshold"": 0.006, ""vol_windows"": [24, 48]}","{""colsample_bytree"": 0.7, ""gamma"": 0.0, ""learning_rate"": 0.07, ""max_depth"": 5, ""min_child_weight"": 1, ""n_estimators"": 250, ""subsample"": 0.7}",4,3056,0.7084424083769634,0.014478407494406502,8.209256750048752e+18,2192.578913547333,0.1174420640267434,43.77565421806682
stage2,2266,48,0.55,74772,24,"{""atr_period"": 21, ""horizon_h"": 6, ""ma_windows"": [12, 24, 72], ""mtf_intervals"": [""1d""], ""ret_windows"": [1, 3, 6, 12, 24], ""rsi_period"": 21, ""target_threshold"": 0.006, ""vol_windows"": [24, 48]}","{""colsample_bytree"": 0.7, ""gamma"": 0.0, ""learning_rate"": 0.07, ""max_depth"": 5, ""min_child_weight"": 1, ""n_estimators"": 250, ""subsample"": 0.7}",4,2648,0.7288519637462235,0.015394169423623951,2.6438137831877382e+17,2192.578913547333,0.11744206402674329,40.36368296482125
stage2,2266,48,0.58,74772,24,"{""atr_period"": 21, ""horizon_h"": 6, ""ma_windows"": [12, 24, 72], ""mtf_intervals"": [""1d""], ""ret_windows"": [1, 3, 6, 12, 24], ""rsi_period"": 21, ""target_threshold"": 0.006, ""vol_windows"": [24, 48]}","{""colsample_bytree"": 0.7, ""gamma"": 0.0, ""learning_rate"": 0.07, ""max_depth"": 5, ""min_child_weight"": 1, ""n_estimators"": 250, ""subsample"": 0.7}",4,2293,0.7597034452682075,0.016591665768311826,1.8184288079819428e+16,2192.578913547333,0.08263081178940757,37.738515000290754
stage2,2266,48,0.6,74772,24,"{""atr_period"": 21, ""horizon_h"": 6, ""ma_windows"": [12, 24, 72], ""mtf_intervals"": [""1d""], ""ret_windows"": [1, 3, 6, 12, 24], ""rsi_period"": 21, ""target_threshold"": 0.006, ""vol_windows"": [24, 48]}","{""colsample_bytree"": 0.7, ""gamma"": 0.0, ""learning_rate"": 0.07, ""max_depth"": 5, ""min_child_weight"": 1, ""n_estimators"": 250, ""subsample"": 0.7}",4,2065,0.7714285714285715,0.017377997553465512,2149747693792412.2,2192.578913547333,0.07092643614738758,35.624830497936436
stage2,2266,48,0.62,74772,24,"{""atr_period"": 21, ""horizon_h"": 6, ""ma_windows"": [12, 24, 72], ""mtf_intervals"": [""1d""], ""ret_windows"": [1, 3, 6, 12, 24], ""rsi_period"": 21, ""target_threshold"": 0.006, ""vol_windows"": [24, 48]}","{""colsample_bytree"": 0.7, ""gamma"": 0.0, ""learning_rate"": 0.07, ""max_depth"": 5, ""min_child_weight"": 1, ""n_estimators"": 250, ""subsample"": 0.7}",4,1876,0.7787846481876333,0.01799084359906952,261145593568462.84,2192.578913547333,0.07092643614738758,33.527590446755255
stage2,2266,48,0.65,74772,24,"{""atr_period"": 21, ""horizon_h"": 6, ""ma_windows"": [12, 24, 72], ""mtf_intervals"": [""1d""], ""ret_windows"": [1, 3, 6, 12, 24], ""rsi_period"": 21, ""target_threshold"": 0.006, ""vol_windows"": [24, 48]}","{""colsample_bytree"": 0.7, ""gamma"": 0.0, ""learning_rate"": 0.07, ""max_depth"": 5, ""min_child_weight"": 1, ""n_estimators"": 250, ""subsample"": 0.7}",4,1588,0.7940806045340051,0.019136387660733077,9438352763701.596,2192.578913547333,0.07092643614738747,30.22869495232865
stage2,2266,57,0.52,74772,24,"{""atr_period"": 21, ""horizon_h"": 6, ""ma_windows"": [12, 24, 72], ""mtf_intervals"": [""1d""], ""ret_windows"": [1, 3, 6, 12, 24], ""rsi_period"": 21, ""target_threshold"": 0.006, ""vol_windows"": [24, 48]}","{""colsample_bytree"": 0.7, ""gamma"": 0.2, ""learning_rate"": 0.07, ""max_depth"": 5, ""min_child_weight"": 1, ""n_estimators"": 250, ""subsample"": 1.0}",4,3122,0.7062780269058296,0.014458646459824632,1.9869683203770724e+19,2192.578913547333,0.13803269267428397,44.64740203375172
stage2,2266,57,0.55,74772,24,"{""atr_period"": 21, ""horizon_h"": 6, ""ma_windows"": [12, 24, 72], ""mtf_intervals"": [""1d""], ""ret_windows"": [1, 3, 6, 12, 24], ""rsi_period"": 21, ""target_threshold"": 0.006, ""vol_windows"": [24, 48]}","{""colsample_bytree"": 0.7, ""gamma"": 0.2, ""learning_rate"": 0.07, ""max_depth"": 5, ""min_child_weight"": 1, ""n_estimators"": 250, ""subsample"": 1.0}",4,2708,0.7248892171344166,0.015306838109870992,5.211950227468176e+17,2192.578913547333,0.13803269267428397,41.02825042276195
stage2,2266,57,0.58,74772,24,"{""atr_period"": 21, ""horizon_h"": 6, ""ma_windows"": [12, 24, 72], ""mtf_intervals"": [""1d""], ""ret_windows"": [1, 3, 6, 12, 24], ""rsi_period"": 21, ""target_threshold"": 0.006, ""vol_windows"": [24, 48]}","{""colsample_bytree"": 0.7, ""gamma"": 0.2, ""learning_rate"": 0.07, ""max_depth"": 5, ""min_child_weight"": 1, ""n_estimators"": 250, ""subsample"": 1.0}",4,2320,0.7452586206896552,0.016378020217674743,1.7269722691043746e+16,2192.578913547333,0.09056270507392461,37.66968093543211
stage2,2266,57,0.6,74772,24,"{""atr_period"": 21, ""horizon_h"": 6, ""ma_windows"": [12, 24, 72], ""mtf_intervals"": [""1d""], ""ret_windows"": [1, 3, 6, 12, 24], ""rsi_period"": 21, ""target_threshold"": 0.006, ""vol_windows"": [24, 48]}","{""colsample_bytree"": 0.7, ""gamma"": 0.2, ""learning_rate"": 0.07, ""max_depth"": 5, ""min_child_weight"": 1, ""n_estimators"": 250, ""subsample"": 1.0}",4,2127,0.7592853784673249,0.017006757462990546,2848198745265136.5,2192.578913547333,0.09056270507392461,35.88366418011852
stage2,2266,57,0.62,74772,24,"{""atr_period"": 21, ""horizon_h"": 6, ""ma_windows"": [12, 24, 72], ""mtf_intervals"": [""1d""], ""ret_windows"": [1, 3, 6, 12, 24], ""rsi_period"": 21, ""target_threshold"": 0.006, ""vol_windows"": [24, 48]}","{""colsample_bytree"": 0.7, ""gamma"": 0.2, ""learning_rate"": 0.07, ""max_depth"": 5, ""min_child_weight"": 1, ""n_estimators"": 250, ""subsample"": 1.0}",4,1925,0.7693506493506493,0.01768847083537472,349280718474957.25,2192.578913547333,0.09056270507392472,33.7986039993718
stage2,2266,57,0.65,74772,24,"{""atr_period"": 21, ""horizon_h"": 6, ""ma_windows"": [12, 24, 72], ""mtf_intervals"": [""1d""], ""ret_windows"": [1, 3, 6, 12, 24], ""rsi_period"": 21, ""target_threshold"": 0.006, ""vol_windows"": [24, 48]}","{""colsample_bytree"": 0.7, ""gamma"": 0.2, ""learning_rate"": 0.07, ""max_depth"": 5, ""min_child_weight"": 1, ""n_estimators"": 250, ""subsample"": 1.0}",4,1634,0.7858017135862914,0.01882176779144958,13486734676976.576,2192.578913547333,0.08263081178940723,30.57062780907451
stage2,2266,61,0.52,74772,24,"{""atr_period"": 21, ""horizon_h"": 6, ""ma_windows"": [12, 24, 72], ""mtf_intervals"": [""1d""], ""ret_windows"": [1, 3, 6, 12, 24], ""rsi_period"": 21, ""target_threshold"": 0.006, ""vol_windows"": [24, 48]}","{""colsample_bytree"": 1.0, ""gamma"": 0.2, ""learning_rate"": 0.07, ""max_depth"": 5, ""min_child_weight"": 1, ""n_estimators"": 250, ""subsample"": 1.0}",4,3166,0.6986734049273531,0.014111291204761523,1.262262064944865e+19,2192.578913547333,0.10678658164305055,44.20045793064122
stage2,2266,61,0.55,74772,24,"{""atr_period"": 21, ""horizon_h"": 6, ""ma_windows"": [12, 24, 72], ""mtf_intervals"": [""1d""], ""ret_windows"": [1, 3, 6, 12, 24], ""rsi_period"": 21, ""target_threshold"": 0.006, ""vol_windows"": [24, 48]}","{""colsample_bytree"": 1.0, ""gamma"": 0.2, ""learning_rate"": 0.07, ""max_depth"": 5, ""min_child_weight"": 1, ""n_estimators"": 250, ""subsample"": 1.0}",4,2761,0.7196667873958711,0.015060476154364072,5.955744809815037e+17,2192.578913547333,0.0889602412401751,41.18003996743339
stage2,2266,61,0.58,74772,24,"{""atr_period"": 21, ""horizon_h"": 6, ""ma_windows"": [12, 24, 72], ""mtf_intervals"": [""1d""], ""ret_windows"": [1, 3, 6, 12, 24], ""rsi_period"": 21, ""target_threshold"": 0.006, ""vol_windows"": [24, 48]}","{""colsample_bytree"": 1.0, ""gamma"": 0.2, ""learning_rate"": 0.07, ""max_depth"": 5, ""min_child_weight"": 1, ""n_estimators"": 250, ""subsample"": 1.0}",4,2396,0.75,0.016220998933179593,4.076595529565539e+16,2192.578913547333,0.08896024124017532,38.531911569808415
stage2,2266,61,0.6,74772,24,"{""atr_period"": 21, ""horizon_h"": 6, ""ma_windows"": [12, 24, 72], ""mtf_intervals"": [""1d""], ""ret_windows"": [1, 3, 6, 12, 24], ""rsi_period"": 21, ""target_threshold"": 0.006, ""vol_windows"": [24, 48]}","{""colsample_bytree"": 1.0, ""gamma"": 0.2, ""learning_rate"": 0.07, ""max_depth"": 5, ""min_child_weight"": 1, ""n_estimators"": 250, ""subsample"": 1.0}",4,2152,0.7657992565055762,0.016924194795509818,3659461955991905.0,2192.578913547333,0.08263081178940723,36.142810082631684
stage2,2266,61,0.62,74772,24,"{""atr_period"": 21, ""horizon_h"": 6, ""ma_windows"": [12, 24, 72], ""mtf_intervals"": [""1d""], ""ret_windows"": [1, 3, 6, 12, 24], ""rsi_period"": 21, ""target_threshold"": 0.006, ""vol_windows"": [24, 48]}","{""colsample_bytree"": 1.0, ""gamma"": 0.2, ""learning_rate"": 0.07, ""max_depth"": 5, ""min_child_weight"": 1, ""n_estimators"": 250, ""subsample"": 1.0}",4,1930,0.7740932642487046,0.01762106027482491,338583888932172.75,2192.578913547333,0.08263081178940712,33.77472069078133
stage2,2266,61,0.65,74772,24,"{""atr_period"": 21, ""horizon_h"": 6, ""ma_windows"": [12, 24, 72], ""mtf_intervals"": [""1d""], ""ret_windows"": [1, 3, 6, 12, 24], ""rsi_period"": 21, ""target_threshold"": 0.006, ""vol_windows"": [24, 48]}","{""colsample_bytree"": 1.0, ""gamma"": 0.2, ""learning_rate"": 0.07, ""max_depth"": 5, ""min_child_weight"": 1, ""n_estimators"": 250, ""subsample"": 1.0}",4,1702,0.7831962397179788,0.018505760762120696,28281506058505.336,2192.578913547333,0.06507822986420708,31.315293173729405
stage2,2266,38,0.52,74772,24,"{""atr_period"": 21, ""horizon_h"": 6, ""ma_windows"": [12, 24, 72], ""mtf_intervals"": [""1d""], ""ret_windows"": [1, 3, 6, 12, 24], ""rsi_period"": 21, ""target_threshold"": 0.006, ""vol_windows"": [24, 48]}","{""colsample_bytree"": 1.0, ""gamma"": 0.0, ""learning_rate"": 0.03, ""max_depth"": 5, ""min_child_weight"": 5, ""n_estimators"": 250, ""subsample"": 0.7}",4,2904,0.7159090909090909,0.01502930913341113,4.5426580190372654e+18,2192.578913547333,0.1174420640267434,43.194284695156774
stage2,2266,38,0.55,74772,24,"{""atr_period"": 21, ""horizon_h"": 6, ""ma_windows"": [12, 24, 72], ""mtf_intervals"": [""1d""], ""ret_windows"": [1, 3, 6, 12, 24], ""rsi_period"": 21, ""target_threshold"": 0.006, ""vol_windows"": [24, 48]}","{""colsample_bytree"": 1.0, ""gamma"": 0.0, ""learning_rate"": 0.03, ""max_depth"": 5, ""min_child_weight"": 5, ""n_estimators"": 250, ""subsample"": 0.7}",4,2481,0.7416364369205966,0.016084838951957236,1.1346790022591176e+17,2192.578913547333,0.09056270507392472,39.547002883054084
stage2,2266,38,0.58,74772,24,"{""atr_period"": 21, ""horizon_h"": 6, ""ma_windows"": [12, 24, 72], ""mtf_intervals"": [""1d""], ""ret_windows"": [1, 3, 6, 12, 24], ""rsi_period"": 21, ""target_threshold"": 0.006, ""vol_windows"": [24, 48]}","{""colsample_bytree"": 1.0, ""gamma"": 0.0, ""learning_rate"": 0.03, ""max_depth"": 5, ""min_child_weight"": 5, ""n_estimators"": 250, ""subsample"": 0.7}",4,2107,0.7626957759848125,0.017266203194324387,3492132481766262.5,2192.578913547333,0.08263081178940757,36.09625981126626
stage2,2266,38,0.6,74772,24,"{""atr_period"": 21, ""horizon_h"": 6, ""ma_windows"": [12, 24, 72], ""mtf_intervals"": [""1d""], ""ret_windows"": [1, 3, 6, 12, 24], ""rsi_period"": 21, ""target_threshold"": 0.006, ""vol_windows"": [24, 48]}","{""colsample_bytree"": 1.0, ""gamma"": 0.0, ""learning_rate"": 0.03, ""max_depth"": 5, ""min_child_weight"": 5, ""n_estimators"": 250, ""subsample"": 0.7}",4,1884,0.7786624203821656,0.01807901206625976,354556348166075.5,2192.578913547333,0.0709264361473878,33.833987215134634
stage2,2266,38,0.62,74772,24,"{""atr_period"": 21, ""horizon_h"": 6, ""ma_windows"": [12, 24, 72], ""mtf_intervals"": [""1d""], ""ret_windows"": [1, 3, 6, 12, 24], ""rsi_period"": 21, ""target_threshold"": 0.006, ""vol_windows"": [24, 48]}","{""colsample_bytree"": 1.0, ""gamma"": 0.0, ""learning_rate"": 0.03, ""max_depth"": 5, ""min_child_weight"": 5, ""n_estimators"": 250, ""subsample"": 0.7}",4,1673,0.7955768081291094,0.018928691721734885,33494005251135.9,2192.578913547333,0.07092643614738736,31.494815353222698
stage2,2266,38,0.65,74772,24,"{""atr_period"": 21, ""horizon_h"": 6, ""ma_windows"": [12, 24, 72], ""mtf_intervals"": [""1d""], ""ret_windows"": [1, 3, 6, 12, 24], ""rsi_period"": 21, ""target_threshold"": 0.006, ""vol_windows"": [24, 48]}","{""colsample_bytree"": 1.0, ""gamma"": 0.0, ""learning_rate"": 0.03, ""max_depth"": 5, ""min_child_weight"": 5, ""n_estimators"": 250, ""subsample"": 0.7}",4,1421,0.8099929627023223,0.020100156991400806,1560235222109.4807,2192.578913547333,0.07092643614738747,28.449190117246204
stage2,2266,36,0.52,74772,24,"{""atr_period"": 21, ""horizon_h"": 6, ""ma_windows"": [12, 24, 72], ""mtf_intervals"": [""1d""], ""ret_windows"": [1, 3, 6, 12, 24], ""rsi_period"": 21, ""target_threshold"": 0.006, ""vol_windows"": [24, 48]}","{""colsample_bytree"": 1.0, ""gamma"": 0.0, ""learning_rate"": 0.03, ""max_depth"": 5, ""min_child_weight"": 1, ""n_estimators"": 250, ""subsample"": 0.7}",4,2932,0.7138472032742156,0.014967627147070228,5.774310486635069e+18,2192.578913547333,0.11744206402674362,43.43204827470128
stage2,2266,36,0.55,74772,24,"{""atr_period"": 21, ""horizon_h"": 6, ""ma_windows"": [12, 24, 72], ""mtf_intervals"": [""1d""], ""ret_windows"": [1, 3, 6, 12, 24], ""rsi_period"": 21, ""target_threshold"": 0.006, ""vol_windows"": [24, 48]}","{""colsample_bytree"": 1.0, ""gamma"": 0.0, ""learning_rate"": 0.03, ""max_depth"": 5, ""min_child_weight"": 1, ""n_estimators"": 250, ""subsample"": 0.7}",4,2511,0.7423337315810434,0.016076576192361827,1.7918554607576614e+17,2192.578913547333,0.09056270507392483,40.00439647640591
stage2,2266,36,0.58,74772,24,"{""atr_period"": 21, ""horizon_h"": 6, ""ma_windows"": [12, 24, 72], ""mtf_intervals"": [""1d""], ""ret_windows"": [1, 3, 6, 12, 24], ""rsi_period"": 21, ""target_threshold"": 0.006, ""vol_windows"": [24, 48]}","{""colsample_bytree"": 1.0, ""gamma"": 0.0, ""learning_rate"": 0.03, ""max_depth"": 5, ""min_child_weight"": 1, ""n_estimators"": 250, ""subsample"": 0.7}",4,2123,0.7574187470560527,0.01715733853196417,3658225364785350.0,2192.578913547333,0.08263081178940745,36.13763285173141
stage2,2266,36,0.6,74772,24,"{""atr_period"": 21, ""horizon_h"": 6, ""ma_windows"": [12, 24, 72], ""mtf_intervals"": [""1d""], ""ret_windows"": [1, 3, 6, 12, 24], ""rsi_period"": 21, ""target_threshold"": 0.006, ""vol_windows"": [24, 48]}","{""colsample_bytree"": 1.0, ""gamma"": 0.0, ""learning_rate"": 0.03, ""max_depth"": 5, ""min_child_weight"": 1, ""n_estimators"": 250, ""subsample"": 0.7}",4,1890,0.780952380952381,0.018059698602186057,381394584908104.3,2192.578913547333,0.07092643614738758,33.90863188656612
stage2,2266,36,0.62,74772,24,"{""atr_period"": 21, ""horizon_h"": 6, ""ma_windows"": [12, 24, 72], ""mtf_intervals"": [""1d""], ""ret_windows"": [1, 3, 6, 12, 24], ""rsi_period"": 21, ""target_threshold"": 0.006, ""vol_windows"": [24, 48]}","{""colsample_bytree"": 1.0, ""gamma"": 0.0, ""learning_rate"": 0.03, ""max_depth"": 5, ""min_child_weight"": 1, ""n_estimators"": 250, ""subsample"": 0.7}",4,1685,0.7922848664688428,0.018770328999238448,32296253724515.746,2192.578913547333,0.0709264361473877,31.45449966276469
stage2,2266,36,0.65,74772,24,"{""atr_period"": 21, ""horizon_h"": 6, ""ma_windows"": [12, 24, 72], ""mtf_intervals"": [""1d""], ""ret_windows"": [1, 3, 6, 12, 24], ""rsi_period"": 21, ""target_threshold"": 0.006, ""vol_windows"": [24, 48]}","{""colsample_bytree"": 1.0, ""gamma"": 0.0, ""learning_rate"": 0.03, ""max_depth"": 5, ""min_child_weight"": 1, ""n_estimators"": 250, ""subsample"": 0.7}",4,1416,0.809322033898305,0.020076897199178403,1368368384590.6797,2192.578913547333,0.07092643614738736,28.317249772497547
stage2,2266,32,0.52,74772,24,"{""atr_period"": 21, ""horizon_h"": 6, ""ma_windows"": [12, 24, 72], ""mtf_intervals"": [""1d""], ""ret_windows"": [1, 3, 6, 12, 24], ""rsi_period"": 21, ""target_threshold"": 0.006, ""vol_windows"": [24, 48]}","{""colsample_bytree"": 0.7, ""gamma"": 0.0, ""learning_rate"": 0.03, ""max_depth"": 5, ""min_child_weight"": 1, ""n_estimators"": 250, ""subsample"": 0.7}",4,2816,0.7173295454545454,0.015227008552433946,2.1286788207551478e+18,2192.578913547333,0.11744206402674351,42.43899186198972
stage2,2266,32,0.55,74772,24,"{""atr_period"": 21, ""horizon_h"": 6, ""ma_windows"": [12, 24, 72], ""mtf_intervals"": [""1d""], ""ret_windows"": [1, 3, 6, 12, 24], ""rsi_period"": 21, ""target_threshold"": 0.006, ""vol_windows"": [24, 48]}","{""colsample_bytree"": 0.7, ""gamma"": 0.0, ""learning_rate"": 0.03, ""max_depth"": 5, ""min_child_weight"": 1, ""n_estimators"": 250, ""subsample"": 0.7}",4,2406,0.7435577722360764,0.0163325874095469,6.182005633790885e+16,2192.578913547333,0.09056270507392483,38.94322980746424
stage2,2266,32,0.58,74772,24,"{""atr_period"": 21, ""horizon_h"": 6, ""ma_windows"": [12, 24, 72], ""mtf_intervals"": [""1d""], ""ret_windows"": [1, 3, 6, 12, 24], ""rsi_period"": 21, ""target_threshold"": 0.006, ""vol_windows"": [24, 48]}","{""colsample_bytree"": 0.7, ""gamma"": 0.0, ""learning_rate"": 0.03, ""max_depth"": 5, ""min_child_weight"": 1, ""n_estimators"": 250, ""subsample"": 0.7}",4,2057,0.7647058823529411,0.017522687943402036,2490630432066746.0,2192.578913547333,0.08263081178940745,35.761943062445084
stage2,2266,32,0.6,74772,24,"{""atr_period"": 21, ""horizon_h"": 6, ""ma_windows"": [12, 24, 72], ""mtf_intervals"": [""1d""], ""ret_windows"": [1, 3, 6, 12, 24], ""rsi_period"": 21, ""target_threshold"": 0.006, ""vol_windows"": [24, 48]}","{""colsample_bytree"": 0.7, ""gamma"": 0.0, ""learning_rate"": 0.03, ""max_depth"": 5, ""min_child_weight"": 1, ""n_estimators"": 250, ""subsample"": 0.7}",4,1813,0.7848869277440707,0.018535068171210055,224358622359369.72,2192.578913547333,0.08263081178940745,33.37914156190703
stage2,2266,32,0.62,74772,24,"{""atr_period"": 21, ""horizon_h"": 6, ""ma_windows"": [12, 24, 72], ""mtf_intervals"": [""1d""], ""ret_windows"": [1, 3, 6, 12, 24], ""rsi_period"": 21, ""target_threshold"": 0.006, ""vol_windows"": [24, 48]}","{""colsample_bytree"": 0.7, ""gamma"": 0.0, ""learning_rate"": 0.03, ""max_depth"": 5, ""min_child_weight"": 1, ""n_estimators"": 250, ""subsample"": 0.7}",4,1614,0.7949194547707559,0.019345938627587905,21433039133737.215,2192.578913547333,0.07092643614738758,31.051194586909215
stage2,2266,32,0.65,74772,24,"{""atr_period"": 21, ""horizon_h"": 6, ""ma_windows"": [12, 24, 72], ""mtf_intervals"": [""1d""], ""ret_windows"": [1, 3, 6, 12, 24], ""rsi_period"": 21, ""target_threshold"": 0.006, ""vol_windows"": [24, 48]}","{""colsample_bytree"": 0.7, ""gamma"": 0.0, ""learning_rate"": 0.03, ""max_depth"": 5, ""min_child_weight"": 1, ""n_estimators"": 250, ""subsample"": 0.7}",4,1312,0.8140243902439024,0.02053184686415622,313765250191.07745,2192.578913547333,0.07092643614738758,26.85192200143254
stage2,2266,42,0.52,74772,24,"{""atr_period"": 21, ""horizon_h"": 6, ""ma_windows"": [12, 24, 72], ""mtf_intervals"": [""1d""], ""ret_windows"": [1, 3, 6, 12, 24], ""rsi_period"": 21, ""target_threshold"": 0.006, ""vol_windows"": [24, 48]}","{""colsample_bytree"": 0.7, ""gamma"": 0.0, ""learning_rate"": 0.03, ""max_depth"": 5, ""min_child_weight"": 5, ""n_estimators"": 250, ""subsample"": 1.0}",4,2826,0.7165605095541401,0.01518300933726783,2.189436929829712e+18,2192.578913547333,0.11744206402674351,42.46616752532416
stage2,2266,42,0.55,74772,24,"{""atr_period"": 21, ""horizon_h"": 6, ""ma_windows"": [12, 24, 72], ""mtf_intervals"": [""1d""], ""ret_windows"": [1, 3, 6, 12, 24], ""rsi_period"": 21, ""target_threshold"": 0.006, ""vol_windows"": [24, 48]}","{""colsample_bytree"": 0.7, ""gamma"": 0.0, ""learning_rate"": 0.03, ""max_depth"": 5, ""min_child_weight"": 5, ""n_estimators"": 250, ""subsample"": 1.0}",4,2434,0.733771569433032,0.01617378813959187,6.664850974853119e+16,2192.578913547333,0.08263081178940734,39.01330123669201
stage2,2266,42,0.58,74772,24,"{""atr_period"": 21, ""horizon_h"": 6, ""ma_windows"": [12, 24, 72], ""mtf_intervals"": [""1d""], ""ret_windows"": [1, 3, 6, 12, 24], ""rsi_period"": 21, ""target_threshold"": 0.006, ""vol_windows"": [24, 48]}","{""colsample_bytree"": 0.7, ""gamma"": 0.0, ""learning_rate"": 0.03, ""max_depth"": 5, ""min_child_weight"": 5, ""n_estimators"": 250, ""subsample"": 1.0}",4,2036,0.7652259332023575,0.01752316838986355,1742588158474081.2,2192.578913547333,0.08263081178940734,35.405198538167994
stage2,2266,42,0.6,74772,24,"{""atr_period"": 21, ""horizon_h"": 6, ""ma_windows"": [12, 24, 72], ""mtf_intervals"": [""1d""], ""ret_windows"": [1, 3, 6, 12, 24], ""rsi_period"": 21, ""target_threshold"": 0.006, ""vol_windows"": [24, 48]}","{""colsample_bytree"": 0.7, ""gamma"": 0.0, ""learning_rate"": 0.03, ""max_depth"": 5, ""min_child_weight"": 5, ""n_estimators"": 250, ""subsample"": 1.0}",4,1817,0.782608695652174,0.018443898222770067,205164049170870.5,2192.578913547333,0.07092643614738736,33.29300593913387
stage2,2266,42,0.62,74772,24,"{""atr_period"": 21, ""horizon_h"": 6, ""ma_windows"": [12, 24, 72], ""mtf_intervals"": [""1d""], ""ret_windows"": [1, 3, 6, 12, 24], ""rsi_period"": 21, ""target_threshold"": 0.006, ""vol_windows"": [24, 48]}","{""colsample_bytree"": 0.7, ""gamma"": 0.0, ""learning_rate"": 0.03, ""max_depth"": 5, ""min_child_weight"": 5, ""n_estimators"": 250, ""subsample"": 1.0}",4,1599,0.7961225766103814,0.019380898097177066,17002298267365.887,2192.578913547333,0.07092643614738736,30.820851671037143
stage2,2266,42,0.65,74772,24,"{""atr_period"": 21, ""horizon_h"": 6, ""ma_windows"": [12, 24, 72], ""mtf_intervals"": [""1d""], ""ret_windows"": [1, 3, 6, 12, 24], ""rsi_period"": 21, ""target_threshold"": 0.006, ""vol_windows"": [24, 48]}","{""colsample_bytree"": 0.7, ""gamma"": 0.0, ""learning_rate"": 0.03, ""max_depth"": 5, ""min_child_weight"": 5, ""n_estimators"": 250, ""subsample"": 1.0}",4,1312,0.8132621951219512,0.020503028354682356,301875189741.71375,2192.578913547333,0.0650782298642072,26.815374357899945
stage2,2266,44,0.52,74772,24,"{""atr_period"": 21, ""horizon_h"": 6, ""ma_windows"": [12, 24, 72], ""mtf_intervals"": [""1d""], ""ret_windows"": [1, 3, 6, 12, 24], ""rsi_period"": 21, ""target_threshold"": 0.006, ""vol_windows"": [24, 48]}","{""colsample_bytree"": 1.0, ""gamma"": 0.0, ""learning_rate"": 0.03, ""max_depth"": 5, ""min_child_weight"": 1, ""n_estimators"": 250, ""subsample"": 1.0}",4,2884,0.717753120665742,0.015086631347800769,3.9752535095829166e+18,2192.578913547333,0.09056270507392483,43.07623439073926
stage2,2266,44,0.55,74772,24,"{""atr_period"": 21, ""horizon_h"": 6, ""ma_windows"": [12, 24, 72], ""mtf_intervals"": [""1d""], ""ret_windows"": [1, 3, 6, 12, 24], ""rsi_period"": 21, ""target_threshold"": 0.006, ""vol_windows"": [24, 48]}","{""colsample_bytree"": 1.0, ""gamma"": 0.0, ""learning_rate"": 0.03, ""max_depth"": 5, ""min_child_weight"": 1, ""n_estimators"": 250, ""subsample"": 1.0}",4,2450,0.7428571428571429,0.01622696361011955,9.788032015669923e+16,2192.578913547333,0.09056270507392461,39.401341975019804
stage2,2266,44,0.58,74772,24,"{""atr_period"": 21, ""horizon_h"": 6, ""ma_windows"": [12, 24, 72], ""mtf_intervals"": [""1d""], ""ret_windows"": [1, 3, 6, 12, 24], ""rsi_period"": 21, ""target_threshold"": 0.006, ""vol_windows"": [24, 48]}","{""colsample_bytree"": 1.0, ""gamma"": 0.0, ""learning_rate"": 0.03, ""max_depth"": 5, ""min_child_weight"": 1, ""n_estimators"": 250, ""subsample"": 1.0}",4,2060,0.7679611650485437,0.017476767801420337,2397060762581991.0,2192.578913547333,0.08404337885317814,35.72518108449453
stage2,2266,44,0.6,74772,24,"{""atr_period"": 21, ""horizon_h"": 6, ""ma_windows"": [12, 24, 72], ""mtf_intervals"": [""1d""], ""ret_windows"": [1, 3, 6, 12, 24], ""rsi_period"": 21, ""target_threshold"": 0.006, ""vol_windows"": [24, 48]}","{""colsample_bytree"": 1.0, ""gamma"": 0.0, ""learning_rate"": 0.03, ""max_depth"": 5, ""min_child_weight"": 1, ""n_estimators"": 250, ""subsample"": 1.0}",4,1823,0.7761930883159627,0.018232358788739328,156692876172417.7,2192.578913547333,0.07092643614738736,33.016658925578895
stage2,2266,44,0.62,74772,24,"{""atr_period"": 21, ""horizon_h"": 6, ""ma_windows"": [12, 24, 72], ""mtf_intervals"": [""1d""], ""ret_windows"": [1, 3, 6, 12, 24], ""rsi_period"": 21, ""target_threshold"": 0.006, ""vol_windows"": [24, 48]}","{""colsample_bytree"": 1.0, ""gamma"": 0.0, ""learning_rate"": 0.03, ""max_depth"": 5, ""min_child_weight"": 1, ""n_estimators"": 250, ""subsample"": 1.0}",4,1639,0.7931665649786455,0.01916019255147289,25669170509952.934,2192.578913547333,0.07092643614738758,31.228663371013038
stage2,2266,44,0.65,74772,24,"{""atr_period"": 21, ""horizon_h"": 6, ""ma_windows"": [12, 24, 72], ""mtf_intervals"": [""1d""], ""ret_windows"": [1, 3, 6, 12, 24], ""rsi_period"": 21, ""target_threshold"": 0.006, ""vol_windows"": [24, 48]}","{""colsample_bytree"": 1.0, ""gamma"": 0.0, ""learning_rate"": 0.03, ""max_depth"": 5, ""min_child_weight"": 1, ""n_estimators"": 250, ""subsample"": 1.0}",4,1371,0.8132749817651349,0.02038160625478218,843835286685.6514,2192.578913547333,0.07092643614738747,27.83943277191786
stage2,2266,23,0.52,74772,24,"{""atr_period"": 21, ""horizon_h"": 6, ""ma_windows"": [12, 24, 72], ""mtf_intervals"": [""1d""], ""ret_windows"": [1, 3, 6, 12, 24], ""rsi_period"": 21, ""target_threshold"": 0.006, ""vol_windows"": [24, 48]}","{""colsample_bytree"": 1.0, ""gamma"": 0.2, ""learning_rate"": 0.07, ""max_depth"": 3, ""min_child_weight"": 5, ""n_estimators"": 250, ""subsample"": 0.7}",4,2635,0.7115749525616698,0.015215332784179685,1.3556608093878528e+17,2192.578913547333,0.09056270507392483,39.693936870342995
stage2,2266,23,0.55,74772,24,"{""atr_period"": 21, ""horizon_h"": 6, ""ma_windows"": [12, 24, 72], ""mtf_intervals"": [""1d""], ""ret_windows"": [1, 3, 6, 12, 24], ""rsi_period"": 21, ""target_threshold"": 0.006, ""vol_windows"": [24, 48]}","{""colsample_bytree"": 1.0, ""gamma"": 0.2, ""learning_rate"": 0.07, ""max_depth"": 3, ""min_child_weight"": 5, ""n_estimators"": 250, ""subsample"": 0.7}",4,2232,0.7325268817204301,0.01635150851366948,3879482166751030.5,2192.578913547333,0.09056270507392461,36.16603029841017
stage2,2266,23,0.58,74772,24,"{""atr_period"": 21, ""horizon_h"": 6, ""ma_windows"": [12, 24, 72], ""mtf_intervals"": [""1d""], ""ret_windows"": [1, 3, 6, 12, 24], ""rsi_period"": 21, ""target_threshold"": 0.006, ""vol_windows"": [24, 48]}","{""colsample_bytree"": 1.0, ""gamma"": 0.2, ""learning_rate"": 0.07, ""max_depth"": 3, ""min_child_weight"": 5, ""n_estimators"": 250, ""subsample"": 0.7}",4,1874,0.7491995731056563,0.017580045384124027,116386272177265.4,2192.578913547333,0.09056270507392472,32.68265437666994
stage2,2266,23,0.6,74772,24,"{""atr_period"": 21, ""horizon_h"": 6, ""ma_windows"": [12, 24, 72], ""mtf_intervals"": [""1d""], ""ret_windows"": [1, 3, 6, 12, 24], ""rsi_period"": 21, ""target_threshold"": 0.006, ""vol_windows"": [24, 48]}","{""colsample_bytree"": 1.0, ""gamma"": 0.2, ""learning_rate"": 0.07, ""max_depth"": 3, ""min_child_weight"": 5, ""n_estimators"": 250, ""subsample"": 0.7}",4,1635,0.7626911314984709,0.018436969028299943,7348595953235.6045,2192.578913547333,0.07092643614738736,29.94771582348617
stage2,2266,23,0.62,74772,24,"{""atr_period"": 21, ""horizon_h"": 6, ""ma_windows"": [12, 24, 72], ""mtf_intervals"": [""1d""], ""ret_windows"": [1, 3, 6, 12, 24], ""rsi_period"": 21, ""target_threshold"": 0.006, ""vol_windows"": [24, 48]}","{""colsample_bytree"": 1.0, ""gamma"": 0.2, ""learning_rate"": 0.07, ""max_depth"": 3, ""min_child_weight"": 5, ""n_estimators"": 250, ""subsample"": 0.7}",4,1425,0.7747368421052632,0.01928354334622059,531485633141.1777,2192.578913547333,0.07092643614738747,27.33753660596476
stage2,2266,23,0.65,74772,24,"{""atr_period"": 21, ""horizon_h"": 6, ""ma_windows"": [12, 24, 72], ""mtf_intervals"": [""1d""], ""ret_windows"": [1, 3, 6, 12, 24], ""rsi_period"": 21, ""target_threshold"": 0.006, ""vol_windows"": [24, 48]}","{""colsample_bytree"": 1.0, ""gamma"": 0.2, ""learning_rate"": 0.07, ""max_depth"": 3, ""min_child_weight"": 5, ""n_estimators"": 250, ""subsample"": 0.7}",4,1175,0.788936170212766,0.020509932429671914,19017926976.694633,2192.578913547333,0.0709264361473877,24.02841307389593
stage2,4462,51,0.52,74772,24,"{""atr_period"": 7, ""horizon_h"": 6, ""ma_windows"": [8, 24, 96], ""mtf_intervals"": [""1d""], ""ret_windows"": [1, 2, 4, 8, 24], ""rsi_period"": 21, ""target_threshold"": 0.006, ""vol_windows"": [12, 48]}","{""colsample_bytree"": 0.7, ""gamma"": 0.2, ""learning_rate"": 0.07, ""max_depth"": 5, ""min_child_weight"": 5, ""n_estimators"": 250, ""subsample"": 0.7}",4,3081,0.712431028886725,0.01455738490888377,1.5074490197183023e+19,2192.578913547333,0.11129695417982444,44.39029102345914
stage2,4462,51,0.55,74772,24,"{""atr_period"": 7, ""horizon_h"": 6, ""ma_windows"": [8, 24, 96], ""mtf_intervals"": [""1d""], ""ret_windows"": [1, 2, 4, 8, 24], ""rsi_period"": 21, ""target_threshold"": 0.006, ""vol_windows"": [12, 48]}","{""colsample_bytree"": 0.7, ""gamma"": 0.2, ""learning_rate"": 0.07, ""max_depth"": 5, ""min_child_weight"": 5, ""n_estimators"": 250, ""subsample"": 0.7}",4,2663,0.7341344348479159,0.015576852608443338,5.4127030135458886e+17,2192.578913547333,0.08129552715551203,41.10396978696847
stage2,4462,51,0.58,74772,24,"{""atr_period"": 7, ""horizon_h"": 6, ""ma_windows"": [8, 24, 96], ""mtf_intervals"": [""1d""], ""ret_windows"": [1, 2, 4, 8, 24], ""rsi_period"": 21, ""target_threshold"": 0.006, ""vol_windows"": [12, 48]}","{""colsample_bytree"": 0.7, ""gamma"": 0.2, ""learning_rate"": 0.07, ""max_depth"": 5, ""min_child_weight"": 5, ""n_estimators"": 250, ""subsample"": 0.7}",4,2334,0.7544987146529563,0.016571188144868833,3.406269356835382e+16,2192.578913547333,0.07092643614738758,38.36768440886628
stage2,4462,51,0.6,74772,24,"{""atr_period"": 7, ""horizon_h"": 6, ""ma_windows"": [8, 24, 96], ""mtf_intervals"": [""1d""], ""ret_windows"": [1, 2, 4, 8, 24], ""rsi_period"": 21, ""target_threshold"": 0.006, ""vol_windows"": [12, 48]}","{""colsample_bytree"": 0.7, ""gamma"": 0.2, ""learning_rate"": 0.07, ""max_depth"": 5, ""min_child_weight"": 5, ""n_estimators"": 250, ""subsample"": 0.7}",4,2141,0.7645959831854273,0.017106610389338948,4490735351109262.0,2192.578913547333,0.07092643614738747,36.353859310147236
stage2,4462,51,0.62,74772,24,"{""atr_period"": 7, ""horizon_h"": 6, ""ma_windows"": [8, 24, 96], ""mtf_intervals"": [""1d""], ""ret_windows"": [1, 2, 4, 8, 24], ""rsi_period"": 21, ""target_threshold"": 0.006, ""vol_windows"": [12, 48]}","{""colsample_bytree"": 0.7, ""gamma"": 0.2, ""learning_rate"": 0.07, ""max_depth"": 5, ""min_child_weight"": 5, ""n_estimators"": 250, ""subsample"": 0.7}",4,1927,0.772184743124027,0.017739971541244882,403257388620228.9,2192.578913547333,0.05046101366996214,33.965033215439014
stage2,4462,51,0.65,74772,24,"{""atr_period"": 7, ""horizon_h"": 6, ""ma_windows"": [8, 24, 96], ""mtf_intervals"": [""1d""], ""ret_windows"": [1, 2, 4, 8, 24], ""rsi_period"": 21, ""target_threshold"": 0.006, ""vol_windows"": [12, 48]}","{""colsample_bytree"": 0.7, ""gamma"": 0.2, ""learning_rate"": 0.07, ""max_depth"": 5, ""min_child_weight"": 5, ""n_estimators"": 250, ""subsample"": 0.7}",4,1630,0.7957055214723926,0.019012840334913503,17190034556006.492,2192.578913547333,0.04583266074799752,30.841101755043397
stage2,4462,58,0.52,74772,24,"{""atr_period"": 7, ""horizon_h"": 6, ""ma_windows"": [8, 24, 96], ""mtf_intervals"": [""1d""], ""ret_windows"": [1, 2, 4, 8, 24], ""rsi_period"": 21, ""target_threshold"": 0.006, ""vol_windows"": [12, 48]}","{""colsample_bytree"": 0.7, ""gamma"": 0.0, ""learning_rate"": 0.07, ""max_depth"": 5, ""min_child_weight"": 5, ""n_estimators"": 250, ""subsample"": 1.0}",4,3013,0.7142383006969798,0.014625760209879317,6.933230431780568e+18,2192.578913547333,0.10332444021700471,43.619592032379856
stage2,4462,58,0.55,74772,24,"{""atr_period"": 7, ""horizon_h"": 6, ""ma_windows"": [8, 24, 96], ""mtf_intervals"": [""1d""], ""ret_windows"": [1, 2, 4, 8, 24], ""rsi_period"": 21, ""target_threshold"": 0.006, ""vol_windows"": [12, 48]}","{""colsample_bytree"": 0.7, ""gamma"": 0.0, ""learning_rate"": 0.07, ""max_depth"": 5, ""min_child_weight"": 5, ""n_estimators"": 250, ""subsample"": 1.0}",4,2614,0.7345065034429993,0.015565697407343166,2.474058924428204e+17,2192.578913547333,0.0751277588924909,40.32437357462534
stage2,4462,58,0.58,74772,24,"{""atr_period"": 7, ""horizon_h"": 6, ""ma_windows"": [8, 24, 96], ""mtf_intervals"": [""1d""], ""ret_windows"": [1, 2, 4, 8, 24], ""rsi_period"": 21, ""target_threshold"": 0.006, ""vol_windows"": [12, 48]}","{""colsample_bytree"": 0.7, ""gamma"": 0.0, ""learning_rate"": 0.07, ""max_depth"": 5, ""min_child_weight"": 5, ""n_estimators"": 250, ""subsample"": 1.0}",4,2271,0.7498899163364157,0.016522342904002316,1.081173919942789e+16,2192.578913547333,0.07512775889249101,37.2139356984893
stage2,4462,58,0.6,74772,24,"{""atr_period"": 7, ""horizon_h"": 6, ""ma_windows"": [8, 24, 96], ""mtf_intervals"": [""1d""], ""ret_windows"": [1, 2, 4, 8, 24], ""rsi_period"": 21, ""target_threshold"": 0.006, ""vol_windows"": [12, 48]}","{""colsample_bytree"": 0.7, ""gamma"": 0.0, ""learning_rate"": 0.07, ""max_depth"": 5, ""min_child_weight"": 5, ""n_estimators"": 250, ""subsample"": 1.0}",4,2052,0.7665692007797271,0.017385005165692875,1748674231836532.2,2192.578913547333,0.061964720764121406,35.41898735549556
stage2,4462,58,0.62,74772,24,"{""atr_period"": 7, ""horizon_h"": 6, ""ma_windows"": [8, 24, 96], ""mtf_intervals"": [""1d""], ""ret_windows"": [1, 2, 4, 8, 24], ""rsi_period"": 21, ""target_threshold"": 0.006, ""vol_windows"": [12, 48]}","{""colsample_bytree"": 0.7, ""gamma"": 0.0, ""learning_rate"": 0.07, ""max_depth"": 5, ""min_child_weight"": 5, ""n_estimators"": 250, ""subsample"": 1.0}",4,1845,0.7821138211382114,0.01816912495913088,208366476180740.72,2192.578913547333,0.04583266074799752,33.31844727622122
stage2,4462,58,0.65,74772,24,"{""atr_period"": 7, ""horizon_h"": 6, ""ma_windows"": [8, 24, 96], ""mtf_intervals"": [""1d""], ""ret_windows"": [1, 2, 4, 8, 24], ""rsi_period"": 21, ""target_threshold"": 0.006, ""vol_windows"": [12, 48]}","{""colsample_bytree"": 0.7, ""gamma"": 0.0, ""learning_rate"": 0.07, ""max_depth"": 5, ""min_child_weight"": 5, ""n_estimators"": 250, ""subsample"": 1.0}",4,1559,0.7966645285439384,0.019347025746179265,7526103520004.08,2192.578913547333,0.04583266074799763,30.018590061419047
stage2,4462,50,0.52,74772,24,"{""atr_period"": 7, ""horizon_h"": 6, ""ma_windows"": [8, 24, 96], ""mtf_intervals"": [""1d""], ""ret_windows"": [1, 2, 4, 8, 24], ""rsi_period"": 21, ""target_threshold"": 0.006, ""vol_windows"": [12, 48]}","{""colsample_bytree"": 0.7, ""gamma"": 0.0, ""learning_rate"": 0.07, ""max_depth"": 5, ""min_child_weight"": 5, ""n_estimators"": 250, ""subsample"": 0.7}",4,3057,0.7095191364082434,0.014554377723374486,1.0576731427482565e+19,2192.578913547333,0.131821826507468,44.02332753145015
stage2,4462,50,0.55,74772,24,"{""atr_period"": 7, ""horizon_h"": 6, ""ma_windows"": [8, 24, 96], ""mtf_intervals"": [""1d""], ""ret_windows"": [1, 2, 4, 8, 24], ""rsi_period"": 21, ""target_threshold"": 0.006, ""vol_windows"": [12, 48]}","{""colsample_bytree"": 0.7, ""gamma"": 0.0, ""learning_rate"": 0.07, ""max_depth"": 5, ""min_child_weight"": 5, ""n_estimators"": 250, ""subsample"": 0.7}",4,2678,0.7244212098581031,0.015397128050633218,4.2322451504449645e+17,2192.578913547333,0.08129552715551203,40.84874543028972
stage2,4462,50,0.58,74772,24,"{""atr_period"": 7, ""horizon_h"": 6, ""ma_windows"": [8, 24, 96], ""mtf_intervals"": [""1d""], ""ret_windows"": [1, 2, 4, 8, 24], ""rsi_period"": 21, ""target_threshold"": 0.006, ""vol_windows"": [12, 48]}","{""colsample_bytree"": 0.7, ""gamma"": 0.0, ""learning_rate"": 0.07, ""max_depth"": 5, ""min_child_weight"": 5, ""n_estimators"": 250, ""subsample"": 0.7}",4,2323,0.7477399913904433,0.01642640728738575,2.037461110263385e+16,2192.578913547333,0.073865738269137,37.84573634914503
stage2,4462,50,0.6,74772,24,"{""atr_period"": 7, ""horizon_h"": 6, ""ma_windows"": [8, 24, 96], ""mtf_intervals"": [""1d""], ""ret_windows"": [1, 2, 4, 8, 24], ""rsi_period"": 21, ""target_threshold"": 0.006, ""vol_windows"": [12, 48]}","{""colsample_bytree"": 0.7, ""gamma"": 0.0, ""learning_rate"": 0.07, ""max_depth"": 5, ""min_child_weight"": 5, ""n_estimators"": 250, ""subsample"": 0.7}",4,2092,0.761472275334608,0.017185534175602923,2295172194780566.0,2192.578913547333,0.07386573826913712,35.67931349055197
stage2,4462,50,0.62,74772,24,"{""atr_period"": 7, ""horizon_h"": 6, ""ma_windows"": [8, 24, 96], ""mtf_intervals"": [""1d""], ""ret_windows"": [1, 2, 4, 8, 24], ""rsi_period"": 21, ""target_threshold"": 0.006, ""vol_windows"": [12, 48]}","{""colsample_bytree"": 0.7, ""gamma"": 0.0, ""learning_rate"": 0.07, ""max_depth"": 5, ""min_child_weight"": 5, ""n_estimators"": 250, ""subsample"": 0.7}",4,1895,0.7699208443271768,0.017823274597201098,267618890627958.1,2192.578913547333,0.0709264361473877,33.54364468863683
stage2,4462,50,0.65,74772,24,"{""atr_period"": 7, ""horizon_h"": 6, ""ma_windows"": [8, 24, 96], ""mtf_intervals"": [""1d""], ""ret_windows"": [1, 2, 4, 8, 24], ""rsi_period"": 21, ""target_threshold"": 0.006, ""vol_windows"": [12, 48]}","{""colsample_bytree"": 0.7, ""gamma"": 0.0, ""learning_rate"": 0.07, ""max_depth"": 5, ""min_child_weight"": 5, ""n_estimators"": 250, ""subsample"": 0.7}",4,1584,0.7916666666666666,0.019218558078083883,9948937469444.994,2192.578913547333,0.03318573028735894,30.298975807220785
stage2,4462,48,0.52,74772,24,"{""atr_period"": 7, ""horizon_h"": 6, ""ma_windows"": [8, 24, 96], ""mtf_intervals"": [""1d""], ""ret_windows"": [1, 2, 4, 8, 24], ""rsi_period"": 21, ""target_threshold"": 0.006, ""vol_windows"": [12, 48]}","{""colsample_bytree"": 0.7, ""gamma"": 0.0, ""learning_rate"": 0.07, ""max_depth"": 5, ""min_child_weight"": 1, ""n_estimators"": 250, ""subsample"": 0.7}",4,3068,0.7105606258148631,0.01451057324258493,1.093381856039396e+19,2192.578913547333,0.0821769628235487,44.08183688533465
stage2,4462,48,0.55,74772,24,"{""atr_period"": 7, ""horizon_h"": 6, ""ma_windows"": [8, 24, 96], ""mtf_intervals"": [""1d""], ""ret_windows"": [1, 2, 4, 8, 24], ""rsi_period"": 21, ""target_threshold"": 0.006, ""vol_windows"": [12, 48]}","{""colsample_bytree"": 0.7, ""gamma"": 0.0, ""learning_rate"": 0.07, ""max_depth"": 5, ""min_child_weight"": 1, ""n_estimators"": 250, ""subsample"": 0.7}",4,2675,0.7308411214953271,0.015490955682537222,5.208037283298101e+17,2192.578913547333,0.07092643614738747,41.06728696921369
stage2,4462,48,0.58,74772,24,"{""atr_period"": 7, ""horizon_h"": 6, ""ma_windows"": [8, 24, 96], ""mtf_intervals"": [""1d""], ""ret_windows"": [1, 2, 4, 8, 24], ""rsi_period"": 21, ""target_threshold"": 0.006, ""vol_windows"": [12, 48]}","{""colsample_bytree"": 0.7, ""gamma"": 0.0, ""learning_rate"": 0.07, ""max_depth"": 5, ""min_child_weight"": 1, ""n_estimators"": 250, ""subsample"": 0.7}",4,2302,0.7532580364900087,0.01663865658346524,2.3454104024752584e+16,2192.578913547333,0.07092643614738725,37.99407434999277
stage2,4462,48,0.6,74772,24,"{""atr_period"": 7, ""horizon_h"": 6, ""ma_windows"": [8, 24, 96], ""mtf_intervals"": [""1d""], ""ret_windows"": [1, 2, 4, 8, 24], ""rsi_period"": 21, ""target_threshold"": 0.006, ""vol_windows"": [12, 48]}","{""colsample_bytree"": 0.7, ""gamma"": 0.0, ""learning_rate"": 0.07, ""max_depth"": 5, ""min_child_weight"": 1, ""n_estimators"": 250, ""subsample"": 0.7}",4,2118,0.7634560906515581,0.017194270898904386,3638601917931789.0,2192.578913547333,0.07092643614738714,36.143231735936965
stage2,4462,48,0.62,74772,24,"{""atr_period"": 7, ""horizon_h"": 6, ""ma_windows"": [8, 24, 96], ""mtf_intervals"": [""1d""], ""ret_windows"": [1, 2, 4, 8, 24], ""rsi_period"": 21, ""target_threshold"": 0.006, ""vol_windows"": [12, 48]}","{""colsample_bytree"": 0.7, ""gamma"": 0.0, ""learning_rate"": 0.07, ""max_depth"": 5, ""min_child_weight"": 1, ""n_estimators"": 250, ""subsample"": 0.7}",4,1919,0.7722772277227723,0.017760047363640175,363720413708379.1,2192.578913547333,0.05046101366996225,33.862078248474404
stage2,4462,48,0.65,74772,24,"{""atr_period"": 7, ""horizon_h"": 6, ""ma_windows"": [8, 24, 96], ""mtf_intervals"": [""1d""], ""ret_windows"": [1, 2, 4, 8, 24], ""rsi_period"": 21, ""target_threshold"": 0.006, ""vol_windows"": [12, 48]}","{""colsample_bytree"": 0.7, ""gamma"": 0.0, ""learning_rate"": 0.07, ""max_depth"": 5, ""min_child_weight"": 1, ""n_estimators"": 250, ""subsample"": 0.7}",4,1591,0.7932118164676304,0.01904463157834908,8699680712474.989,2192.578913547333,0.045832660747997744,30.158317616627016
stage2,4462,57,0.52,74772,24,"{""atr_period"": 7, ""horizon_h"": 6, ""ma_windows"": [8, 24, 96], ""mtf_intervals"": [""1d""], ""ret_windows"": [1, 2, 4, 8, 24], ""rsi_period"": 21, ""target_threshold"": 0.006, ""vol_windows"": [12, 48]}","{""colsample_bytree"": 0.7, ""gamma"": 0.2, ""learning_rate"": 0.07, ""max_depth"": 5, ""min_child_weight"": 1, ""n_estimators"": 250, ""subsample"": 1.0}",4,3085,0.7098865478119936,0.014366164329838053,8.885323549096275e+18,2192.578913547333,0.1609085116829314,43.83331684708823
stage2,4462,57,0.55,74772,24,"{""atr_period"": 7, ""horizon_h"": 6, ""ma_windows"": [8, 24, 96], ""mtf_intervals"": [""1d""], ""ret_windows"": [1, 2, 4, 8, 24], ""rsi_period"": 21, ""target_threshold"": 0.006, ""vol_windows"": [12, 48]}","{""colsample_bytree"": 0.7, ""gamma"": 0.2, ""learning_rate"": 0.07, ""max_depth"": 5, ""min_child_weight"": 1, ""n_estimators"": 250, ""subsample"": 1.0}",4,2663,0.7281261734885468,0.015396701892798457,3.37694894945116e+17,2192.578913547333,0.08263081178940734,40.62527835309621
stage2,4462,57,0.58,74772,24,"{""atr_period"": 7, ""horizon_h"": 6, ""ma_windows"": [8, 24, 96], ""mtf_intervals"": [""1d""], ""ret_windows"": [1, 2, 4, 8, 24], ""rsi_period"": 21, ""target_threshold"": 0.006, ""vol_windows"": [12, 48]}","{""colsample_bytree"": 0.7, ""gamma"": 0.2, ""learning_rate"": 0.07, ""max_depth"": 5, ""min_child_weight"": 1, ""n_estimators"": 250, ""subsample"": 1.0}",4,2298,0.7493472584856397,0.016470753215224117,1.4993751575139338e+16,2192.578913547333,0.06196472076412163,37.54667141969786
stage2,4462,57,0.6,74772,24,"{""atr_period"": 7, ""horizon_h"": 6, ""ma_windows"": [8, 24, 96], ""mtf_intervals"": [""1d""], ""ret_windows"": [1, 2, 4, 8, 24], ""rsi_period"": 21, ""target_threshold"": 0.006, ""vol_windows"": [12, 48]}","{""colsample_bytree"": 0.7, ""gamma"": 0.2, ""learning_rate"": 0.07, ""max_depth"": 5, ""min_child_weight"": 1, ""n_estimators"": 250, ""subsample"": 1.0}",4,2077,0.7631198844487241,0.01715384367991062,1668368780045116.5,2192.578913547333,0.061964720764121406,35.36736706218054
stage2,4462,57,0.62,74772,24,"{""atr_period"": 7, ""horizon_h"": 6, ""ma_windows"": [8, 24, 96], ""mtf_intervals"": [""1d""], ""ret_windows"": [1, 2, 4, 8, 24], ""rsi_period"": 21, ""target_threshold"": 0.006, ""vol_windows"": [12, 48]}","{""colsample_bytree"": 0.7, ""gamma"": 0.2, ""learning_rate"": 0.07, ""max_depth"": 5, ""min_child_weight"": 1, ""n_estimators"": 250, ""subsample"": 1.0}",4,1848,0.7808441558441559,0.0180375676664852,172863891129781.28,2192.578913547333,0.04861690659339857,33.12819305700628
stage2,4462,57,0.65,74772,24,"{""atr_period"": 7, ""horizon_h"": 6, ""ma_windows"": [8, 24, 96], ""mtf_intervals"": [""1d""], ""ret_windows"": [1, 2, 4, 8, 24], ""rsi_period"": 21, ""target_threshold"": 0.006, ""vol_windows"": [12, 48]}","{""colsample_bytree"": 0.7, ""gamma"": 0.2, ""learning_rate"": 0.07, ""max_depth"": 5, ""min_child_weight"": 1, ""n_estimators"": 250, ""subsample"": 1.0}",4,1562,0.7964148527528809,0.019245026404535896,6833546346574.757,2192.578913547333,0.04583266074799763,29.921040648653015
stage2,4462,61,0.52,74772,24,"{""atr_period"": 7, ""horizon_h"": 6, ""ma_windows"": [8, 24, 96], ""mtf_intervals"": [""1d""], ""ret_windows"": [1, 2, 4, 8, 24], ""rsi_period"": 21, ""target_threshold"": 0.006, ""vol_windows"": [12, 48]}","{""colsample_bytree"": 1.0, ""gamma"": 0.2, ""learning_rate"": 0.07, ""max_depth"": 5, ""min_child_weight"": 1, ""n_estimators"": 250, ""subsample"": 1.0}",4,3087,0.7110463232912213,0.014548419021476487,1.599160054316809e+19,2192.578913547333,0.11888176452959542,44.44437882077768
stage2,4462,61,0.55,74772,24,"{""atr_period"": 7, ""horizon_h"": 6, ""ma_windows"": [8, 24, 96], ""mtf_intervals"": [""1d""], ""ret_windows"": [1, 2, 4, 8, 24], ""rsi_period"": 21, ""target_threshold"": 0.006, ""vol_windows"": [12, 48]}","{""colsample_bytree"": 1.0, ""gamma"": 0.2, ""learning_rate"": 0.07, ""max_depth"": 5, ""min_child_weight"": 1, ""n_estimators"": 250, ""subsample"": 1.0}",4,2694,0.7312546399406088,0.01542493083684185,5.833412863075579e+17,2192.578913547333,0.09502760175667146,41.168438164506185
stage2,4462,61,0.58,74772,24,"{""atr_period"": 7, ""horizon_h"": 6, ""ma_windows"": [8, 24, 96], ""mtf_intervals"": [""1d""], ""ret_windows"": [1, 2, 4, 8, 24], ""rsi_period"": 21, ""target_threshold"": 0.006, ""vol_windows"": [12, 48]}","{""colsample_bytree"": 1.0, ""gamma"": 0.2, ""learning_rate"": 0.07, ""max_depth"": 5, ""min_child_weight"": 1, ""n_estimators"": 250, ""subsample"": 1.0}",4,2352,0.7517006802721088,0.01635968312335717,2.7855951755771652e+16,2192.578913547333,0.07221380759687857,38.161954151425974
stage2,4462,61,0.6,74772,24,"{""atr_period"": 7, ""horizon_h"": 6, ""ma_windows"": [8, 24, 96], ""mtf_intervals"": [""1d""], ""ret_windows"": [1, 2, 4, 8, 24], ""rsi_period"": 21, ""target_threshold"": 0.006, ""vol_windows"": [12, 48]}","{""colsample_bytree"": 1.0, ""gamma"": 0.2, ""learning_rate"": 0.07, ""max_depth"": 5, ""min_child_weight"": 1, ""n_estimators"": 250, ""subsample"": 1.0}",4,2140,0.7616822429906542,0.01699461095332956,3461720975425555.0,2192.578913547333,0.07221380759687857,36.08973803028426
stage2,4462,61,0.62,74772,24,"{""atr_period"": 7, ""horizon_h"": 6, ""ma_windows"": [8, 24, 96], ""mtf_intervals"": [""1d""], ""ret_windows"": [1, 2, 4, 8, 24], ""rsi_period"": 21, ""target_threshold"": 0.006, ""vol_windows"": [12, 48]}","{""colsample_bytree"": 1.0, ""gamma"": 0.2, ""learning_rate"": 0.07, ""max_depth"": 5, ""min_child_weight"": 1, ""n_estimators"": 250, ""subsample"": 1.0}",4,1934,0.7745604963805585,0.01781374787309483,522285694224456.2,2192.578913547333,0.05656824096317847,34.223110120644385
stage2,4462,61,0.65,74772,24,"{""atr_period"": 7, ""horizon_h"": 6, ""ma_windows"": [8, 24, 96], ""mtf_intervals"": [""1d""], ""ret_windows"": [1, 2, 4, 8, 24], ""rsi_period"": 21, ""target_threshold"": 0.006, ""vol_windows"": [12, 48]}","{""colsample_bytree"": 1.0, ""gamma"": 0.2, ""learning_rate"": 0.07, ""max_depth"": 5, ""min_child_weight"": 1, ""n_estimators"": 250, ""subsample"": 1.0}",4,1659,0.7908378541289933,0.019069868084328374,32270646567704.14,2192.578913547333,0.03765312371124008,31.47158182409934
stage2,4462,38,0.52,74772,24,"{""atr_period"": 7, ""horizon_h"": 6, ""ma_windows"": [8, 24, 96], ""mtf_intervals"": [""1d""], ""ret_windows"": [1, 2, 4, 8, 24], ""rsi_period"": 21, ""target_threshold"": 0.006, ""vol_windows"": [12, 48]}","{""colsample_bytree"": 1.0, ""gamma"": 0.0, ""learning_rate"": 0.03, ""max_depth"": 5, ""min_child_weight"": 5, ""n_estimators"": 250, ""subsample"": 0.7}",4,2861,0.7193289059769311,0.015096194127852418,2.9223575551231923e+18,2192.578913547333,0.089689322692876,42.77031036276501
stage2,4462,38,0.55,74772,24,"{""atr_period"": 7, ""horizon_h"": 6, ""ma_windows"": [8, 24, 96], ""mtf_intervals"": [""1d""], ""ret_windows"": [1, 2, 4, 8, 24], ""rsi_period"": 21, ""target_threshold"": 0.006, ""vol_windows"": [12, 48]}","{""colsample_bytree"": 1.0, ""gamma"": 0.0, ""learning_rate"": 0.03, ""max_depth"": 5, ""min_child_weight"": 5, ""n_estimators"": 250, ""subsample"": 0.7}",4,2463,0.7377182298010556,0.016179614573013444,1.0739056415238123e+17,2192.578913547333,0.08968932269287588,39.49001555515012
stage2,4462,38,0.58,74772,24,"{""atr_period"": 7, ""horizon_h"": 6, ""ma_windows"": [8, 24, 96], ""mtf_intervals"": [""1d""], ""ret_windows"": [1, 2, 4, 8, 24], ""rsi_period"": 21, ""target_threshold"": 0.006, ""vol_windows"": [12, 48]}","{""colsample_bytree"": 1.0, ""gamma"": 0.0, ""learning_rate"": 0.03, ""max_depth"": 5, ""min_child_weight"": 5, ""n_estimators"": 250, ""subsample"": 0.7}",4,2134,0.7525773195876289,0.017010491235322854,3227857507092234.5,2192.578913547333,0.07092643614738758,36.01327756903874
stage2,4462,38,0.6,74772,24,"{""atr_period"": 7, ""horizon_h"": 6, ""ma_windows"": [8, 24, 96], ""mtf_intervals"": [""1d""], ""ret_windows"": [1, 2, 4, 8, 24], ""rsi_period"": 21, ""target_threshold"": 0.006, ""vol_windows"": [12, 48]}","{""colsample_bytree"": 1.0, ""gamma"": 0.0, ""learning_rate"": 0.03, ""max_depth"": 5, ""min_child_weight"": 5, ""n_estimators"": 250, ""subsample"": 0.7}",4,1902,0.7739221871713985,0.017832152740353713,307394526840457.5,2192.578913547333,0.07092643614738758,33.68548489577783
stage2,4462,38,0.62,74772,24,"{""atr_period"": 7, ""horizon_h"": 6, ""ma_windows"": [8, 24, 96], ""mtf_intervals"": [""1d""], ""ret_windows"": [1, 2, 4, 8, 24], ""rsi_period"": 21, ""target_threshold"": 0.006, ""vol_windows"": [12, 48]}","{""colsample_bytree"": 1.0, ""gamma"": 0.0, ""learning_rate"": 0.03, ""max_depth"": 5, ""min_child_weight"": 5, ""n_estimators"": 250, ""subsample"": 0.7}",4,1673,0.7943813508667065,0.018778145979790824,26154574509525.594,2192.578913547333,0.056413655122985684,31.252568645553268
stage2,4462,38,0.65,74772,24,"{""atr_period"": 7, ""horizon_h"": 6, ""ma_windows"": [8, 24, 96], ""mtf_intervals"": [""1d""], ""ret_windows"": [1, 2, 4, 8, 24], ""rsi_period"": 21, ""target_threshold"": 0.006, ""vol_windows"": [12, 48]}","{""colsample_bytree"": 1.0, ""gamma"": 0.0, ""learning_rate"": 0.03, ""max_depth"": 5, ""min_child_weight"": 5, ""n_estimators"": 250, ""subsample"": 0.7}",4,1397,0.8210450966356478,0.02034935765106688,1365810403273.0486,2192.578913547333,0.036437420770338846,28.344181298557565
stage2,4462,36,0.52,74772,24,"{""atr_period"": 7, ""horizon_h"": 6, ""ma_windows"": [8, 24, 96], ""mtf_intervals"": [""1d""], ""ret_windows"": [1, 2, 4, 8, 24], ""rsi_period"": 21, ""target_threshold"": 0.006, ""vol_windows"": [12, 48]}","{""colsample_bytree"": 1.0, ""gamma"": 0.0, ""learning_rate"": 0.03, ""max_depth"": 5, ""min_child_weight"": 1, ""n_estimators"": 250, ""subsample"": 0.7}",4,2855,0.7148861646234675,0.015038072797403414,2.2533461714200753e+18,2192.578913547333,0.11744206402674351,42.492440454703754
stage2,4462,36,0.55,74772,24,"{""atr_period"": 7, ""horizon_h"": 6, ""ma_windows"": [8, 24, 96], ""mtf_intervals"": [""1d""], ""ret_windows"": [1, 2, 4, 8, 24], ""rsi_period"": 21, ""target_threshold"": 0.006, ""vol_windows"": [12, 48]}","{""colsample_bytree"": 1.0, ""gamma"": 0.0, ""learning_rate"": 0.03, ""max_depth"": 5, ""min_child_weight"": 1, ""n_estimators"": 250, ""subsample"": 0.7}",4,2469,0.7359254759011745,0.01605081195118021,8.66125879718093e+16,2192.578913547333,0.0709264361473877,39.2819052158145
stage2,4462,36,0.58,74772,24,"{""atr_period"": 7, ""horizon_h"": 6, ""ma_windows"": [8, 24, 96], ""mtf_intervals"": [""1d""], ""ret_windows"": [1, 2, 4, 8, 24], ""rsi_period"": 21, ""target_threshold"": 0.006, ""vol_windows"": [12, 48]}","{""colsample_bytree"": 1.0, ""gamma"": 0.0, ""learning_rate"": 0.03, ""max_depth"": 5, ""min_child_weight"": 1, ""n_estimators"": 250, ""subsample"": 0.7}",4,2123,0.7555346208195949,0.017042938184607392,2868724640578436.5,2192.578913547333,0.07092643614738758,35.89795193387166
stage2,4462,36,0.6,74772,24,"{""atr_period"": 7, ""horizon_h"": 6, ""ma_windows"": [8, 24, 96], ""mtf_intervals"": [""1d""], ""ret_windows"": [1, 2, 4, 8, 24], ""rsi_period"": 21, ""target_threshold"": 0.006, ""vol_windows"": [12, 48]}","{""colsample_bytree"": 1.0, ""gamma"": 0.0, ""learning_rate"": 0.03, ""max_depth"": 5, ""min_child_weight"": 1, ""n_estimators"": 250, ""subsample"": 0.7}",4,1899,0.7677725118483413,0.017669073267269273,214811699799918.0,2192.578913547333,0.0709264361473877,33.320890322965305
stage2,4462,36,0.62,74772,24,"{""atr_period"": 7, ""horizon_h"": 6, ""ma_windows"": [8, 24, 96], ""mtf_intervals"": [""1d""], ""ret_windows"": [1, 2, 4, 8, 24], ""rsi_period"": 21, ""target_threshold"": 0.006, ""vol_windows"": [12, 48]}","{""colsample_bytree"": 1.0, ""gamma"": 0.0, ""learning_rate"": 0.03, ""max_depth"": 5, ""min_child_weight"": 1, ""n_estimators"": 250, ""subsample"": 0.7}",4,1696,0.7865566037735849,0.018760338022997817,38790506713091.016,2192.578913547333,0.04583266074799752,31.645608317106454
stage2,4462,36,0.65,74772,24,"{""atr_period"": 7, ""horizon_h"": 6, ""ma_windows"": [8, 24, 96], ""mtf_intervals"": [""1d""], ""ret_windows"": [1, 2, 4, 8, 24], ""rsi_period"": 21, ""target_threshold"": 0.006, ""vol_windows"": [12, 48]}","{""colsample_bytree"": 1.0, ""gamma"": 0.0, ""learning_rate"": 0.03, ""max_depth"": 5, ""min_child_weight"": 1, ""n_estimators"": 250, ""subsample"": 0.7}",4,1413,0.8167020523708421,0.020196736432818573,1521478892424.6643,2192.578913547333,0.039340499131906626,28.445969217108093
stage2,4462,32,0.52,74772,24,"{""atr_period"": 7, ""horizon_h"": 6, ""ma_windows"": [8, 24, 96], ""mtf_intervals"": [""1d""], ""ret_windows"": [1, 2, 4, 8, 24], ""rsi_period"": 21, ""target_threshold"": 0.006, ""vol_windows"": [12, 48]}","{""colsample_bytree"": 0.7, ""gamma"": 0.0, ""learning_rate"": 0.03, ""max_depth"": 5, ""min_child_weight"": 1, ""n_estimators"": 250, ""subsample"": 0.7}",4,2779,0.7146455559553796,0.015120559167452603,9.126120833170995e+17,2192.578913547333,0.1298266129012534,41.582854915509955
stage2,4462,32,0.55,74772,24,"{""atr_period"": 7, ""horizon_h"": 6, ""ma_windows"": [8, 24, 96], ""mtf_intervals"": [""1d""], ""ret_windows"": [1, 2, 4, 8, 24], ""rsi_period"": 21, ""target_threshold"": 0.006, ""vol_windows"": [12, 48]}","{""colsample_bytree"": 0.7, ""gamma"": 0.0, ""learning_rate"": 0.03, ""max_depth"": 5, ""min_child_weight"": 1, ""n_estimators"": 250, ""subsample"": 0.7}",4,2398,0.7410341951626356,0.01627633679325284,4.765906738771441e+16,2192.578913547333,0.1298266129012533,38.66097404238584
stage2,4462,32,0.58,74772,24,"{""atr_period"": 7, ""horizon_h"": 6, ""ma_windows"": [8, 24, 96], ""mtf_intervals"": [""1d""], ""ret_windows"": [1, 2, 4, 8, 24], ""rsi_period"": 21, ""target_threshold"": 0.006, ""vol_windows"": [12, 48]}","{""colsample_bytree"": 0.7, ""gamma"": 0.0, ""learning_rate"": 0.03, ""max_depth"": 5, ""min_child_weight"": 1, ""n_estimators"": 250, ""subsample"": 0.7}",4,2055,0.7566909975669099,0.017274855787725276,1456351593792109.0,2192.578913547333,0.10246331362828764,35.20703078232776
stage2,4462,32,0.6,74772,24,"{""atr_period"": 7, ""horizon_h"": 6, ""ma_windows"": [8, 24, 96], ""mtf_intervals"": [""1d""], ""ret_windows"": [1, 2, 4, 8, 24], ""rsi_period"": 21, ""target_threshold"": 0.006, ""vol_windows"": [12, 48]}","{""colsample_bytree"": 0.7, ""gamma"": 0.0, ""learning_rate"": 0.03, ""max_depth"": 5, ""min_child_weight"": 1, ""n_estimators"": 250, ""subsample"": 0.7}",4,1810,0.7734806629834254,0.0181435863144364,105519315297050.14,2192.578913547333,0.0650782298642072,32.62130924144144
stage2,4462,32,0.62,74772,24,"{""atr_period"": 7, ""horizon_h"": 6, ""ma_windows"": [8, 24, 96], ""mtf_intervals"": [""1d""], ""ret_windows"": [1, 2, 4, 8, 24], ""rsi_period"": 21, ""target_threshold"": 0.006, ""vol_windows"": [12, 48]}","{""colsample_bytree"": 0.7, ""gamma"": 0.0, ""learning_rate"": 0.03, ""max_depth"": 5, ""min_child_weight"": 1, ""n_estimators"": 250, ""subsample"": 0.7}",4,1615,0.7975232198142415,0.019240945681983417,18506783864966.254,2192.578913547333,0.06507822986420708,30.908565502575236
stage2,4462,32,0.65,74772,24,"{""atr_period"": 7, ""horizon_h"": 6, ""ma_windows"": [8, 24, 96], ""mtf_intervals"": [""1d""], ""ret_windows"": [1, 2, 4, 8, 24], ""rsi_period"": 21, ""target_threshold"": 0.006, ""vol_windows"": [12, 48]}","{""colsample_bytree"": 0.7, ""gamma"": 0.0, ""learning_rate"": 0.03, ""max_depth"": 5, ""min_child_weight"": 1, ""n_estimators"": 250, ""subsample"": 0.7}",4,1315,0.8174904942965779,0.02059210432807898,359039367267.23785,2192.578913547333,0.0650782298642073,26.992887992678476
stage2,4462,42,0.52,74772,24,"{""atr_period"": 7, ""horizon_h"": 6, ""ma_windows"": [8, 24, 96], ""mtf_intervals"": [""1d""], ""ret_windows"": [1, 2, 4, 8, 24], ""rsi_period"": 21, ""target_threshold"": 0.006, ""vol_windows"": [12, 48]}","{""colsample_bytree"": 0.7, ""gamma"": 0.0, ""learning_rate"": 0.03, ""max_depth"": 5, ""min_child_weight"": 5, ""n_estimators"": 250, ""subsample"": 1.0}",4,2760,0.7192028985507246,0.015152535128912674,7.551841663137385e+17,2192.578913547333,0.1033244402170046,41.410658423069634
stage2,4462,42,0.55,74772,24,"{""atr_period"": 7, ""horizon_h"": 6, ""ma_windows"": [8, 24, 96], ""mtf_intervals"": [""1d""], ""ret_windows"": [1, 2, 4, 8, 24], ""rsi_period"": 21, ""target_threshold"": 0.006, ""vol_windows"": [12, 48]}","{""colsample_bytree"": 0.7, ""gamma"": 0.0, ""learning_rate"": 0.03, ""max_depth"": 5, ""min_child_weight"": 5, ""n_estimators"": 250, ""subsample"": 1.0}",4,2359,0.7342094107672743,0.016134310160739518,1.8327962101088084e+16,2192.578913547333,0.09056270507392472,37.718364929607596
stage2,4462,42,0.58,74772,24,"{""atr_period"": 7, ""horizon_h"": 6, ""ma_windows"": [8, 24, 96], ""mtf_intervals"": [""1d""], ""ret_windows"": [1, 2, 4, 8, 24], ""rsi_period"": 21, ""target_threshold"": 0.006, ""vol_windows"": [12, 48]}","{""colsample_bytree"": 0.7, ""gamma"": 0.0, ""learning_rate"": 0.03, ""max_depth"": 5, ""min_child_weight"": 5, ""n_estimators"": 250, ""subsample"": 1.0}",4,1985,0.7576826196473552,0.017403353461448858,568562950477680.8,2192.578913547333,0.0650782298642072,34.286966962297754
stage2,4462,42,0.6,74772,24,"{""atr_period"": 7, ""horizon_h"": 6, ""ma_windows"": [8, 24, 96], ""mtf_intervals"": [""1d""], ""ret_windows"": [1, 2, 4, 8, 24], ""rsi_period"": 21, ""target_threshold"": 0.006, ""vol_windows"": [12, 48]}","{""colsample_bytree"": 0.7, ""gamma"": 0.0, ""learning_rate"": 0.03, ""max_depth"": 5, ""min_child_weight"": 5, ""n_estimators"": 250, ""subsample"": 1.0}",4,1772,0.7765237020316027,0.01828306574181375,68392910215019.87,2192.578913547333,0.0650782298642073,32.191234655985326
stage2,4462,42,0.62,74772,24,"{""atr_period"": 7, ""horizon_h"": 6, ""ma_windows"": [8, 24, 96], ""mtf_intervals"": [""1d""], ""ret_windows"": [1, 2, 4, 8, 24], ""rsi_period"": 21, ""target_threshold"": 0.006, ""vol_windows"": [12, 48]}","{""colsample_bytree"": 0.7, ""gamma"": 0.0, ""learning_rate"": 0.03, ""max_depth"": 5, ""min_child_weight"": 5, ""n_estimators"": 250, ""subsample"": 1.0}",4,1578,0.7902408111533586,0.019132246656453123,7737498278522.294,2192.578913547333,0.06507822986420742,30.029811038696444
stage2,4462,42,0.65,74772,24,"{""atr_period"": 7, ""horizon_h"": 6, ""ma_windows"": [8, 24, 96], ""mtf_intervals"": [""1d""], ""ret_windows"": [1, 2, 4, 8, 24], ""rsi_period"": 21, ""target_threshold"": 0.006, ""vol_windows"": [12, 48]}","{""colsample_bytree"": 0.7, ""gamma"": 0.0, ""learning_rate"": 0.03, ""max_depth"": 5, ""min_child_weight"": 5, ""n_estimators"": 250, ""subsample"": 1.0}",4,1298,0.810477657935285,0.02053929445826365,237554240923.23602,2192.578913547333,0.0650782298642072,26.573819184262632
stage2,4462,44,0.52,74772,24,"{""atr_period"": 7, ""horizon_h"": 6, ""ma_windows"": [8, 24, 96], ""mtf_intervals"": [""1d""], ""ret_windows"": [1, 2, 4, 8, 24], ""rsi_period"": 21, ""target_threshold"": 0.006, ""vol_windows"": [12, 48]}","{""colsample_bytree"": 1.0, ""gamma"": 0.0, ""learning_rate"": 0.03, ""max_depth"": 5, ""min_child_weight"": 1, ""n_estimators"": 250, ""subsample"": 1.0}",4,2829,0.7136797454931071,0.014905196672980948,1.0601762477004032e+18,2192.578913547333,0.11744206402674351,41.73643117737567
stage2,4462,44,0.55,74772,24,"{""atr_period"": 7, ""horizon_h"": 6, ""ma_windows"": [8, 24, 96], ""mtf_intervals"": [""1d""], ""ret_windows"": [1, 2, 4, 8, 24], ""rsi_period"": 21, ""target_threshold"": 0.006, ""vol_windows"": [12, 48]}","{""colsample_bytree"": 1.0, ""gamma"": 0.0, ""learning_rate"": 0.03, ""max_depth"": 5, ""min_child_weight"": 1, ""n_estimators"": 250, ""subsample"": 1.0}",4,2426,0.7328936521022259,0.016045179984947415,4.314539762535531e+16,2192.578913547333,0.07221380759687857,38.581921604615395
stage2,4462,44,0.58,74772,24,"{""atr_period"": 7, ""horizon_h"": 6, ""ma_windows"": [8, 24, 96], ""mtf_intervals"": [""1d""], ""ret_windows"": [1, 2, 4, 8, 24], ""rsi_period"": 21, ""target_threshold"": 0.006, ""vol_windows"": [12, 48]}","{""colsample_bytree"": 1.0, ""gamma"": 0.0, ""learning_rate"": 0.03, ""max_depth"": 5, ""min_child_weight"": 1, ""n_estimators"": 250, ""subsample"": 1.0}",4,2095,0.7513126491646778,0.017016356092962457,1696790559546568.2,2192.578913547333,0.07092643614738747,35.36923270548458
stage2,4462,44,0.6,74772,24,"{""atr_period"": 7, ""horizon_h"": 6, ""ma_windows"": [8, 24, 96], ""mtf_intervals"": [""1d""], ""ret_windows"": [1, 2, 4, 8, 24], ""rsi_period"": 21, ""target_threshold"": 0.006, ""vol_windows"": [12, 48]}","{""colsample_bytree"": 1.0, ""gamma"": 0.0, ""learning_rate"": 0.03, ""max_depth"": 5, ""min_child_weight"": 1, ""n_estimators"": 250, ""subsample"": 1.0}",4,1874,0.7657417289220918,0.017762051466815705,164467924215690.53,2192.578913547333,0.0709264361473877,33.05296325434927
stage2,4462,44,0.62,74772,24,"{""atr_period"": 7, ""horizon_h"": 6, ""ma_windows"": [8, 24, 96], ""mtf_intervals"": [""1d""], ""ret_windows"": [1, 2, 4, 8, 24], ""rsi_period"": 21, ""target_threshold"": 0.006, ""vol_windows"": [12, 48]}","{""colsample_bytree"": 1.0, ""gamma"": 0.0, ""learning_rate"": 0.03, ""max_depth"": 5, ""min_child_weight"": 1, ""n_estimators"": 250, ""subsample"": 1.0}",4,1660,0.7801204819277109,0.018736893584738543,19019003797282.633,2192.578913547333,0.07092643614738758,30.91498811123176
stage2,4462,44,0.65,74772,24,"{""atr_period"": 7, ""horizon_h"": 6, ""ma_windows"": [8, 24, 96], ""mtf_intervals"": [""1d""], ""ret_windows"": [1, 2, 4, 8, 24], ""rsi_period"": 21, ""target_threshold"": 0.006, ""vol_windows"": [12, 48]}","{""colsample_bytree"": 1.0, ""gamma"": 0.0, ""learning_rate"": 0.03, ""max_depth"": 5, ""min_child_weight"": 1, ""n_estimators"": 250, ""subsample"": 1.0}",4,1389,0.8063354931605472,0.020097614334043588,821852781124.0177,2192.578913547333,0.04917352960036714,27.816089661973887
stage2,4462,23,0.52,74772,24,"{""atr_period"": 7, ""horizon_h"": 6, ""ma_windows"": [8, 24, 96], ""mtf_intervals"": [""1d""], ""ret_windows"": [1, 2, 4, 8, 24], ""rsi_period"": 21, ""target_threshold"": 0.006, ""vol_windows"": [12, 48]}","{""colsample_bytree"": 1.0, ""gamma"": 0.2, ""learning_rate"": 0.07, ""max_depth"": 3, ""min_child_weight"": 5, ""n_estimators"": 250, ""subsample"": 0.7}",4,2680,0.7082089552238806,0.015008680181397444,1.5473492729226906e+17,2192.578913547333,0.1033244402170046,39.815464286880385
stage2,4462,23,0.55,74772,24,"{""atr_period"": 7, ""horizon_h"": 6, ""ma_windows"": [8, 24, 96], ""mtf_intervals"": [""1d""], ""ret_windows"": [1, 2, 4, 8, 24], ""rsi_period"": 21, ""target_threshold"": 0.006, ""vol_windows"": [12, 48]}","{""colsample_bytree"": 1.0, ""gamma"": 0.2, ""learning_rate"": 0.07, ""max_depth"": 3, ""min_child_weight"": 5, ""n_estimators"": 250, ""subsample"": 0.7}",4,2283,0.7249233464739377,0.016079512234339285,4805747873075102.0,2192.578913547333,0.1033244402170046,36.365501624927596
stage2,4462,23,0.58,74772,24,"{""atr_period"": 7, ""horizon_h"": 6, ""ma_windows"": [8, 24, 96], ""mtf_intervals"": [""1d""], ""ret_windows"": [1, 2, 4, 8, 24], ""rsi_period"": 21, ""target_threshold"": 0.006, ""vol_windows"": [12, 48]}","{""colsample_bytree"": 1.0, ""gamma"": 0.2, ""learning_rate"": 0.07, ""max_depth"": 3, ""min_child_weight"": 5, ""n_estimators"": 250, ""subsample"": 0.7}",4,1921,0.7423217074440396,0.017220378880386564,133659787015985.19,2192.578913547333,0.07092643614738758,32.822475963458736
stage2,4462,23,0.6,74772,24,"{""atr_period"": 7, ""horizon_h"": 6, ""ma_windows"": [8, 24, 96], ""mtf_intervals"": [""1d""], ""ret_windows"": [1, 2, 4, 8, 24], ""rsi_period"": 21, ""target_threshold"": 0.006, ""vol_windows"": [12, 48]}","{""colsample_bytree"": 1.0, ""gamma"": 0.2, ""learning_rate"": 0.07, ""max_depth"": 3, ""min_child_weight"": 5, ""n_estimators"": 250, ""subsample"": 0.7}",4,1712,0.7575934579439252,0.01809368209079831,16712869063866.555,2192.578913547333,0.07092643614738747,30.762561146224073
stage2,4462,23,0.62,74772,24,"{""atr_period"": 7, ""horizon_h"": 6, ""ma_windows"": [8, 24, 96], ""mtf_intervals"": [""1d""], ""ret_windows"": [1, 2, 4, 8, 24], ""rsi_period"": 21, ""target_threshold"": 0.006, ""vol_windows"": [12, 48]}","{""colsample_bytree"": 1.0, ""gamma"": 0.2, ""learning_rate"": 0.07, ""max_depth"": 3, ""min_child_weight"": 5, ""n_estimators"": 250, ""subsample"": 0.7}",4,1518,0.7687747035573123,0.01901017695675954,2064437766451.3005,2192.578913547333,0.05046101366996214,28.69774970887249
stage2,4462,23,0.65,74772,24,"{""atr_period"": 7, ""horizon_h"": 6, ""ma_windows"": [8, 24, 96], ""mtf_intervals"": [""1d""], ""ret_windows"": [1, 2, 4, 8, 24], ""rsi_period"": 21, ""target_threshold"": 0.006, ""vol_windows"": [12, 48]}","{""colsample_bytree"": 1.0, ""gamma"": 0.2, ""learning_rate"": 0.07, ""max_depth"": 3, ""min_child_weight"": 5, ""n_estimators"": 250, ""subsample"": 0.7}",4,1240,0.7887096774193548,0.02035514360831492,58487914017.11953,2192.578913547333,0.036437420770338735,25.167676152258792
stage2,6658,51,0.52,74933,24,"{""atr_period"": 14, ""horizon_h"": 6, ""ma_windows"": [6, 18, 72], ""mtf_intervals"": [""1d""], ""ret_windows"": [1, 6, 12, 24, 48], ""rsi_period"": 14, ""target_threshold"": 0.006, ""vol_windows"": [24, 72]}","{""colsample_bytree"": 0.7, ""gamma"": 0.2, ""learning_rate"": 0.07, ""max_depth"": 5, ""min_child_weight"": 5, ""n_estimators"": 250, ""subsample"": 0.7}",4,3097,0.703584113658379,0.014363400654440273,1.05049483316718e+19,2374.4351995711604,0.1174420640267434,44.017431553875504
stage2,6658,51,0.55,74933,24,"{""atr_period"": 14, ""horizon_h"": 6, ""ma_windows"": [6, 18, 72], ""mtf_intervals"": [""1d""], ""ret_windows"": [1, 6, 12, 24, 48], ""rsi_period"": 14, ""target_threshold"": 0.006, ""vol_windows"": [24, 72]}","{""colsample_bytree"": 0.7, ""gamma"": 0.2, ""learning_rate"": 0.07, ""max_depth"": 5, ""min_child_weight"": 5, ""n_estimators"": 250, ""subsample"": 0.7}",4,2664,0.7308558558558559,0.015481996236035304,4.2856696827422886e+17,2374.4351995711604,0.11744206402674351,40.84904302865092
stage2,6658,51,0.58,74933,24,"{""atr_period"": 14, ""horizon_h"": 6, ""ma_windows"": [6, 18, 72], ""mtf_intervals"": [""1d""], ""ret_windows"": [1, 6, 12, 24, 48], ""rsi_period"": 14, ""target_threshold"": 0.006, ""vol_windows"": [24, 72]}","{""colsample_bytree"": 0.7, ""gamma"": 0.2, ""learning_rate"": 0.07, ""max_depth"": 5, ""min_child_weight"": 5, ""n_estimators"": 250, ""subsample"": 0.7}",4,2314,0.7528089887640449,0.016474813527263283,1.9599397895135984e+16,2374.4351995711604,0.11744206402674351,37.78959990825535
stage2,6658,51,0.6,74933,24,"{""atr_period"": 14, ""horizon_h"": 6, ""ma_windows"": [6, 18, 72], ""mtf_intervals"": [""1d""], ""ret_windows"": [1, 6, 12, 24, 48], ""rsi_period"": 14, ""target_threshold"": 0.006, ""vol_windows"": [24, 72]}","{""colsample_bytree"": 0.7, ""gamma"": 0.2, ""learning_rate"": 0.07, ""max_depth"": 5, ""min_child_weight"": 5, ""n_estimators"": 250, ""subsample"": 0.7}",4,2096,0.7638358778625954,0.017076516050804548,1961198871409892.0,2374.4351995711604,0.09056270507392461,35.514731828406056
stage2,6658,51,0.62,74933,24,"{""atr_period"": 14, ""horizon_h"": 6, ""ma_windows"": [6, 18, 72], ""mtf_intervals"": [""1d""], ""ret_windows"": [1, 6, 12, 24, 48], ""rsi_period"": 14, ""target_threshold"": 0.006, ""vol_windows"": [24, 72]}","{""colsample_bytree"": 0.7, ""gamma"": 0.2, ""learning_rate"": 0.07, ""max_depth"": 5, ""min_child_weight"": 5, ""n_estimators"": 250, ""subsample"": 0.7}",4,1890,0.7756613756613756,0.01785433203383332,259289550023721.75,2374.4351995711604,0.09056270507392483,33.50704891120549
stage2,6658,51,0.65,74933,24,"{""atr_period"": 14, ""horizon_h"": 6, ""ma_windows"": [6, 18, 72], ""mtf_intervals"": [""1d""], ""ret_windows"": [1, 6, 12, 24, 48], ""rsi_period"": 14, ""target_threshold"": 0.006, ""vol_windows"": [24, 72]}","{""colsample_bytree"": 0.7, ""gamma"": 0.2, ""learning_rate"": 0.07, ""max_depth"": 5, ""min_child_weight"": 5, ""n_estimators"": 250, ""subsample"": 0.7}",4,1593,0.7953546767106089,0.01909156307826032,9674237704145.096,2374.4351995711604,0.08404337885317814,30.247482118039017
stage2,6658,58,0.52,74933,24,"{""atr_period"": 14, ""horizon_h"": 6, ""ma_windows"": [6, 18, 72], ""mtf_intervals"": [""1d""], ""ret_windows"": [1, 6, 12, 24, 48], ""rsi_period"": 14, ""target_threshold"": 0.006, ""vol_windows"": [24, 72]}","{""colsample_bytree"": 0.7, ""gamma"": 0.0, ""learning_rate"": 0.07, ""max_depth"": 5, ""min_child_weight"": 5, ""n_estimators"": 250, ""subsample"": 1.0}",4,3076,0.7113133940182055,0.014610244922555075,1.6314948030595035e+19,2374.4351995711604,0.1609085116829314,44.44409183731085
stage2,6658,58,0.55,74933,24,"{""atr_period"": 14, ""horizon_h"": 6, ""ma_windows"": [6, 18, 72], ""mtf_intervals"": [""1d""], ""ret_windows"": [1, 6, 12, 24, 48], ""rsi_period"": 14, ""target_threshold"": 0.006, ""vol_windows"": [24, 72]}","{""colsample_bytree"": 0.7, ""gamma"": 0.0, ""learning_rate"": 0.07, ""max_depth"": 5, ""min_child_weight"": 5, ""n_estimators"": 250, ""subsample"": 1.0}",4,2651,0.7291588079969823,0.015622882469394816,4.992694592523764e+17,2374.4351995711604,0.13803269267428397,40.99121610323284
stage2,6658,58,0.58,74933,24,"{""atr_period"": 14, ""horizon_h"": 6, ""ma_windows"": [6, 18, 72], ""mtf_intervals"": [""1d""], ""ret_windows"": [1, 6, 12, 24, 48], ""rsi_period"": 14, ""target_threshold"": 0.006, ""vol_windows"": [24, 72]}","{""colsample_bytree"": 0.7, ""gamma"": 0.0, ""learning_rate"": 0.07, ""max_depth"": 5, ""min_child_weight"": 5, ""n_estimators"": 250, ""subsample"": 1.0}",4,2298,0.7467362924281984,0.016462552414835428,1.4602853801203424e+16,2374.4351995711604,0.11744206402674351,37.49036179160773
stage2,6658,58,0.6,74933,24,"{""atr_period"": 14, ""horizon_h"": 6, ""ma_windows"": [6, 18, 72], ""mtf_intervals"": [""1d""], ""ret_windows"": [1, 6, 12, 24, 48], ""rsi_period"": 14, ""target_threshold"": 0.006, ""vol_windows"": [24, 72]}","{""colsample_bytree"": 0.7, ""gamma"": 0.0, ""learning_rate"": 0.07, ""max_depth"": 5, ""min_child_weight"": 5, ""n_estimators"": 250, ""subsample"": 1.0}",4,2095,0.7570405727923628,0.017101026359627493,2008695444106160.8,2374.4351995711604,0.11744206402674351,35.51998151058325
stage2,6658,58,0.62,74933,24,"{""atr_period"": 14, ""horizon_h"": 6, ""ma_windows"": [6, 18, 72], ""mtf_intervals"": [""1d""], ""ret_windows"": [1, 6, 12, 24, 48], ""rsi_period"": 14, ""target_threshold"": 0.006, ""vol_windows"": [24, 72]}","{""colsample_bytree"": 0.7, ""gamma"": 0.0, ""learning_rate"": 0.07, ""max_depth"": 5, ""min_child_weight"": 5, ""n_estimators"": 250, ""subsample"": 1.0}",4,1883,0.7673924588422729,0.017844871654121183,223048734157698.25,2374.4351995711604,0.11744206402674351,33.336363310629714
stage2,6658,58,0.65,74933,24,"{""atr_period"": 14, ""horizon_h"": 6, ""ma_windows"": [6, 18, 72], ""mtf_intervals"": [""1d""], ""ret_windows"": [1, 6, 12, 24, 48], ""rsi_period"": 14, ""target_threshold"": 0.006, ""vol_windows"": [24, 72]}","{""colsample_bytree"": 0.7, ""gamma"": 0.0, ""learning_rate"": 0.07, ""max_depth"": 5, ""min_child_weight"": 5, ""n_estimators"": 250, ""subsample"": 1.0}",4,1592,0.7908291457286433,0.01906438823906552,9024513661084.861,2374.4351995711604,0.0650782298642073,30.183605038290384
stage2,6658,50,0.52,74933,24,"{""atr_period"": 14, ""horizon_h"": 6, ""ma_windows"": [6, 18, 72], ""mtf_intervals"": [""1d""], ""ret_windows"": [1, 6, 12, 24, 48], ""rsi_period"": 14, ""target_threshold"": 0.006, ""vol_windows"": [24, 72]}","{""colsample_bytree"": 0.7, ""gamma"": 0.0, ""learning_rate"": 0.07, ""max_depth"": 5, ""min_child_weight"": 5, ""n_estimators"": 250, ""subsample"": 0.7}",4,3097,0.7090732967387795,0.014462487516178558,1.4201265339090336e+19,2374.4351995711604,0.13803269267428397,44.31380493410007
stage2,6658,50,0.55,74933,24,"{""atr_period"": 14, ""horizon_h"": 6, ""ma_windows"": [6, 18, 72], ""mtf_intervals"": [""1d""], ""ret_windows"": [1, 6, 12, 24, 48], ""rsi_period"": 14, ""target_threshold"": 0.006, ""vol_windows"": [24, 72]}","{""colsample_bytree"": 0.7, ""gamma"": 0.0, ""learning_rate"": 0.07, ""max_depth"": 5, ""min_child_weight"": 5, ""n_estimators"": 250, ""subsample"": 0.7}",4,2675,0.7319626168224299,0.01544590572402846,4.578490563622694e+17,2374.4351995711604,0.13803269267428409,40.90543694635594
stage2,6658,50,0.58,74933,24,"{""atr_period"": 14, ""horizon_h"": 6, ""ma_windows"": [6, 18, 72], ""mtf_intervals"": [""1d""], ""ret_windows"": [1, 6, 12, 24, 48], ""rsi_period"": 14, ""target_threshold"": 0.006, ""vol_windows"": [24, 72]}","{""colsample_bytree"": 0.7, ""gamma"": 0.0, ""learning_rate"": 0.07, ""max_depth"": 5, ""min_child_weight"": 5, ""n_estimators"": 250, ""subsample"": 0.7}",4,2294,0.7589363557105493,0.01659518877157387,1.8632034009543468e+16,2374.4351995711604,0.09056270507392472,37.75828799502486
stage2,6658,50,0.6,74933,24,"{""atr_period"": 14, ""horizon_h"": 6, ""ma_windows"": [6, 18, 72], ""mtf_intervals"": [""1d""], ""ret_windows"": [1, 6, 12, 24, 48], ""rsi_period"": 14, ""target_threshold"": 0.006, ""vol_windows"": [24, 72]}","{""colsample_bytree"": 0.7, ""gamma"": 0.0, ""learning_rate"": 0.07, ""max_depth"": 5, ""min_child_weight"": 5, ""n_estimators"": 250, ""subsample"": 0.7}",4,2100,0.7671428571428571,0.017042687003693387,1962521705938290.2,2374.4351995711604,0.09056270507392483,35.51778105508154
stage2,6658,50,0.62,74933,24,"{""atr_period"": 14, ""horizon_h"": 6, ""ma_windows"": [6, 18, 72], ""mtf_intervals"": [""1d""], ""ret_windows"": [1, 6, 12, 24, 48], ""rsi_period"": 14, ""target_threshold"": 0.006, ""vol_windows"": [24, 72]}","{""colsample_bytree"": 0.7, ""gamma"": 0.0, ""learning_rate"": 0.07, ""max_depth"": 5, ""min_child_weight"": 5, ""n_estimators"": 250, ""subsample"": 0.7}",4,1887,0.7779544250132485,0.017786283103162038,216990400946596.66,2374.4351995711604,0.08404337885317825,33.33350634863076
stage2,6658,50,0.65,74933,24,"{""atr_period"": 14, ""horizon_h"": 6, ""ma_windows"": [6, 18, 72], ""mtf_intervals"": [""1d""], ""ret_windows"": [1, 6, 12, 24, 48], ""rsi_period"": 14, ""target_threshold"": 0.006, ""vol_windows"": [24, 72]}","{""colsample_bytree"": 0.7, ""gamma"": 0.0, ""learning_rate"": 0.07, ""max_depth"": 5, ""min_child_weight"": 5, ""n_estimators"": 250, ""subsample"": 0.7}",4,1588,0.7947103274559194,0.01896372217069061,7216515541912.523,2374.4351995711604,0.08404337885317825,29.952849690318864
stage2,6658,48,0.52,74933,24,"{""atr_period"": 14, ""horizon_h"": 6, ""ma_windows"": [6, 18, 72], ""mtf_intervals"": [""1d""], ""ret_windows"": [1, 6, 12, 24, 48], ""rsi_period"": 14, ""target_threshold"": 0.006, ""vol_windows"": [24, 72]}","{""colsample_bytree"": 0.7, ""gamma"": 0.0, ""learning_rate"": 0.07, ""max_depth"": 5, ""min_child_weight"": 1, ""n_estimators"": 250, ""subsample"": 0.7}",4,3097,0.7077817242492734,0.014516709426533759,1.6903212831164778e+19,2374.4351995711604,0.1174420640267434,44.49767340890481
stage2,6658,48,0.55,74933,24,"{""atr_period"": 14, ""horizon_h"": 6, ""ma_windows"": [6, 18, 72], ""mtf_intervals"": [""1d""], ""ret_windows"": [1, 6, 12, 24, 48], ""rsi_period"": 14, ""target_threshold"": 0.006, ""vol_windows"": [24, 72]}","{""colsample_bytree"": 0.7, ""gamma"": 0.0, ""learning_rate"": 0.07, ""max_depth"": 5, ""min_child_weight"": 1, ""n_estimators"": 250, ""subsample"": 0.7}",4,2698,0.7320237212750186,0.015434520631966559,6.388220353103908e+17,2374.4351995711604,0.11744206402674351,41.24877641556931
stage2,6658,48,0.58,74933,24,"{""atr_period"": 14, ""horizon_h"": 6, ""ma_windows"": [6, 18, 72], ""mtf_intervals"": [""1d""], ""ret_windows"": [1, 6, 12, 24, 48], ""rsi_period"": 14, ""target_threshold"": 0.006, ""vol_windows"": [24, 72]}","{""colsample_bytree"": 0.7, ""gamma"": 0.0, ""learning_rate"": 0.07, ""max_depth"": 5, ""min_child_weight"": 1, ""n_estimators"": 250, ""subsample"": 0.7}",4,2334,0.7467866323907455,0.016270881482568285,1.701648787685863e+16,2374.4351995711604,0.11744206402674351,37.64183446981103
stage2,6658,48,0.6,74933,24,"{""atr_period"": 14, ""horizon_h"": 6, ""ma_windows"": [6, 18, 72], ""mtf_intervals"": [""1d""], ""ret_windows"": [1, 6, 12, 24, 48], ""rsi_period"": 14, ""target_threshold"": 0.006, ""vol_windows"": [24, 72]}","{""colsample_bytree"": 0.7, ""gamma"": 0.0, ""learning_rate"": 0.07, ""max_depth"": 5, ""min_child_weight"": 1, ""n_estimators"": 250, ""subsample"": 0.7}",4,2079,0.7623857623857624,0.01711642204419084,1599501747321160.2,2374.4351995711604,0.11744206402674362,35.2965875219834
stage2,6658,48,0.62,74933,24,"{""atr_period"": 14, ""horizon_h"": 6, ""ma_windows"": [6, 18, 72], ""mtf_intervals"": [""1d""], ""ret_windows"": [1, 6, 12, 24, 48], ""rsi_period"": 14, ""target_threshold"": 0.006, ""vol_windows"": [24, 72]}","{""colsample_bytree"": 0.7, ""gamma"": 0.0, ""learning_rate"": 0.07, ""max_depth"": 5, ""min_child_weight"": 1, ""n_estimators"": 250, ""subsample"": 0.7}",4,1881,0.7751196172248804,0.017849044877390162,218801745660625.75,2374.4351995711604,0.11267891743735681,33.325735758864134
stage2,6658,48,0.65,74933,24,"{""atr_period"": 14, ""horizon_h"": 6, ""ma_windows"": [6, 18, 72], ""mtf_intervals"": [""1d""], ""ret_windows"": [1, 6, 12, 24, 48], ""rsi_period"": 14, ""target_threshold"": 0.006, ""vol_windows"": [24, 72]}","{""colsample_bytree"": 0.7, ""gamma"": 0.0, ""learning_rate"": 0.07, ""max_depth"": 5, ""min_child_weight"": 1, ""n_estimators"": 250, ""subsample"": 0.7}",4,1590,0.7981132075471699,0.019169607830365518,10313860546235.264,2374.4351995711604,0.08404337885317825,30.314335529897335
stage2,6658,57,0.52,74933,24,"{""atr_period"": 14, ""horizon_h"": 6, ""ma_windows"": [6, 18, 72], ""mtf_intervals"": [""1d""], ""ret_windows"": [1, 6, 12, 24, 48], ""rsi_period"": 14, ""target_threshold"": 0.006, ""vol_windows"": [24, 72]}","{""colsample_bytree"": 0.7, ""gamma"": 0.2, ""learning_rate"": 0.07, ""max_depth"": 5, ""min_child_weight"": 1, ""n_estimators"": 250, ""subsample"": 1.0}",4,3119,0.7079192048733568,0.01447843823613986,2.040787243723086e+19,2374.4351995711604,0.131821826507468,44.678704360621175
stage2,6658,57,0.55,74933,24,"{""atr_period"": 14, ""horizon_h"": 6, ""ma_windows"": [6, 18, 72], ""mtf_intervals"": [""1d""], ""ret_windows"": [1, 6, 12, 24, 48], ""rsi_period"": 14, ""target_threshold"": 0.006, ""vol_windows"": [24, 72]}","{""colsample_bytree"": 0.7, ""gamma"": 0.2, ""learning_rate"": 0.07, ""max_depth"": 5, ""min_child_weight"": 1, ""n_estimators"": 250, ""subsample"": 1.0}",4,2659,0.7359909740503949,0.015571197820118374,4.994003636199581e+17,2374.4351995711604,0.1318218265074681,40.999635949417275
stage2,6658,57,0.58,74933,24,"{""atr_period"": 14, ""horizon_h"": 6, ""ma_windows"": [6, 18, 72], ""mtf_intervals"": [""1d""], ""ret_windows"": [1, 6, 12, 24, 48], ""rsi_period"": 14, ""target_threshold"": 0.006, ""vol_windows"": [24, 72]}","{""colsample_bytree"": 0.7, ""gamma"": 0.2, ""learning_rate"": 0.07, ""max_depth"": 5, ""min_child_weight"": 1, ""n_estimators"": 250, ""subsample"": 1.0}",4,2320,0.7504310344827586,0.016476742552156733,2.165776342741537e+16,2374.4351995711604,0.11744206402674351,37.88757810894339
stage2,6658,57,0.6,74933,24,"{""atr_period"": 14, ""horizon_h"": 6, ""ma_windows"": [6, 18, 72], ""mtf_intervals"": [""1d""], ""ret_windows"": [1, 6, 12, 24, 48], ""rsi_period"": 14, ""target_threshold"": 0.006, ""vol_windows"": [24, 72]}","{""colsample_bytree"": 0.7, ""gamma"": 0.2, ""learning_rate"": 0.07, ""max_depth"": 5, ""min_child_weight"": 1, ""n_estimators"": 250, ""subsample"": 1.0}",4,2092,0.7633843212237094,0.017187366436372094,2297310926701389.0,2374.4351995711604,0.11744206402674351,35.66000102799517
stage2,6658,57,0.62,74933,24,"{""atr_period"": 14, ""horizon_h"": 6, ""ma_windows"": [6, 18, 72], ""mtf_intervals"": [""1d""], ""ret_windows"": [1, 6, 12, 24, 48], ""rsi_period"": 14, ""target_threshold"": 0.006, ""vol_windows"": [24, 72]}","{""colsample_bytree"": 0.7, ""gamma"": 0.2, ""learning_rate"": 0.07, ""max_depth"": 5, ""min_child_weight"": 1, ""n_estimators"": 250, ""subsample"": 1.0}",4,1896,0.7737341772151899,0.017775841862183454,248062253926642.12,2374.4351995711604,0.11744206402674351,33.4471738991463
stage2,6658,57,0.65,74933,24,"{""atr_period"": 14, ""horizon_h"": 6, ""ma_windows"": [6, 18, 72], ""mtf_intervals"": [""1d""], ""ret_windows"": [1, 6, 12, 24, 48], ""rsi_period"": 14, ""target_threshold"": 0.006, ""vol_windows"": [24, 72]}","{""colsample_bytree"": 0.7, ""gamma"": 0.2, ""learning_rate"": 0.07, ""max_depth"": 5, ""min_child_weight"": 1, ""n_estimators"": 250, ""subsample"": 1.0}",4,1613,0.782393056416615,0.01876649196000232,8363403887491.873,2374.4351995711604,0.08404337885317825,30.088911315118867
stage2,6658,61,0.52,74933,24,"{""atr_period"": 14, ""horizon_h"": 6, ""ma_windows"": [6, 18, 72], ""mtf_intervals"": [""1d""], ""ret_windows"": [1, 6, 12, 24, 48], ""rsi_period"": 14, ""target_threshold"": 0.006, ""vol_windows"": [24, 72]}","{""colsample_bytree"": 1.0, ""gamma"": 0.2, ""learning_rate"": 0.07, ""max_depth"": 5, ""min_child_weight"": 1, ""n_estimators"": 250, ""subsample"": 1.0}",4,3128,0.7081202046035806,0.01442644824385748,1.987243810250714e+19,2374.4351995711604,0.1174420640267434,44.6590521432424
stage2,6658,61,0.55,74933,24,"{""atr_period"": 14, ""horizon_h"": 6, ""ma_windows"": [6, 18, 72], ""mtf_intervals"": [""1d""], ""ret_windows"": [1, 6, 12, 24, 48], ""rsi_period"": 14, ""target_threshold"": 0.006, ""vol_windows"": [24, 72]}","{""colsample_bytree"": 1.0, ""gamma"": 0.2, ""learning_rate"": 0.07, ""max_depth"": 5, ""min_child_weight"": 1, ""n_estimators"": 250, ""subsample"": 1.0}",4,2743,0.7283995625227853,0.01527921252519909,8.264343412288124e+17,2374.4351995711604,0.11744206402674351,41.50212918527312
stage2,6658,61,0.58,74933,24,"{""atr_period"": 14, ""horizon_h"": 6, ""ma_windows"": [6, 18, 72], ""mtf_intervals"": [""1d""], ""ret_windows"": [1, 6, 12, 24, 48], ""rsi_period"": 14, ""target_threshold"": 0.006, ""vol_windows"": [24, 72]}","{""colsample_bytree"": 1.0, ""gamma"": 0.2, ""learning_rate"": 0.07, ""max_depth"": 5, ""min_child_weight"": 1, ""n_estimators"": 250, ""subsample"": 1.0}",4,2372,0.7457841483979764,0.01610223991842227,2.1241752163033132e+16,2374.4351995711604,0.1174420640267434,37.86146928748587
stage2,6658,61,0.6,74933,24,"{""atr_period"": 14, ""horizon_h"": 6, ""ma_windows"": [6, 18, 72], ""mtf_intervals"": [""1d""], ""ret_windows"": [1, 6, 12, 24, 48], ""rsi_period"": 14, ""target_threshold"": 0.006, ""vol_windows"": [24, 72]}","{""colsample_bytree"": 1.0, ""gamma"": 0.2, ""learning_rate"": 0.07, ""max_depth"": 5, ""min_child_weight"": 1, ""n_estimators"": 250, ""subsample"": 1.0}",4,2136,0.7649812734082397,0.01690481421134471,2705524305669229.0,2374.4351995711604,0.11744206402674351,35.82257461717435
stage2,6658,61,0.62,74933,24,"{""atr_period"": 14, ""horizon_h"": 6, ""ma_windows"": [6, 18, 72], ""mtf_intervals"": [""1d""], ""ret_windows"": [1, 6, 12, 24, 48], ""rsi_period"": 14, ""target_threshold"": 0.006, ""vol_windows"": [24, 72]}","{""colsample_bytree"": 1.0, ""gamma"": 0.2, ""learning_rate"": 0.07, ""max_depth"": 5, ""min_child_weight"": 1, ""n_estimators"": 250, ""subsample"": 1.0}",4,1946,0.775950668036999,0.017445977653084498,321312959615428.8,2374.4351995711604,0.11744206402674329,33.70504403981536
stage2,6658,61,0.65,74933,24,"{""atr_period"": 14, ""horizon_h"": 6, ""ma_windows"": [6, 18, 72], ""mtf_intervals"": [""1d""], ""ret_windows"": [1, 6, 12, 24, 48], ""rsi_period"": 14, ""target_threshold"": 0.006, ""vol_windows"": [24, 72]}","{""colsample_bytree"": 1.0, ""gamma"": 0.2, ""learning_rate"": 0.07, ""max_depth"": 5, ""min_child_weight"": 1, ""n_estimators"": 250, ""subsample"": 1.0}",4,1678,0.7896305125148987,0.018477368601936224,17469937183243.283,2374.4351995711604,0.07092643614738758,30.835562785128765
stage2,6658,38,0.52,74933,24,"{""atr_period"": 14, ""horizon_h"": 6, ""ma_windows"": [6, 18, 72], ""mtf_intervals"": [""1d""], ""ret_windows"": [1, 6, 12, 24, 48], ""rsi_period"": 14, ""target_threshold"": 0.006, ""vol_windows"": [24, 72]}","{""colsample_bytree"": 1.0, ""gamma"": 0.0, ""learning_rate"": 0.03, ""max_depth"": 5, ""min_child_weight"": 5, ""n_estimators"": 250, ""subsample"": 0.7}",4,2925,0.7145299145299145,0.014979577605249136,5.387808074913162e+18,2374.4351995711604,0.11744206402674351,43.363409831418885
stage2,6658,38,0.55,74933,24,"{""atr_period"": 14, ""horizon_h"": 6, ""ma_windows"": [6, 18, 72], ""mtf_intervals"": [""1d""], ""ret_windows"": [1, 6, 12, 24, 48], ""rsi_period"": 14, ""target_threshold"": 0.006, ""vol_windows"": [24, 72]}","{""colsample_bytree"": 1.0, ""gamma"": 0.0, ""learning_rate"": 0.03, ""max_depth"": 5, ""min_child_weight"": 5, ""n_estimators"": 250, ""subsample"": 0.7}",4,2473,0.7371613424989891,0.016101618163799295,1.0354015466072322e+17,2374.4351995711604,0.11744206402674373,39.43855688740875
stage2,6658,38,0.58,74933,24,"{""atr_period"": 14, ""horizon_h"": 6, ""ma_windows"": [6, 18, 72], ""mtf_intervals"": [""1d""], ""ret_windows"": [1, 6, 12, 24, 48], ""rsi_period"": 14, ""target_threshold"": 0.006, ""vol_windows"": [24, 72]}","{""colsample_bytree"": 1.0, ""gamma"": 0.0, ""learning_rate"": 0.03, ""max_depth"": 5, ""min_child_weight"": 5, ""n_estimators"": 250, ""subsample"": 0.7}",4,2118,0.7592067988668555,0.01728232805085003,4324446370174625.0,2374.4351995711604,0.09056270507392472,36.30340323116823
stage2,6658,38,0.6,74933,24,"{""atr_period"": 14, ""horizon_h"": 6, ""ma_windows"": [6, 18, 72], ""mtf_intervals"": [""1d""], ""ret_windows"": [1, 6, 12, 24, 48], ""rsi_period"": 14, ""target_threshold"": 0.006, ""vol_windows"": [24, 72]}","{""colsample_bytree"": 1.0, ""gamma"": 0.0, ""learning_rate"": 0.03, ""max_depth"": 5, ""min_child_weight"": 5, ""n_estimators"": 250, ""subsample"": 0.7}",4,1906,0.7738719832109129,0.017884753818966186,363854210954096.6,2374.4351995711604,0.09056270507392472,33.84466864856261
stage2,6658,38,0.62,74933,24,"{""atr_period"": 14, ""horizon_h"": 6, ""ma_windows"": [6, 18, 72], ""mtf_intervals"": [""1d""], ""ret_windows"": [1, 6, 12, 24, 48], ""rsi_period"": 14, ""target_threshold"": 0.006, ""vol_windows"": [24, 72]}","{""colsample_bytree"": 1.0, ""gamma"": 0.0, ""learning_rate"": 0.03, ""max_depth"": 5, ""min_child_weight"": 5, ""n_estimators"": 250, ""subsample"": 0.7}",4,1692,0.7884160756501182,0.018769738929331533,36358928548884.305,2374.4351995711604,0.08565449115048263,31.562524443330677
stage2,6658,38,0.65,74933,24,"{""atr_period"": 14, ""horizon_h"": 6, ""ma_windows"": [6, 18, 72], ""mtf_intervals"": [""1d""], ""ret_windows"": [1, 6, 12, 24, 48], ""rsi_period"": 14, ""target_threshold"": 0.006, ""vol_windows"": [24, 72]}","{""colsample_bytree"": 1.0, ""gamma"": 0.0, ""learning_rate"": 0.03, ""max_depth"": 5, ""min_child_weight"": 5, ""n_estimators"": 250, ""subsample"": 0.7}",4,1410,0.8106382978723404,0.02028325251554485,1608179741339.995,2374.4351995711604,0.0650782298642073,28.484361603368892
stage2,6658,36,0.52,74933,24,"{""atr_period"": 14, ""horizon_h"": 6, ""ma_windows"": [6, 18, 72], ""mtf_intervals"": [""1d""], ""ret_windows"": [1, 6, 12, 24, 48], ""rsi_period"": 14, ""target_threshold"": 0.006, ""vol_windows"": [24, 72]}","{""colsample_bytree"": 1.0, ""gamma"": 0.0, ""learning_rate"": 0.03, ""max_depth"": 5, ""min_child_weight"": 1, ""n_estimators"": 250, ""subsample"": 0.7}",4,2921,0.7114002054091064,0.014933218393989018,4.4330097911997517e+18,2374.4351995711604,0.1174420640267434,43.165475317826484
stage2,6658,36,0.55,74933,24,"{""atr_period"": 14, ""horizon_h"": 6, ""ma_windows"": [6, 18, 72], ""mtf_intervals"": [""1d""], ""ret_windows"": [1, 6, 12, 24, 48], ""rsi_period"": 14, ""target_threshold"": 0.006, ""vol_windows"": [24, 72]}","{""colsample_bytree"": 1.0, ""gamma"": 0.0, ""learning_rate"": 0.03, ""max_depth"": 5, ""min_child_weight"": 1, ""n_estimators"": 250, ""subsample"": 0.7}",4,2505,0.732934131736527,0.0160013280685746,1.3438487872069166e+17,2374.4351995711604,0.1174420640267434,39.69512120507584
stage2,6658,36,0.58,74933,24,"{""atr_period"": 14, ""horizon_h"": 6, ""ma_windows"": [6, 18, 72], ""mtf_intervals"": [""1d""], ""ret_windows"": [1, 6, 12, 24, 48], ""rsi_period"": 14, ""target_threshold"": 0.006, ""vol_windows"": [24, 72]}","{""colsample_bytree"": 1.0, ""gamma"": 0.0, ""learning_rate"": 0.03, ""max_depth"": 5, ""min_child_weight"": 1, ""n_estimators"": 250, ""subsample"": 0.7}",4,2131,0.7620835288596903,0.017280750281131785,5382528656671868.0,2374.4351995711604,0.09056270507392483,36.524566141997674
stage2,6658,36,0.6,74933,24,"{""atr_period"": 14, ""horizon_h"": 6, ""ma_windows"": [6, 18, 72], ""mtf_intervals"": [""1d""], ""ret_windows"": [1, 6, 12, 24, 48], ""rsi_period"": 14, ""target_threshold"": 0.006, ""vol_windows"": [24, 72]}","{""colsample_bytree"": 1.0, ""gamma"": 0.0, ""learning_rate"": 0.03, ""max_depth"": 5, ""min_child_weight"": 1, ""n_estimators"": 250, ""subsample"": 0.7}",4,1898,0.7744994731296101,0.018079001705688415,452586231746236.4,2374.4351995711604,0.09056270507392483,34.064949667920104
stage2,6658,36,0.62,74933,24,"{""atr_period"": 14, ""horizon_h"": 6, ""ma_windows"": [6, 18, 72], ""mtf_intervals"": [""1d""], ""ret_windows"": [1, 6, 12, 24, 48], ""rsi_period"": 14, ""target_threshold"": 0.006, ""vol_windows"": [24, 72]}","{""colsample_bytree"": 1.0, ""gamma"": 0.0, ""learning_rate"": 0.03, ""max_depth"": 5, ""min_child_weight"": 1, ""n_estimators"": 250, ""subsample"": 0.7}",4,1697,0.7890394814378314,0.018763889838603675,39579226976553.8,2374.4351995711604,0.0709264361473877,31.655205011039577
stage2,6658,36,0.65,74933,24,"{""atr_period"": 14, ""horizon_h"": 6, ""ma_windows"": [6, 18, 72], ""mtf_intervals"": [""1d""], ""ret_windows"": [1, 6, 12, 24, 48], ""rsi_period"": 14, ""target_threshold"": 0.006, ""vol_windows"": [24, 72]}","{""colsample_bytree"": 1.0, ""gamma"": 0.0, ""learning_rate"": 0.03, ""max_depth"": 5, ""min_child_weight"": 1, ""n_estimators"": 250, ""subsample"": 0.7}",4,1428,0.8081232492997199,0.020122420917274637,1841202810037.2078,2374.4351995711604,0.0650782298642072,28.61637902693299
stage2,6658,32,0.52,74933,24,"{""atr_period"": 14, ""horizon_h"": 6, ""ma_windows"": [6, 18, 72], ""mtf_intervals"": [""1d""], ""ret_windows"": [1, 6, 12, 24, 48], ""rsi_period"": 14, ""target_threshold"": 0.006, ""vol_windows"": [24, 72]}","{""colsample_bytree"": 0.7, ""gamma"": 0.0, ""learning_rate"": 0.03, ""max_depth"": 5, ""min_child_weight"": 1, ""n_estimators"": 250, ""subsample"": 0.7}",4,2808,0.7215099715099715,0.01527132716013603,2.141122603476408e+18,2374.4351995711604,0.1174420640267434,42.44851950892147
stage2,6658,32,0.55,74933,24,"{""atr_period"": 14, ""horizon_h"": 6, ""ma_windows"": [6, 18, 72], ""mtf_intervals"": [""1d""], ""ret_windows"": [1, 6, 12, 24, 48], ""rsi_period"": 14, ""target_threshold"": 0.006, ""vol_windows"": [24, 72]}","{""colsample_bytree"": 0.7, ""gamma"": 0.0, ""learning_rate"": 0.03, ""max_depth"": 5, ""min_child_weight"": 1, ""n_estimators"": 250, ""subsample"": 0.7}",4,2385,0.7438155136268344,0.016484787177748275,6.279461458192222e+16,2374.4351995711604,0.11744206402674362,38.94685538595281
stage2,6658,32,0.58,74933,24,"{""atr_period"": 14, ""horizon_h"": 6, ""ma_windows"": [6, 18, 72], ""mtf_intervals"": [""1d""], ""ret_windows"": [1, 6, 12, 24, 48], ""rsi_period"": 14, ""target_threshold"": 0.006, ""vol_windows"": [24, 72]}","{""colsample_bytree"": 0.7, ""gamma"": 0.0, ""learning_rate"": 0.03, ""max_depth"": 5, ""min_child_weight"": 1, ""n_estimators"": 250, ""subsample"": 0.7}",4,2026,0.7640671273445212,0.017597119303304737,1682535505634649.0,2374.4351995711604,0.11744206402674329,35.35238790441666
stage2,6658,32,0.6,74933,24,"{""atr_period"": 14, ""horizon_h"": 6, ""ma_windows"": [6, 18, 72], ""mtf_intervals"": [""1d""], ""ret_windows"": [1, 6, 12, 24, 48], ""rsi_period"": 14, ""target_threshold"": 0.006, ""vol_windows"": [24, 72]}","{""colsample_bytree"": 0.7, ""gamma"": 0.0, ""learning_rate"": 0.03, ""max_depth"": 5, ""min_child_weight"": 1, ""n_estimators"": 250, ""subsample"": 0.7}",4,1795,0.7799442896935933,0.018495916350999658,149341746624624.94,2374.4351995711604,0.08968932269287588,32.96433649830905
stage2,6658,32,0.62,74933,24,"{""atr_period"": 14, ""horizon_h"": 6, ""ma_windows"": [6, 18, 72], ""mtf_intervals"": [""1d""], ""ret_windows"": [1, 6, 12, 24, 48], ""rsi_period"": 14, ""target_threshold"": 0.006, ""vol_windows"": [24, 72]}","{""colsample_bytree"": 0.7, ""gamma"": 0.0, ""learning_rate"": 0.03, ""max_depth"": 5, ""min_child_weight"": 1, ""n_estimators"": 250, ""subsample"": 0.7}",4,1607,0.7934038581207219,0.01928383666993391,16904701132879.344,2374.4351995711604,0.08477639514312119,30.80521845500213
stage2,6658,32,0.65,74933,24,"{""atr_period"": 14, ""horizon_h"": 6, ""ma_windows"": [6, 18, 72], ""mtf_intervals"": [""1d""], ""ret_windows"": [1, 6, 12, 24, 48], ""rsi_period"": 14, ""target_threshold"": 0.006, ""vol_windows"": [24, 72]}","{""colsample_bytree"": 0.7, ""gamma"": 0.0, ""learning_rate"": 0.03, ""max_depth"": 5, ""min_child_weight"": 1, ""n_estimators"": 250, ""subsample"": 0.7}",4,1314,0.8165905631659056,0.020680944750959888,392588938051.9459,2374.4351995711604,0.0650782298642072,27.082209835871602
stage2,6658,42,0.52,74933,24,"{""atr_period"": 14, ""horizon_h"": 6, ""ma_windows"": [6, 18, 72], ""mtf_intervals"": [""1d""], ""ret_windows"": [1, 6, 12, 24, 48], ""rsi_period"": 14, ""target_threshold"": 0.006, ""vol_windows"": [24, 72]}","{""colsample_bytree"": 0.7, ""gamma"": 0.0, ""learning_rate"": 0.03, ""max_depth"": 5, ""min_child_weight"": 5, ""n_estimators"": 250, ""subsample"": 1.0}",4,2794,0.7111667859699355,0.015075812076135394,1.0100848461471732e+18,2374.4351995711604,0.1174420640267434,41.687384900675646
stage2,6658,42,0.55,74933,24,"{""atr_period"": 14, ""horizon_h"": 6, ""ma_windows"": [6, 18, 72], ""mtf_intervals"": [""1d""], ""ret_windows"": [1, 6, 12, 24, 48], ""rsi_period"": 14, ""target_threshold"": 0.006, ""vol_windows"": [24, 72]}","{""colsample_bytree"": 0.7, ""gamma"": 0.0, ""learning_rate"": 0.03, ""max_depth"": 5, ""min_child_weight"": 5, ""n_estimators"": 250, ""subsample"": 1.0}",4,2380,0.7390756302521009,0.016325629760732107,3.981231805742208e+16,2374.4351995711604,0.11744206402674373,38.486097268520524
stage2,6658,42,0.58,74933,24,"{""atr_period"": 14, ""horizon_h"": 6, ""ma_windows"": [6, 18, 72], ""mtf_intervals"": [""1d""], ""ret_windows"": [1, 6, 12, 24, 48], ""rsi_period"": 14, ""target_threshold"": 0.006, ""vol_windows"": [24, 72]}","{""colsample_bytree"": 0.7, ""gamma"": 0.0, ""learning_rate"": 0.03, ""max_depth"": 5, ""min_child_weight"": 5, ""n_estimators"": 250, ""subsample"": 1.0}",4,2034,0.7517207472959685,0.017358503268222473,1193242952711612.0,2374.4351995711604,0.11744206402674351,34.99697475780494
stage2,6658,42,0.6,74933,24,"{""atr_period"": 14, ""horizon_h"": 6, ""ma_windows"": [6, 18, 72], ""mtf_intervals"": [""1d""], ""ret_windows"": [1, 6, 12, 24, 48], ""rsi_period"": 14, ""target_threshold"": 0.006, ""vol_windows"": [24, 72]}","{""colsample_bytree"": 0.7, ""gamma"": 0.0, ""learning_rate"": 0.03, ""max_depth"": 5, ""min_child_weight"": 5, ""n_estimators"": 250, ""subsample"": 1.0}",4,1804,0.7694013303769401,0.018098194183961903,87064548669091.05,2374.4351995711604,0.08565449115048274,32.41515027040585
stage2,6658,42,0.62,74933,24,"{""atr_period"": 14, ""horizon_h"": 6, ""ma_windows"": [6, 18, 72], ""mtf_intervals"": [""1d""], ""ret_windows"": [1, 6, 12, 24, 48], ""rsi_period"": 14, ""target_threshold"": 0.006, ""vol_windows"": [24, 72]}","{""colsample_bytree"": 0.7, ""gamma"": 0.0, ""learning_rate"": 0.03, ""max_depth"": 5, ""min_child_weight"": 5, ""n_estimators"": 250, ""subsample"": 1.0}",4,1606,0.7845579078455791,0.01898714771168705,10379063012503.373,2374.4351995711604,0.07092643614738736,30.31489201094315
stage2,6658,42,0.65,74933,24,"{""atr_period"": 14, ""horizon_h"": 6, ""ma_windows"": [6, 18, 72], ""mtf_intervals"": [""1d""], ""ret_windows"": [1, 6, 12, 24, 48], ""rsi_period"": 14, ""target_threshold"": 0.006, ""vol_windows"": [24, 72]}","{""colsample_bytree"": 0.7, ""gamma"": 0.0, ""learning_rate"": 0.03, ""max_depth"": 5, ""min_child_weight"": 5, ""n_estimators"": 250, ""subsample"": 1.0}",4,1325,0.8090566037735849,0.02042695855948171,353766037151.17554,2374.4351995711604,0.06507822986420708,26.97002345614186
stage2,6658,44,0.52,74933,24,"{""atr_period"": 14, ""horizon_h"": 6, ""ma_windows"": [6, 18, 72], ""mtf_intervals"": [""1d""], ""ret_windows"": [1, 6, 12, 24, 48], ""rsi_period"": 14, ""target_threshold"": 0.006, ""vol_windows"": [24, 72]}","{""colsample_bytree"": 1.0, ""gamma"": 0.0, ""learning_rate"": 0.03, ""max_depth"": 5, ""min_child_weight"": 1, ""n_estimators"": 250, ""subsample"": 1.0}",4,2881,0.7136410968413746,0.014971487559459507,2.7339632252274084e+18,2374.4351995711604,0.13182182650746788,42.67705782589478
stage2,6658,44,0.55,74933,24,"{""atr_period"": 14, ""horizon_h"": 6, ""ma_windows"": [6, 18, 72], ""mtf_intervals"": [""1d""], ""ret_windows"": [1, 6, 12, 24, 48], ""rsi_period"": 14, ""target_threshold"": 0.006, ""vol_windows"": [24, 72]}","{""colsample_bytree"": 1.0, ""gamma"": 0.0, ""learning_rate"": 0.03, ""max_depth"": 5, ""min_child_weight"": 1, ""n_estimators"": 250, ""subsample"": 1.0}",4,2447,0.7343686146301593,0.016070817161553282,6.359791621700392e+16,2374.4351995711604,0.11744206402674351,38.94869749781961
stage2,6658,44,0.58,74933,24,"{""atr_period"": 14, ""horizon_h"": 6, ""ma_windows"": [6, 18, 72], ""mtf_intervals"": [""1d""], ""ret_windows"": [1, 6, 12, 24, 48], ""rsi_period"": 14, ""target_threshold"": 0.006, ""vol_windows"": [24, 72]}","{""colsample_bytree"": 1.0, ""gamma"": 0.0, ""learning_rate"": 0.03, ""max_depth"": 5, ""min_child_weight"": 1, ""n_estimators"": 250, ""subsample"": 1.0}",4,2072,0.7644787644787645,0.017421987806255746,2616540017519413.0,2374.4351995711604,0.09056270507392472,35.80630679741363
stage2,6658,44,0.6,74933,24,"{""atr_period"": 14, ""horizon_h"": 6, ""ma_windows"": [6, 18, 72], ""mtf_intervals"": [""1d""], ""ret_windows"": [1, 6, 12, 24, 48], ""rsi_period"": 14, ""target_threshold"": 0.006, ""vol_windows"": [24, 72]}","{""colsample_bytree"": 1.0, ""gamma"": 0.0, ""learning_rate"": 0.03, ""max_depth"": 5, ""min_child_weight"": 1, ""n_estimators"": 250, ""subsample"": 1.0}",4,1867,0.774504552758436,0.018061836409801107,250603100622121.47,2374.4351995711604,0.09056270507392472,33.47370851205596
stage2,6658,44,0.62,74933,24,"{""atr_period"": 14, ""horizon_h"": 6, ""ma_windows"": [6, 18, 72], ""mtf_intervals"": [""1d""], ""ret_windows"": [1, 6, 12, 24, 48], ""rsi_period"": 14, ""target_threshold"": 0.006, ""vol_windows"": [24, 72]}","{""colsample_bytree"": 1.0, ""gamma"": 0.0, ""learning_rate"": 0.03, ""max_depth"": 5, ""min_child_weight"": 1, ""n_estimators"": 250, ""subsample"": 1.0}",4,1689,0.7815275310834814,0.01859584899098034,25598235550740.926,2374.4351995711604,0.08565449115048285,31.204706112458915
stage2,6658,44,0.65,74933,24,"{""atr_period"": 14, ""horizon_h"": 6, ""ma_windows"": [6, 18, 72], ""mtf_intervals"": [""1d""], ""ret_windows"": [1, 6, 12, 24, 48], ""rsi_period"": 14, ""target_threshold"": 0.006, ""vol_windows"": [24, 72]}","{""colsample_bytree"": 1.0, ""gamma"": 0.0, ""learning_rate"": 0.03, ""max_depth"": 5, ""min_child_weight"": 1, ""n_estimators"": 250, ""subsample"": 1.0}",4,1421,0.8043631245601689,0.01983990614268537,1079416220618.7764,2374.4351995711604,0.07092643614738747,28.074188005174005
stage2,6658,23,0.52,74933,24,"{""atr_period"": 14, ""horizon_h"": 6, ""ma_windows"": [6, 18, 72], ""mtf_intervals"": [""1d""], ""ret_windows"": [1, 6, 12, 24, 48], ""rsi_period"": 14, ""target_threshold"": 0.006, ""vol_windows"": [24, 72]}","{""colsample_bytree"": 1.0, ""gamma"": 0.2, ""learning_rate"": 0.07, ""max_depth"": 3, ""min_child_weight"": 5, ""n_estimators"": 250, ""subsample"": 0.7}",4,2628,0.710806697108067,0.015259271487030029,1.3638528203202347e+17,2374.4351995711604,0.11744206402674351,39.686258729076386
stage2,6658,23,0.55,74933,24,"{""atr_period"": 14, ""horizon_h"": 6, ""ma_windows"": [6, 18, 72], ""mtf_intervals"": [""1d""], ""ret_windows"": [1, 6, 12, 24, 48], ""rsi_period"": 14, ""target_threshold"": 0.006, ""vol_windows"": [24, 72]}","{""colsample_bytree"": 1.0, ""gamma"": 0.2, ""learning_rate"": 0.07, ""max_depth"": 3, ""min_child_weight"": 5, ""n_estimators"": 250, ""subsample"": 0.7}",4,2219,0.7309598918431726,0.016435451356114898,3767623290429513.0,2374.4351995711604,0.1174420640267434,36.12275126293629
stage2,6658,23,0.58,74933,24,"{""atr_period"": 14, ""horizon_h"": 6, ""ma_windows"": [6, 18, 72], ""mtf_intervals"": [""1d""], ""ret_windows"": [1, 6, 12, 24, 48], ""rsi_period"": 14, ""target_threshold"": 0.006, ""vol_windows"": [24, 72]}","{""colsample_bytree"": 1.0, ""gamma"": 0.2, ""learning_rate"": 0.07, ""max_depth"": 3, ""min_child_weight"": 5, ""n_estimators"": 250, ""subsample"": 0.7}",4,1872,0.7473290598290598,0.017536474957637892,103492398482805.77,2374.4351995711604,0.0709264361473877,32.57321111077687
stage2,6658,23,0.6,74933,24,"{""atr_period"": 14, ""horizon_h"": 6, ""ma_windows"": [6, 18, 72], ""mtf_intervals"": [""1d""], ""ret_windows"": [1, 6, 12, 24, 48], ""rsi_period"": 14, ""target_threshold"": 0.006, ""vol_windows"": [24, 72]}","{""colsample_bytree"": 1.0, ""gamma"": 0.2, ""learning_rate"": 0.07, ""max_depth"": 3, ""min_child_weight"": 5, ""n_estimators"": 250, ""subsample"": 0.7}",4,1667,0.758248350329934,0.01835489808019269,11436910880014.44,2374.4351995711604,0.07092643614738758,30.385841684277114
stage2,6658,23,0.62,74933,24,"{""atr_period"": 14, ""horizon_h"": 6, ""ma_windows"": [6, 18, 72], ""mtf_intervals"": [""1d""], ""ret_windows"": [1, 6, 12, 24, 48], ""rsi_period"": 14, ""target_threshold"": 0.006, ""vol_windows"": [24, 72]}","{""colsample_bytree"": 1.0, ""gamma"": 0.2, ""learning_rate"": 0.07, ""max_depth"": 3, ""min_child_weight"": 5, ""n_estimators"": 250, ""subsample"": 0.7}",4,1481,0.7677245104659014,0.018959903322515462,956488801488.6599,2374.4351995711604,0.07092643614738736,27.916930534836663
stage2,6658,23,0.65,74933,24,"{""atr_period"": 14, ""horizon_h"": 6, ""ma_windows"": [6, 18, 72], ""mtf_intervals"": [""1d""], ""ret_windows"": [1, 6, 12, 24, 48], ""rsi_period"": 14, ""target_threshold"": 0.006, ""vol_windows"": [24, 72]}","{""colsample_bytree"": 1.0, ""gamma"": 0.2, ""learning_rate"": 0.07, ""max_depth"": 3, ""min_child_weight"": 5, ""n_estimators"": 250, ""subsample"": 0.7}",4,1192,0.7818791946308725,0.0205918970661863,29323886203.863876,2374.4351995711604,0.07092643614738747,24.456443563812233
stage2,6118,51,0.52,74772,24,"{""atr_period"": 14, ""horizon_h"": 6, ""ma_windows"": [12, 24, 72], ""mtf_intervals"": [""1d""], ""ret_windows"": [1, 6, 12, 24, 48], ""rsi_period"": 21, ""target_threshold"": 0.006, ""vol_windows"": [24, 72]}","{""colsample_bytree"": 0.7, ""gamma"": 0.2, ""learning_rate"": 0.07, ""max_depth"": 5, ""min_child_weight"": 5, ""n_estimators"": 250, ""subsample"": 0.7}",4,3119,0.7059955113818531,0.01445944356728196,1.9370975774848176e+19,2192.578913547333,0.1174420640267434,44.632058451246245
stage2,6118,51,0.55,74772,24,"{""atr_period"": 14, ""horizon_h"": 6, ""ma_windows"": [12, 24, 72], ""mtf_intervals"": [""1d""], ""ret_windows"": [1, 6, 12, 24, 48], ""rsi_period"": 21, ""target_threshold"": 0.006, ""vol_windows"": [24, 72]}","{""colsample_bytree"": 0.7, ""gamma"": 0.2, ""learning_rate"": 0.07, ""max_depth"": 5, ""min_child_weight"": 5, ""n_estimators"": 250, ""subsample"": 0.7}",4,2704,0.727810650887574,0.015297390413004569,4.847834907451091e+17,2192.578913547333,0.11744206402674351,40.96838538734308
stage2,6118,51,0.58,74772,24,"{""atr_period"": 14, ""horizon_h"": 6, ""ma_windows"": [12, 24, 72], ""mtf_intervals"": [""1d""], ""ret_windows"": [1, 6, 12, 24, 48], ""rsi_period"": 21, ""target_threshold"": 0.006, ""vol_windows"": [24, 72]}","{""colsample_bytree"": 0.7, ""gamma"": 0.2, ""learning_rate"": 0.07, ""max_depth"": 5, ""min_child_weight"": 5, ""n_estimators"": 250, ""subsample"": 0.7}",4,2348,0.7487223168654173,0.01639409698893042,2.830586050011599e+16,2192.578913547333,0.08565449115048285,38.16914864675907
stage2,6118,51,0.6,74772,24,"{""atr_period"": 14, ""horizon_h"": 6, ""ma_windows"": [12, 24, 72], ""mtf_intervals"": [""1d""], ""ret_windows"": [1, 6, 12, 24, 48], ""rsi_period"": 21, ""target_threshold"": 0.006, ""vol_windows"": [24, 72]}","{""colsample_bytree"": 0.7, ""gamma"": 0.2, ""learning_rate"": 0.07, ""max_depth"": 5, ""min_child_weight"": 5, ""n_estimators"": 250, ""subsample"": 0.7}",4,2136,0.7588951310861424,0.016994669080766106,3250100242993455.5,2192.578913547333,0.08565449115048263,36.01770844671446
stage2,6118,51,0.62,74772,24,"{""atr_period"": 14, ""horizon_h"": 6, ""ma_windows"": [12, 24, 72], ""mtf_intervals"": [""1d""], ""ret_windows"": [1, 6, 12, 24, 48], ""rsi_period"": 21, ""target_threshold"": 0.006, ""vol_windows"": [24, 72]}","{""colsample_bytree"": 0.7, ""gamma"": 0.2, ""learning_rate"": 0.07, ""max_depth"": 5, ""min_child_weight"": 5, ""n_estimators"": 250, ""subsample"": 0.7}",4,1942,0.7703398558187435,0.017733989349322268,515530637664915.5,2192.578913547333,0.08565449115048285,34.19153440440346
stage2,6118,51,0.65,74772,24,"{""atr_period"": 14, ""horizon_h"": 6, ""ma_windows"": [12, 24, 72], ""mtf_intervals"": [""1d""], ""ret_windows"": [1, 6, 12, 24, 48], ""rsi_period"": 21, ""target_threshold"": 0.006, ""vol_windows"": [24, 72]}","{""colsample_bytree"": 0.7, ""gamma"": 0.2, ""learning_rate"": 0.07, ""max_depth"": 5, ""min_child_weight"": 5, ""n_estimators"": 250, ""subsample"": 0.7}",4,1657,0.783946891973446,0.018670705768036814,16169825832051.193,2192.578913547333,0.08565449115048263,30.747863932553013
stage2,6118,58,0.52,74772,24,"{""atr_period"": 14, ""horizon_h"": 6, ""ma_windows"": [12, 24, 72], ""mtf_intervals"": [""1d""], ""ret_windows"": [1, 6, 12, 24, 48], ""rsi_period"": 21, ""target_threshold"": 0.006, ""vol_windows"": [24, 72]}","{""colsample_bytree"": 0.7, ""gamma"": 0.0, ""learning_rate"": 0.07, ""max_depth"": 5, ""min_child_weight"": 5, ""n_estimators"": 250, ""subsample"": 1.0}",4,3112,0.7130462724935732,0.014457810489527538,1.7470073320813812e+19,2192.578913547333,0.1174420640267434,44.53439946488325
stage2,6118,58,0.55,74772,24,"{""atr_period"": 14, ""horizon_h"": 6, ""ma_windows"": [12, 24, 72], ""mtf_intervals"": [""1d""], ""ret_windows"": [1, 6, 12, 24, 48], ""rsi_period"": 21, ""target_threshold"": 0.006, ""vol_windows"": [24, 72]}","{""colsample_bytree"": 0.7, ""gamma"": 0.0, ""learning_rate"": 0.07, ""max_depth"": 5, ""min_child_weight"": 5, ""n_estimators"": 250, ""subsample"": 1.0}",4,2695,0.7309833024118738,0.015352183418592092,4.872928094736294e+17,2192.578913547333,0.1174420640267434,40.976524666064776
stage2,6118,58,0.58,74772,24,"{""atr_period"": 14, ""horizon_h"": 6, ""ma_windows"": [12, 24, 72], ""mtf_intervals"": [""1d""], ""ret_windows"": [1, 6, 12, 24, 48], ""rsi_period"": 21, ""target_threshold"": 0.006, ""vol_windows"": [24, 72]}","{""colsample_bytree"": 0.7, ""gamma"": 0.0, ""learning_rate"": 0.07, ""max_depth"": 5, ""min_child_weight"": 5, ""n_estimators"": 250, ""subsample"": 1.0}",4,2324,0.745697074010327,0.01620235216198027,1.2344639446420718e+16,2192.578913547333,0.11744206402674351,37.31945375532576
stage2,6118,58,0.6,74772,24,"{""atr_period"": 14, ""horizon_h"": 6, ""ma_windows"": [12, 24, 72], ""mtf_intervals"": [""1d""], ""ret_windows"": [1, 6, 12, 24, 48], ""rsi_period"": 21, ""target_threshold"": 0.006, ""vol_windows"": [24, 72]}","{""colsample_bytree"": 0.7, ""gamma"": 0.0, ""learning_rate"": 0.07, ""max_depth"": 5, ""min_child_weight"": 5, ""n_estimators"": 250, ""subsample"": 1.0}",4,2105,0.7600950118764845,0.0169859491411917,1894969885165783.5,2192.578913547333,0.08263081178940734,35.48062753832172
stage2,6118,58,0.62,74772,24,"{""atr_period"": 14, ""horizon_h"": 6, ""ma_windows"": [12, 24, 72], ""mtf_intervals"": [""1d""], ""ret_windows"": [1, 6, 12, 24, 48], ""rsi_period"": 21, ""target_threshold"": 0.006, ""vol_windows"": [24, 72]}","{""colsample_bytree"": 0.7, ""gamma"": 0.0, ""learning_rate"": 0.07, ""max_depth"": 5, ""min_child_weight"": 5, ""n_estimators"": 250, ""subsample"": 1.0}",4,1876,0.7739872068230277,0.017775028631519814,176243927822282.8,2192.578913547333,0.07416617813530746,33.12719701039821
stage2,6118,58,0.65,74772,24,"{""atr_period"": 14, ""horizon_h"": 6, ""ma_windows"": [12, 24, 72], ""mtf_intervals"": [""1d""], ""ret_windows"": [1, 6, 12, 24, 48], ""rsi_period"": 21, ""target_threshold"": 0.006, ""vol_windows"": [24, 72]}","{""colsample_bytree"": 0.7, ""gamma"": 0.0, ""learning_rate"": 0.07, ""max_depth"": 5, ""min_child_weight"": 5, ""n_estimators"": 250, ""subsample"": 1.0}",4,1584,0.7935606060606061,0.019022441216999073,7368859119083.967,2192.578913547333,0.0650782298642072,29.982772909132276
stage2,6118,50,0.52,74772,24,"{""atr_period"": 14, ""horizon_h"": 6, ""ma_windows"": [12, 24, 72], ""mtf_intervals"": [""1d""], ""ret_windows"": [1, 6, 12, 24, 48], ""rsi_period"": 21, ""target_threshold"": 0.006, ""vol_windows"": [24, 72]}","{""colsample_bytree"": 0.7, ""gamma"": 0.0, ""learning_rate"": 0.07, ""max_depth"": 5, ""min_child_weight"": 5, ""n_estimators"": 250, ""subsample"": 0.7}",4,3108,0.7055984555984556,0.014390263587238012,1.3309243714132003e+19,2192.578913547333,0.13803269267428397,44.245575010648366
stage2,6118,50,0.55,74772,24,"{""atr_period"": 14, ""horizon_h"": 6, ""ma_windows"": [12, 24, 72], ""mtf_intervals"": [""1d""], ""ret_windows"": [1, 6, 12, 24, 48], ""rsi_period"": 21, ""target_threshold"": 0.006, ""vol_windows"": [24, 72]}","{""colsample_bytree"": 0.7, ""gamma"": 0.0, ""learning_rate"": 0.07, ""max_depth"": 5, ""min_child_weight"": 5, ""n_estimators"": 250, ""subsample"": 0.7}",4,2717,0.7261685682738315,0.015301482340260351,5.9409878843454e+17,2192.578913547333,0.09056270507392472,41.18388737174532
stage2,6118,50,0.58,74772,24,"{""atr_period"": 14, ""horizon_h"": 6, ""ma_windows"": [12, 24, 72], ""mtf_intervals"": [""1d""], ""ret_windows"": [1, 6, 12, 24, 48], ""rsi_period"": 21, ""target_threshold"": 0.006, ""vol_windows"": [24, 72]}","{""colsample_bytree"": 0.7, ""gamma"": 0.0, ""learning_rate"": 0.07, ""max_depth"": 5, ""min_child_weight"": 5, ""n_estimators"": 250, ""subsample"": 0.7}",4,2365,0.7395348837209302,0.016223156380890964,2.4953977219829756e+16,2192.578913547333,0.08565449115048274,38.0343955244612
stage2,6118,50,0.6,74772,24,"{""atr_period"": 14, ""horizon_h"": 6, ""ma_windows"": [12, 24, 72], ""mtf_intervals"": [""1d""], ""ret_windows"": [1, 6, 12, 24, 48], ""rsi_period"": 21, ""target_threshold"": 0.006, ""vol_windows"": [24, 72]}","{""colsample_bytree"": 0.7, ""gamma"": 0.0, ""learning_rate"": 0.07, ""max_depth"": 5, ""min_child_weight"": 5, ""n_estimators"": 250, ""subsample"": 0.7}",4,2158,0.7553290083410565,0.016893331204074838,3774083658044402.5,2192.578913547333,0.08565449115048285,36.16351661928497
stage2,6118,50,0.62,74772,24,"{""atr_period"": 14, ""horizon_h"": 6, ""ma_windows"": [12, 24, 72], ""mtf_intervals"": [""1d""], ""ret_windows"": [1, 6, 12, 24, 48], ""rsi_period"": 21, ""target_threshold"": 0.006, ""vol_windows"": [24, 72]}","{""colsample_bytree"": 0.7, ""gamma"": 0.0, ""learning_rate"": 0.07, ""max_depth"": 5, ""min_child_weight"": 5, ""n_estimators"": 250, ""subsample"": 0.7}",4,1951,0.7693490517683239,0.01761356776866271,481319515329957.44,2192.578913547333,0.054491590694487724,34.136694426754616
stage2,6118,50,0.65,74772,24,"{""atr_period"": 14, ""horizon_h"": 6, ""ma_windows"": [12, 24, 72], ""mtf_intervals"": [""1d""], ""ret_windows"": [1, 6, 12, 24, 48], ""rsi_period"": 21, ""target_threshold"": 0.006, ""vol_windows"": [24, 72]}","{""colsample_bytree"": 0.7, ""gamma"": 0.0, ""learning_rate"": 0.07, ""max_depth"": 5, ""min_child_weight"": 5, ""n_estimators"": 250, ""subsample"": 0.7}",4,1653,0.7828191167574108,0.018680430038345516,15398712190342.219,2192.578913547333,0.05449159069448761,30.713757936213145
stage2,6118,48,0.52,74772,24,"{""atr_period"": 14, ""horizon_h"": 6, ""ma_windows"": [12, 24, 72], ""mtf_intervals"": [""1d""], ""ret_windows"": [1, 6, 12, 24, 48], ""rsi_period"": 21, ""target_threshold"": 0.006, ""vol_windows"": [24, 72]}","{""colsample_bytree"": 0.7, ""gamma"": 0.0, ""learning_rate"": 0.07, ""max_depth"": 5, ""min_child_weight"": 1, ""n_estimators"": 250, ""subsample"": 0.7}",4,3085,0.7085899513776337,0.014413273396500403,1.0287236561335738e+19,2192.578913547333,0.19197330947919733,43.96362712545606
stage2,6118,48,0.55,74772,24,"{""atr_period"": 14, ""horizon_h"": 6, ""ma_windows"": [12, 24, 72], ""mtf_intervals"": [""1d""], ""ret_windows"": [1, 6, 12, 24, 48], ""rsi_period"": 21, ""target_threshold"": 0.006, ""vol_windows"": [24, 72]}","{""colsample_bytree"": 0.7, ""gamma"": 0.0, ""learning_rate"": 0.07, ""max_depth"": 5, ""min_child_weight"": 1, ""n_estimators"": 250, ""subsample"": 0.7}",4,2700,0.7218518518518519,0.015136593321029011,2.973577430707951e+17,2192.578913547333,0.11267891743735681,40.47594710031355
stage2,6118,48,0.58,74772,24,"{""atr_period"": 14, ""horizon_h"": 6, ""ma_windows"": [12, 24, 72], ""mtf_intervals"": [""1d""], ""ret_windows"": [1, 6, 12, 24, 48], ""rsi_period"": 21, ""target_threshold"": 0.006, ""vol_windows"": [24, 72]}","{""colsample_bytree"": 0.7, ""gamma"": 0.0, ""learning_rate"": 0.07, ""max_depth"": 5, ""min_child_weight"": 1, ""n_estimators"": 250, ""subsample"": 0.7}",4,2346,0.7404092071611253,0.016089864672445726,1.3636251758250722e+16,2192.578913547333,0.08565449115048263,37.429727249313196
stage2,6118,48,0.6,74772,24,"{""atr_period"": 14, ""horizon_h"": 6, ""ma_windows"": [12, 24, 72], ""mtf_intervals"": [""1d""], ""ret_windows"": [1, 6, 12, 24, 48], ""rsi_period"": 21, ""target_threshold"": 0.006, ""vol_windows"": [24, 72]}","{""colsample_bytree"": 0.7, ""gamma"": 0.0, ""learning_rate"": 0.07, ""max_depth"": 5, ""min_child_weight"": 1, ""n_estimators"": 250, ""subsample"": 0.7}",4,2115,0.7541371158392435,0.016870095071900425,1763261573351680.5,2192.578913547333,0.08565449115048285,35.401384863314284
stage2,6118,48,0.62,74772,24,"{""atr_period"": 14, ""horizon_h"": 6, ""ma_windows"": [12, 24, 72], ""mtf_intervals"": [""1d""], ""ret_windows"": [1, 6, 12, 24, 48], ""rsi_period"": 21, ""target_threshold"": 0.006, ""vol_windows"": [24, 72]}","{""colsample_bytree"": 0.7, ""gamma"": 0.0, ""learning_rate"": 0.07, ""max_depth"": 5, ""min_child_weight"": 1, ""n_estimators"": 250, ""subsample"": 0.7}",4,1907,0.761929732564237,0.01747296012885677,171440347516893.1,2192.578913547333,0.08565449115048274,33.08175671564556
stage2,6118,48,0.65,74772,24,"{""atr_period"": 14, ""horizon_h"": 6, ""ma_windows"": [12, 24, 72], ""mtf_intervals"": [""1d""], ""ret_windows"": [1, 6, 12, 24, 48], ""rsi_period"": 21, ""target_threshold"": 0.006, ""vol_windows"": [24, 72]}","{""colsample_bytree"": 0.7, ""gamma"": 0.0, ""learning_rate"": 0.07, ""max_depth"": 5, ""min_child_weight"": 1, ""n_estimators"": 250, ""subsample"": 0.7}",4,1619,0.7813465101914763,0.01875119038166994,9215550443464.9,2192.578913547333,0.0393404991319064,30.20732992032691
stage2,6118,57,0.52,74772,24,"{""atr_period"": 14, ""horizon_h"": 6, ""ma_windows"": [12, 24, 72], ""mtf_intervals"": [""1d""], ""ret_windows"": [1, 6, 12, 24, 48], ""rsi_period"": 21, ""target_threshold"": 0.006, ""vol_windows"": [24, 72]}","{""colsample_bytree"": 0.7, ""gamma"": 0.2, ""learning_rate"": 0.07, ""max_depth"": 5, ""min_child_weight"": 1, ""n_estimators"": 250, ""subsample"": 1.0}",4,3094,0.7107304460245637,0.01453163233736712,1.6744340428287736e+19,2192.578913547333,0.131821826507468,44.48351849245445
stage2,6118,57,0.55,74772,24,"{""atr_period"": 14, ""horizon_h"": 6, ""ma_windows"": [12, 24, 72], ""mtf_intervals"": [""1d""], ""ret_windows"": [1, 6, 12, 24, 48], ""rsi_period"": 21, ""target_threshold"": 0.006, ""vol_windows"": [24, 72]}","{""colsample_bytree"": 0.7, ""gamma"": 0.2, ""learning_rate"": 0.07, ""max_depth"": 5, ""min_child_weight"": 1, ""n_estimators"": 250, ""subsample"": 1.0}",4,2687,0.7305545217714924,0.015393095184486979,4.811307711729117e+17,2192.578913547333,0.11744206402674351,40.96378284848561
stage2,6118,57,0.58,74772,24,"{""atr_period"": 14, ""horizon_h"": 6, ""ma_windows"": [12, 24, 72], ""mtf_intervals"": [""1d""], ""ret_windows"": [1, 6, 12, 24, 48], ""rsi_period"": 21, ""target_threshold"": 0.006, ""vol_windows"": [24, 72]}","{""colsample_bytree"": 0.7, ""gamma"": 0.2, ""learning_rate"": 0.07, ""max_depth"": 5, ""min_child_weight"": 1, ""n_estimators"": 250, ""subsample"": 1.0}",4,2328,0.7418384879725086,0.016240078356038162,1.4360868727514162e+16,2192.578913547333,0.11267891743735681,37.47033541155357
stage2,6118,57,0.6,74772,24,"{""atr_period"": 14, ""horizon_h"": 6, ""ma_windows"": [12, 24, 72], ""mtf_intervals"": [""1d""], ""ret_windows"": [1, 6, 12, 24, 48], ""rsi_period"": 21, ""target_threshold"": 0.006, ""vol_windows"": [24, 72]}","{""colsample_bytree"": 0.7, ""gamma"": 0.2, ""learning_rate"": 0.07, ""max_depth"": 5, ""min_child_weight"": 1, ""n_estimators"": 250, ""subsample"": 1.0}",4,2116,0.755671077504726,0.016925024775289114,2003651502308599.0,2192.578913547333,0.11267891743735681,35.517345263454565
stage2,6118,57,0.62,74772,24,"{""atr_period"": 14, ""horizon_h"": 6, ""ma_windows"": [12, 24, 72], ""mtf_intervals"": [""1d""], ""ret_windows"": [1, 6, 12, 24, 48], ""rsi_period"": 21, ""target_threshold"": 0.006, ""vol_windows"": [24, 72]}","{""colsample_bytree"": 0.7, ""gamma"": 0.2, ""learning_rate"": 0.07, ""max_depth"": 5, ""min_child_weight"": 1, ""n_estimators"": 250, ""subsample"": 1.0}",4,1901,0.7674907943187795,0.017568494305746498,184921611658232.1,2192.578913547333,0.08477639514312119,33.16310552277498
stage2,6118,57,0.65,74772,24,"{""atr_period"": 14, ""horizon_h"": 6, ""ma_windows"": [12, 24, 72], ""mtf_intervals"": [""1d""], ""ret_windows"": [1, 6, 12, 24, 48], ""rsi_period"": 21, ""target_threshold"": 0.006, ""vol_windows"": [24, 72]}","{""colsample_bytree"": 0.7, ""gamma"": 0.2, ""learning_rate"": 0.07, ""max_depth"": 5, ""min_child_weight"": 1, ""n_estimators"": 250, ""subsample"": 1.0}",4,1610,0.7919254658385093,0.018920174003980703,10152700706406.867,2192.578913547333,0.06507822986420708,30.301123515242985
stage2,6118,61,0.52,74772,24,"{""atr_period"": 14, ""horizon_h"": 6, ""ma_windows"": [12, 24, 72], ""mtf_intervals"": [""1d""], ""ret_windows"": [1, 6, 12, 24, 48], ""rsi_period"": 21, ""target_threshold"": 0.006, ""vol_windows"": [24, 72]}","{""colsample_bytree"": 1.0, ""gamma"": 0.2, ""learning_rate"": 0.07, ""max_depth"": 5, ""min_child_weight"": 1, ""n_estimators"": 250, ""subsample"": 1.0}",4,3138,0.7084130019120459,0.014414710192189407,2.20451677444515e+19,2192.578913547333,0.1174420640267434,44.762952152911105
stage2,6118,61,0.55,74772,24,"{""atr_period"": 14, ""horizon_h"": 6, ""ma_windows"": [12, 24, 72], ""mtf_intervals"": [""1d""], ""ret_windows"": [1, 6, 12, 24, 48], ""rsi_period"": 21, ""target_threshold"": 0.006, ""vol_windows"": [24, 72]}","{""colsample_bytree"": 1.0, ""gamma"": 0.2, ""learning_rate"": 0.07, ""max_depth"": 5, ""min_child_weight"": 1, ""n_estimators"": 250, ""subsample"": 1.0}",4,2752,0.7245639534883721,0.015170615830091326,7.058996831199628e+17,2192.578913547333,0.11744206402674351,41.3405445878279
stage2,6118,61,0.58,74772,24,"{""atr_period"": 14, ""horizon_h"": 6, ""ma_windows"": [12, 24, 72], ""mtf_intervals"": [""1d""], ""ret_windows"": [1, 6, 12, 24, 48], ""rsi_period"": 21, ""target_threshold"": 0.006, ""vol_windows"": [24, 72]}","{""colsample_bytree"": 1.0, ""gamma"": 0.2, ""learning_rate"": 0.07, ""max_depth"": 5, ""min_child_weight"": 1, ""n_estimators"": 250, ""subsample"": 1.0}",4,2386,0.742246437552389,0.016121429943126576,2.7616735748509976e+16,2192.578913547333,0.08896024124017521,38.13548682053365
stage2,6118,61,0.6,74772,24,"{""atr_period"": 14, ""horizon_h"": 6, ""ma_windows"": [12, 24, 72], ""mtf_intervals"": [""1d""], ""ret_windows"": [1, 6, 12, 24, 48], ""rsi_period"": 21, ""target_threshold"": 0.006, ""vol_windows"": [24, 72]}","{""colsample_bytree"": 1.0, ""gamma"": 0.2, ""learning_rate"": 0.07, ""max_depth"": 5, ""min_child_weight"": 1, ""n_estimators"": 250, ""subsample"": 1.0}",4,2160,0.7564814814814815,0.01678654443190667,3127044835508786.0,2192.578913547333,0.0889602412401751,35.97386223149032
stage2,6118,61,0.62,74772,24,"{""atr_period"": 14, ""horizon_h"": 6, ""ma_windows"": [12, 24, 72], ""mtf_intervals"": [""1d""], ""ret_windows"": [1, 6, 12, 24, 48], ""rsi_period"": 21, ""target_threshold"": 0.006, ""vol_windows"": [24, 72]}","{""colsample_bytree"": 1.0, ""gamma"": 0.2, ""learning_rate"": 0.07, ""max_depth"": 5, ""min_child_weight"": 1, ""n_estimators"": 250, ""subsample"": 1.0}",4,1945,0.770694087403599,0.017604971618862233,426700492596256.5,2192.578913547333,0.08404337885317825,34.002476814001305
stage2,6118,61,0.65,74772,24,"{""atr_period"": 14, ""horizon_h"": 6, ""ma_windows"": [12, 24, 72], ""mtf_intervals"": [""1d""], ""ret_windows"": [1, 6, 12, 24, 48], ""rsi_period"": 21, ""target_threshold"": 0.006, ""vol_windows"": [24, 72]}","{""colsample_bytree"": 1.0, ""gamma"": 0.2, ""learning_rate"": 0.07, ""max_depth"": 5, ""min_child_weight"": 1, ""n_estimators"": 250, ""subsample"": 1.0}",4,1692,0.7836879432624113,0.01844607418347098,21443794719035.516,2192.578913547333,0.08404337885317825,31.02895368761326
stage2,6118,38,0.52,74772,24,"{""atr_period"": 14, ""horizon_h"": 6, ""ma_windows"": [12, 24, 72], ""mtf_intervals"": [""1d""], ""ret_windows"": [1, 6, 12, 24, 48], ""rsi_period"": 21, ""target_threshold"": 0.006, ""vol_windows"": [24, 72]}","{""colsample_bytree"": 1.0, ""gamma"": 0.0, ""learning_rate"": 0.03, ""max_depth"": 5, ""min_child_weight"": 5, ""n_estimators"": 250, ""subsample"": 0.7}",4,2892,0.719225449515906,0.015102458389933139,4.691558411823169e+18,2192.578913547333,0.1174420640267434,43.22977547984656
stage2,6118,38,0.55,74772,24,"{""atr_period"": 14, ""horizon_h"": 6, ""ma_windows"": [12, 24, 72], ""mtf_intervals"": [""1d""], ""ret_windows"": [1, 6, 12, 24, 48], ""rsi_period"": 21, ""target_threshold"": 0.006, ""vol_windows"": [24, 72]}","{""colsample_bytree"": 1.0, ""gamma"": 0.0, ""learning_rate"": 0.03, ""max_depth"": 5, ""min_child_weight"": 5, ""n_estimators"": 250, ""subsample"": 0.7}",4,2486,0.7333065164923572,0.01597007628856214,9.253194694969853e+16,2192.578913547333,0.09056270507392494,39.33545482319633
stage2,6118,38,0.58,74772,24,"{""atr_period"": 14, ""horizon_h"": 6, ""ma_windows"": [12, 24, 72], ""mtf_intervals"": [""1d""], ""ret_windows"": [1, 6, 12, 24, 48], ""rsi_period"": 21, ""target_threshold"": 0.006, ""vol_windows"": [24, 72]}","{""colsample_bytree"": 1.0, ""gamma"": 0.0, ""learning_rate"": 0.03, ""max_depth"": 5, ""min_child_weight"": 5, ""n_estimators"": 250, ""subsample"": 0.7}",4,2110,0.7672985781990521,0.017389862047547413,4759899646914533.0,2192.578913547333,0.08565449115048285,36.409133493715174
stage2,6118,38,0.6,74772,24,"{""atr_period"": 14, ""horizon_h"": 6, ""ma_windows"": [12, 24, 72], ""mtf_intervals"": [""1d""], ""ret_windows"": [1, 6, 12, 24, 48], ""rsi_period"": 21, ""target_threshold"": 0.006, ""vol_windows"": [24, 72]}","{""colsample_bytree"": 1.0, ""gamma"": 0.0, ""learning_rate"": 0.03, ""max_depth"": 5, ""min_child_weight"": 5, ""n_estimators"": 250, ""subsample"": 0.7}",4,1890,0.7777777777777778,0.018144756969165312,444697511607875.2,2192.578913547333,0.08565449115048263,34.052968450165075
stage2,6118,38,0.62,74772,24,"{""atr_period"": 14, ""horizon_h"": 6, ""ma_windows"": [12, 24, 72], ""mtf_intervals"": [""1d""], ""ret_windows"": [1, 6, 12, 24, 48], ""rsi_period"": 21, ""target_threshold"": 0.006, ""vol_windows"": [24, 72]}","{""colsample_bytree"": 1.0, ""gamma"": 0.0, ""learning_rate"": 0.03, ""max_depth"": 5, ""min_child_weight"": 5, ""n_estimators"": 250, ""subsample"": 0.7}",4,1684,0.7880047505938242,0.01891050841928772,39806274473605.055,2192.578913547333,0.07092643614738747,31.661270315639715
stage2,6118,38,0.65,74772,24,"{""atr_period"": 14, ""horizon_h"": 6, ""ma_windows"": [12, 24, 72], ""mtf_intervals"": [""1d""], ""ret_windows"": [1, 6, 12, 24, 48], ""rsi_period"": 21, ""target_threshold"": 0.006, ""vol_windows"": [24, 72]}","{""colsample_bytree"": 1.0, ""gamma"": 0.0, ""learning_rate"": 0.03, ""max_depth"": 5, ""min_child_weight"": 5, ""n_estimators"": 250, ""subsample"": 0.7}",4,1407,0.8152096659559346,0.0202620526149249,1484464700934.7476,2192.578913547333,0.07092643614738747,28.404876288057455
stage2,6118,36,0.52,74772,24,"{""atr_period"": 14, ""horizon_h"": 6, ""ma_windows"": [12, 24, 72], ""mtf_intervals"": [""1d""], ""ret_windows"": [1, 6, 12, 24, 48], ""rsi_period"": 21, ""target_threshold"": 0.006, ""vol_windows"": [24, 72]}","{""colsample_bytree"": 1.0, ""gamma"": 0.0, ""learning_rate"": 0.03, ""max_depth"": 5, ""min_child_weight"": 1, ""n_estimators"": 250, ""subsample"": 0.7}",4,2907,0.717234262125903,0.01506197211327227,5.236144551433044e+18,2192.578913547333,0.11744206402674351,43.33767928337849
stage2,6118,36,0.55,74772,24,"{""atr_period"": 14, ""horizon_h"": 6, ""ma_windows"": [12, 24, 72], ""mtf_intervals"": [""1d""], ""ret_windows"": [1, 6, 12, 24, 48], ""rsi_period"": 21, ""target_threshold"": 0.006, ""vol_windows"": [24, 72]}","{""colsample_bytree"": 1.0, ""gamma"": 0.0, ""learning_rate"": 0.03, ""max_depth"": 5, ""min_child_weight"": 1, ""n_estimators"": 250, ""subsample"": 0.7}",4,2493,0.7380665864420377,0.016063913579847277,1.3002392516151965e+17,2192.578913547333,0.09056270507392483,39.680178093392485
stage2,6118,36,0.58,74772,24,"{""atr_period"": 14, ""horizon_h"": 6, ""ma_windows"": [12, 24, 72], ""mtf_intervals"": [""1d""], ""ret_windows"": [1, 6, 12, 24, 48], ""rsi_period"": 21, ""target_threshold"": 0.006, ""vol_windows"": [24, 72]}","{""colsample_bytree"": 1.0, ""gamma"": 0.0, ""learning_rate"": 0.03, ""max_depth"": 5, ""min_child_weight"": 1, ""n_estimators"": 250, ""subsample"": 0.7}",4,2112,0.7618371212121212,0.01725690366122342,3736611100850175.0,2192.578913547333,0.08565449115048274,36.16165315347664
stage2,6118,36,0.6,74772,24,"{""atr_period"": 14, ""horizon_h"": 6, ""ma_windows"": [12, 24, 72], ""mtf_intervals"": [""1d""], ""ret_windows"": [1, 6, 12, 24, 48], ""rsi_period"": 21, ""target_threshold"": 0.006, ""vol_windows"": [24, 72]}","{""colsample_bytree"": 1.0, ""gamma"": 0.0, ""learning_rate"": 0.03, ""max_depth"": 5, ""min_child_weight"": 1, ""n_estimators"": 250, ""subsample"": 0.7}",4,1922,0.7736732570239334,0.01788038266638454,479970675698227.1,2192.578913547333,0.08565449115048263,34.123900547043895
stage2,6118,36,0.62,74772,24,"{""atr_period"": 14, ""horizon_h"": 6, ""ma_windows"": [12, 24, 72], ""mtf_intervals"": [""1d""], ""ret_windows"": [1, 6, 12, 24, 48], ""rsi_period"": 21, ""target_threshold"": 0.006, ""vol_windows"": [24, 72]}","{""colsample_bytree"": 1.0, ""gamma"": 0.0, ""learning_rate"": 0.03, ""max_depth"": 5, ""min_child_weight"": 1, ""n_estimators"": 250, ""subsample"": 0.7}",4,1712,0.7850467289719626,0.01875382375105901,51499021024539.05,2192.578913547333,0.07092643614738758,31.915188669297656
stage2,6118,36,0.65,74772,24,"{""atr_period"": 14, ""horizon_h"": 6, ""ma_windows"": [12, 24, 72], ""mtf_intervals"": [""1d""], ""ret_windows"": [1, 6, 12, 24, 48], ""rsi_period"": 21, ""target_threshold"": 0.006, ""vol_windows"": [24, 72]}","{""colsample_bytree"": 1.0, ""gamma"": 0.0, ""learning_rate"": 0.03, ""max_depth"": 5, ""min_child_weight"": 1, ""n_estimators"": 250, ""subsample"": 0.7}",4,1432,0.8051675977653632,0.020115834872381323,1979714779482.208,2192.578913547333,0.07092643614738758,28.683571438609768
stage2,6118,32,0.52,74772,24,"{""atr_period"": 14, ""horizon_h"": 6, ""ma_windows"": [12, 24, 72], ""mtf_intervals"": [""1d""], ""ret_windows"": [1, 6, 12, 24, 48], ""rsi_period"": 21, ""target_threshold"": 0.006, ""vol_windows"": [24, 72]}","{""colsample_bytree"": 0.7, ""gamma"": 0.0, ""learning_rate"": 0.03, ""max_depth"": 5, ""min_child_weight"": 1, ""n_estimators"": 250, ""subsample"": 0.7}",4,2813,0.7223604692499112,0.01528815648120901,2.4234545176631926e+18,2192.578913547333,0.1174420640267434,42.57319827804485
stage2,6118,32,0.55,74772,24,"{""atr_period"": 14, ""horizon_h"": 6, ""ma_windows"": [12, 24, 72], ""mtf_intervals"": [""1d""], ""ret_windows"": [1, 6, 12, 24, 48], ""rsi_period"": 21, ""target_threshold"": 0.006, ""vol_windows"": [24, 72]}","{""colsample_bytree"": 0.7, ""gamma"": 0.0, ""learning_rate"": 0.03, ""max_depth"": 5, ""min_child_weight"": 1, ""n_estimators"": 250, ""subsample"": 0.7}",4,2393,0.7434183033848726,0.016369345414488666,5.4754449480111464e+16,2192.578913547333,0.09056270507392483,38.82204308283513
stage2,6118,32,0.58,74772,24,"{""atr_period"": 14, ""horizon_h"": 6, ""ma_windows"": [12, 24, 72], ""mtf_intervals"": [""1d""], ""ret_windows"": [1, 6, 12, 24, 48], ""rsi_period"": 21, ""target_threshold"": 0.006, ""vol_windows"": [24, 72]}","{""colsample_bytree"": 0.7, ""gamma"": 0.0, ""learning_rate"": 0.03, ""max_depth"": 5, ""min_child_weight"": 1, ""n_estimators"": 250, ""subsample"": 0.7}",4,2038,0.7723258096172718,0.01756974319766511,1974433903867028.5,2192.578913547333,0.08565449115048274,35.53464946892377
stage2,6118,32,0.6,74772,24,"{""atr_period"": 14, ""horizon_h"": 6, ""ma_windows"": [12, 24, 72], ""mtf_intervals"": [""1d""], ""ret_windows"": [1, 6, 12, 24, 48], ""rsi_period"": 21, ""target_threshold"": 0.006, ""vol_windows"": [24, 72]}","{""colsample_bytree"": 0.7, ""gamma"": 0.0, ""learning_rate"": 0.03, ""max_depth"": 5, ""min_child_weight"": 1, ""n_estimators"": 250, ""subsample"": 0.7}",4,1814,0.7783902976846747,0.01838773053180877,175188738663797.62,2192.578913547333,0.08565449115048274,33.12387185215884
stage2,6118,32,0.62,74772,24,"{""atr_period"": 14, ""horizon_h"": 6, ""ma_windows"": [12, 24, 72], ""mtf_intervals"": [""1d""], ""ret_windows"": [1, 6, 12, 24, 48], ""rsi_period"": 21, ""target_threshold"": 0.006, ""vol_windows"": [24, 72]}","{""colsample_bytree"": 0.7, ""gamma"": 0.0, ""learning_rate"": 0.03, ""max_depth"": 5, ""min_child_weight"": 1, ""n_estimators"": 250, ""subsample"": 0.7}",4,1599,0.7917448405253283,0.01918332656858424,12496997946988.281,2192.578913547333,0.07092643614738747,30.507908834047058
stage2,6118,32,0.65,74772,24,"{""atr_period"": 14, ""horizon_h"": 6, ""ma_windows"": [12, 24, 72], ""mtf_intervals"": [""1d""], ""ret_windows"": [1, 6, 12, 24, 48], ""rsi_period"": 21, ""target_threshold"": 0.006, ""vol_windows"": [24, 72]}","{""colsample_bytree"": 0.7, ""gamma"": 0.0, ""learning_rate"": 0.03, ""max_depth"": 5, ""min_child_weight"": 1, ""n_estimators"": 250, ""subsample"": 0.7}",4,1294,0.8129829984544049,0.02061993043113655,243769799803.33188,2192.578913547333,0.07092643614738747,26.599372797626703
stage2,6118,42,0.52,74772,24,"{""atr_period"": 14, ""horizon_h"": 6, ""ma_windows"": [12, 24, 72], ""mtf_intervals"": [""1d""], ""ret_windows"": [1, 6, 12, 24, 48], ""rsi_period"": 21, ""target_threshold"": 0.006, ""vol_windows"": [24, 72]}","{""colsample_bytree"": 0.7, ""gamma"": 0.0, ""learning_rate"": 0.03, ""max_depth"": 5, ""min_child_weight"": 5, ""n_estimators"": 250, ""subsample"": 1.0}",4,2803,0.720656439529076,0.015337723558786822,2.3828041583522703e+18,2192.578913547333,0.11744206402674351,42.55531559389759
stage2,6118,42,0.55,74772,24,"{""atr_period"": 14, ""horizon_h"": 6, ""ma_windows"": [12, 24, 72], ""mtf_intervals"": [""1d""], ""ret_windows"": [1, 6, 12, 24, 48], ""rsi_period"": 21, ""target_threshold"": 0.006, ""vol_windows"": [24, 72]}","{""colsample_bytree"": 0.7, ""gamma"": 0.0, ""learning_rate"": 0.03, ""max_depth"": 5, ""min_child_weight"": 5, ""n_estimators"": 250, ""subsample"": 1.0}",4,2417,0.7418287132809268,0.016296056985526827,6.785623324422102e+16,2192.578913547333,0.0905627050739245,39.03471771895016
stage2,6118,42,0.58,74772,24,"{""atr_period"": 14, ""horizon_h"": 6, ""ma_windows"": [12, 24, 72], ""mtf_intervals"": [""1d""], ""ret_windows"": [1, 6, 12, 24, 48], ""rsi_period"": 21, ""target_threshold"": 0.006, ""vol_windows"": [24, 72]}","{""colsample_bytree"": 0.7, ""gamma"": 0.0, ""learning_rate"": 0.03, ""max_depth"": 5, ""min_child_weight"": 5, ""n_estimators"": 250, ""subsample"": 1.0}",4,2032,0.764763779527559,0.017526088861903683,1634507825179947.2,2192.578913547333,0.08565449115048285,35.33931061853024
stage2,6118,42,0.6,74772,24,"{""atr_period"": 14, ""horizon_h"": 6, ""ma_windows"": [12, 24, 72], ""mtf_intervals"": [""1d""], ""ret_windows"": [1, 6, 12, 24, 48], ""rsi_period"": 21, ""target_threshold"": 0.006, ""vol_windows"": [24, 72]}","{""colsample_bytree"": 0.7, ""gamma"": 0.0, ""learning_rate"": 0.03, ""max_depth"": 5, ""min_child_weight"": 5, ""n_estimators"": 250, ""subsample"": 1.0}",4,1814,0.7772877618522602,0.018428719967797692,189094100267180.8,2192.578913547333,0.0650782298642072,33.209986746388196
stage2,6118,42,0.62,74772,24,"{""atr_period"": 14, ""horizon_h"": 6, ""ma_windows"": [12, 24, 72], ""mtf_intervals"": [""1d""], ""ret_windows"": [1, 6, 12, 24, 48], ""rsi_period"": 21, ""target_threshold"": 0.006, ""vol_windows"": [24, 72]}","{""colsample_bytree"": 0.7, ""gamma"": 0.0, ""learning_rate"": 0.03, ""max_depth"": 5, ""min_child_weight"": 5, ""n_estimators"": 250, ""subsample"": 1.0}",4,1628,0.7899262899262899,0.019087404614520933,18517333816058.312,2192.578913547333,0.0650782298642073,30.901829526292236
stage2,6118,42,0.65,74772,24,"{""atr_period"": 14, ""horizon_h"": 6, ""ma_windows"": [12, 24, 72], ""mtf_intervals"": [""1d""], ""ret_windows"": [1, 6, 12, 24, 48], ""rsi_period"": 21, ""target_threshold"": 0.006, ""vol_windows"": [24, 72]}","{""colsample_bytree"": 0.7, ""gamma"": 0.0, ""learning_rate"": 0.03, ""max_depth"": 5, ""min_child_weight"": 5, ""n_estimators"": 250, ""subsample"": 1.0}",4,1324,0.8119335347432024,0.020429439520788035,350204294088.9365,2192.578913547333,0.06507822986420708,26.962225747570532
stage2,6118,44,0.52,74772,24,"{""atr_period"": 14, ""horizon_h"": 6, ""ma_windows"": [12, 24, 72], ""mtf_intervals"": [""1d""], ""ret_windows"": [1, 6, 12, 24, 48], ""rsi_period"": 21, ""target_threshold"": 0.006, ""vol_windows"": [24, 72]}","{""colsample_bytree"": 1.0, ""gamma"": 0.0, ""learning_rate"": 0.03, ""max_depth"": 5, ""min_child_weight"": 1, ""n_estimators"": 250, ""subsample"": 1.0}",4,2860,0.713986013986014,0.014979026613978964,2.0559678245719498e+18,2192.578913547333,0.1174420640267434,42.3995783639233
stage2,6118,44,0.55,74772,24,"{""atr_period"": 14, ""horizon_h"": 6, ""ma_windows"": [12, 24, 72], ""mtf_intervals"": [""1d""], ""ret_windows"": [1, 6, 12, 24, 48], ""rsi_period"": 21, ""target_threshold"": 0.006, ""vol_windows"": [24, 72]}","{""colsample_bytree"": 1.0, ""gamma"": 0.0, ""learning_rate"": 0.03, ""max_depth"": 5, ""min_child_weight"": 1, ""n_estimators"": 250, ""subsample"": 1.0}",4,2460,0.7365853658536585,0.016148404127579372,9.505795454877376e+16,2192.578913547333,0.08404337885317814,39.36969698466646
stage2,6118,44,0.58,74772,24,"{""atr_period"": 14, ""horizon_h"": 6, ""ma_windows"": [12, 24, 72], ""mtf_intervals"": [""1d""], ""ret_windows"": [1, 6, 12, 24, 48], ""rsi_period"": 21, ""target_threshold"": 0.006, ""vol_windows"": [24, 72]}","{""colsample_bytree"": 1.0, ""gamma"": 0.0, ""learning_rate"": 0.03, ""max_depth"": 5, ""min_child_weight"": 1, ""n_estimators"": 250, ""subsample"": 1.0}",4,2099,0.7627441638875655,0.017273702389655417,3104284877281404.5,2192.578913547333,0.08404337885317825,35.977923031295745
stage2,6118,44,0.6,74772,24,"{""atr_period"": 14, ""horizon_h"": 6, ""ma_windows"": [12, 24, 72], ""mtf_intervals"": [""1d""], ""ret_windows"": [1, 6, 12, 24, 48], ""rsi_period"": 21, ""target_threshold"": 0.006, ""vol_windows"": [24, 72]}","{""colsample_bytree"": 1.0, ""gamma"": 0.0, ""learning_rate"": 0.03, ""max_depth"": 5, ""min_child_weight"": 1, ""n_estimators"": 250, ""subsample"": 1.0}",4,1878,0.7763578274760383,0.017949434936847985,251089917986918.6,2192.578913547333,0.08263081178940734,33.48019856548068
stage2,6118,44,0.62,74772,24,"{""atr_period"": 14, ""horizon_h"": 6, ""ma_windows"": [12, 24, 72], ""mtf_intervals"": [""1d""], ""ret_windows"": [1, 6, 12, 24, 48], ""rsi_period"": 21, ""target_threshold"": 0.006, ""vol_windows"": [24, 72]}","{""colsample_bytree"": 1.0, ""gamma"": 0.0, ""learning_rate"": 0.03, ""max_depth"": 5, ""min_child_weight"": 1, ""n_estimators"": 250, ""subsample"": 1.0}",4,1677,0.7859272510435301,0.018662957742856416,23258000310079.51,2192.578913547333,0.08263081178940712,31.11440034501454
stage2,6118,44,0.65,74772,24,"{""atr_period"": 14, ""horizon_h"": 6, ""ma_windows"": [12, 24, 72], ""mtf_intervals"": [""1d""], ""ret_windows"": [1, 6, 12, 24, 48], ""rsi_period"": 21, ""target_threshold"": 0.006, ""vol_windows"": [24, 72]}","{""colsample_bytree"": 1.0, ""gamma"": 0.0, ""learning_rate"": 0.03, ""max_depth"": 5, ""min_child_weight"": 1, ""n_estimators"": 250, ""subsample"": 1.0}",4,1403,0.8054169636493229,0.020053594255356706,1026000707752.9298,2192.578913547333,0.07092643614738758,28.025988659383177
stage2,6118,23,0.52,74772,24,"{""atr_period"": 14, ""horizon_h"": 6, ""ma_windows"": [12, 24, 72], ""mtf_intervals"": [""1d""], ""ret_windows"": [1, 6, 12, 24, 48], ""rsi_period"": 21, ""target_threshold"": 0.006, ""vol_windows"": [24, 72]}","{""colsample_bytree"": 1.0, ""gamma"": 0.2, ""learning_rate"": 0.07, ""max_depth"": 3, ""min_child_weight"": 5, ""n_estimators"": 250, ""subsample"": 0.7}",4,2689,0.7095574563034586,0.015140537875317994,2.5022810676195123e+17,2192.578913547333,0.09056270507392472,40.30463823932056
stage2,6118,23,0.55,74772,24,"{""atr_period"": 14, ""horizon_h"": 6, ""ma_windows"": [12, 24, 72], ""mtf_intervals"": [""1d""], ""ret_windows"": [1, 6, 12, 24, 48], ""rsi_period"": 21, ""target_threshold"": 0.006, ""vol_windows"": [24, 72]}","{""colsample_bytree"": 1.0, ""gamma"": 0.2, ""learning_rate"": 0.07, ""max_depth"": 3, ""min_child_weight"": 5, ""n_estimators"": 250, ""subsample"": 0.7}",4,2302,0.7298001737619462,0.01607317215363994,6391514056779605.0,2192.578913547333,0.09056270507392483,36.66089174052867
stage2,6118,23,0.58,74772,24,"{""atr_period"": 14, ""horizon_h"": 6, ""ma_windows"": [12, 24, 72], ""mtf_intervals"": [""1d""], ""ret_windows"": [1, 6, 12, 24, 48], ""rsi_period"": 21, ""target_threshold"": 0.006, ""vol_windows"": [24, 72]}","{""colsample_bytree"": 1.0, ""gamma"": 0.2, ""learning_rate"": 0.07, ""max_depth"": 3, ""min_child_weight"": 5, ""n_estimators"": 250, ""subsample"": 0.7}",4,1875,0.7456,0.01737064149673052,80873776292208.6,2192.578913547333,0.07092643614738758,32.32389265168162
stage2,6118,23,0.6,74772,24,"{""atr_period"": 14, ""horizon_h"": 6, ""ma_windows"": [12, 24, 72], ""mtf_intervals"": [""1d""], ""ret_windows"": [1, 6, 12, 24, 48], ""rsi_period"": 21, ""target_threshold"": 0.006, ""vol_windows"": [24, 72]}","{""colsample_bytree"": 1.0, ""gamma"": 0.2, ""learning_rate"": 0.07, ""max_depth"": 3, ""min_child_weight"": 5, ""n_estimators"": 250, ""subsample"": 0.7}",4,1663,0.7594708358388454,0.018232315468730602,8816049468233.443,2192.578913547333,0.0709264361473877,30.125566953858595
stage2,6118,23,0.62,74772,24,"{""atr_period"": 14, ""horizon_h"": 6, ""ma_windows"": [12, 24, 72], ""mtf_intervals"": [""1d""], ""ret_windows"": [1, 6, 12, 24, 48], ""rsi_period"": 21, ""target_threshold"": 0.006, ""vol_windows"": [24, 72]}","{""colsample_bytree"": 1.0, ""gamma"": 0.2, ""learning_rate"": 0.07, ""max_depth"": 3, ""min_child_weight"": 5, ""n_estimators"": 250, ""subsample"": 0.7}",4,1471,0.7729435757987764,0.018986589220658157,833905090744.5525,2192.578913547333,0.07092643614738747,27.784169789093546
stage2,6118,23,0.65,74772,24,"{""atr_period"": 14, ""horizon_h"": 6, ""ma_windows"": [12, 24, 72], ""mtf_intervals"": [""1d""], ""ret_windows"": [1, 6, 12, 24, 48], ""rsi_period"": 21, ""target_threshold"": 0.006, ""vol_windows"": [24, 72]}","{""colsample_bytree"": 1.0, ""gamma"": 0.2, ""learning_rate"": 0.07, ""max_depth"": 3, ""min_child_weight"": 5, ""n_estimators"": 250, ""subsample"": 0.7}",4,1201,0.7901748542880933,0.020358914094527805,27048943382.48789,2192.578913547333,0.07092643614738747,24.38046175794343
